327790729.7648767233
298063681.5139063597
479588954.8291809559
405167531.6757990718
331502857.1145624518
705418977.8592088223
179768142.4899045229
593685951.5521582365
67976510.2232874036
940394226.2544802427
872381889.3900673389
584584442.8312892914
93669061.1541833133
934259331.9096304178
196755983.1933037043
505502686.7372789979
645402803.5181024075
773831969.8916529417
365718435.7816241980
814578523.9279234409
207099390.7257356346
222442011.8392804563
454658483.5606060624
325163843.0966183543
574849025.1452020407
323628915.4366812110
886737451.4546277523
625801421.8108618259
129158804.6101694852
454321306.6407908797
394959067.7536723614
356540870.3933265805
653161527.1589059830
898065544.8688397408
314493128.6736118793
698767753.0419354439
710322272.0495867729
981228678.2017543316
886962591.8851674795
291604745.2832583189
586731809.9320387840
827904844.2180690765
975616741.1771436930
389888260.0461538434
75227436.8508699685
955894396.2038073540
949500293.9086127281
182447196.6139681935
340809111.3032778502
997328344.0440977812
781862882.9834995270
998001130.7524904013
464240669.8636363745
967661303.3999999762
522654722.3333333731
436097688.6908309460
246758224.0796194375
278437940.7993755341
540795719.9559018612
523941354.5983606577
787570865.7385891676
718081582.5331780910
626534261.3906807899
74431386.8862174302
625682841.7541899681
307708629.7811666727
885961062.4060430527
229321992.5973813534
494346027.0424529314
569776292.8481602669
16421857.5530631691
161864116.5769230723
655803441.6468367577
102004622.7156772614
228765639.7360921502
22750719.6464280859
15165324.3942161333
335441885.2079226971
866822523.0305942297
104471967.0047316402
965293036.1527469158
965147903.7599594593
38146686.7207034081
953833340.9350439310
138978072.1984534860
591952637.7241559029
372561796.4680392742
195554361.7939297259
58721756.2194594592
425955048.6023565531
659157564.1072901487
764718910.2493458986
814681822.5204777718
413335047.0038906932
647963912.3275039196
298398857.6416202784
241372078.1813043952
287434714.3659090996
860918736.2156863213
627550994.1181818247
483613135.9853813648
285380178.3107286692
691332166.6485460997
843950789.9944133759
748960614.6915351152
464381703.7865284681
756585887.4511547089
604391224.7399049997
636285781.9735060930
468706353.2183908224
449623062.0301513672
357791650.5611956716
999191731.6405370235
68418381.0018416196
626304855.7853318453
518447662.5961923599
952788608.3402401209
381065189.5231988430
412974011.2869470716
229108685.1885616779
583489445.2806979418
788935152.0772598982
584409929.6818438768
399108540.0636703968
546356819.1250000000
307223476.8015658855
857816225.1194298267
798921114.9263738394
553806715.5277451277
734386375.3505535126
706480799.8970905542
227889472.1937927604
815559905.0583719015
994770641.0610139370
43638289.6101694927
377634414.2291076183
742983292.3941799402
249209632.4865443707
405315717.5388180614
821438450.1137080193
20176169.9056852683
661056774.8421052694
421649459.1160552502
308182098.3896595240
639699379.7436463833
909486275.7326856852
142057964.6998813748
77583384.6032258123
743365272.1345459223
708454820.2777777910
156181665.2959802151
419498861.3488943577
576701497.0927089453
438849367.5079700947
826645288.3007054329
818712673.9243242741
773738113.5701783895
507789198.3333333731
549418434.3400636911
547503002.4950132370
263328943.2007275522
160269602.6848452091
684770531.1562167406
344820076.7449101806
344137163.9067519903
56307407.9643391743
59521975.1386930048
941199099.1169811487
851832482.2203389406
246829174.7990867496
403767714.7041195035
460525914.3667929173
541470029.3585699797
184967269.1874883175
605268566.3333333731
659346399.4575046301
793027859.6326531172
561816500.5149449110
986895073.9521151781
574844370.4565842152
491239581.2916666865
874036578.4980423450
740632687.9418746233
232310016.9054643214
320952141.1933701634
84766134.4914946258
907345902.3778038025
473919350.9606632590
393918674.8369163871
361435723.5502206683
619343993.9792797565
780055686.2730331421
791039569.4817295074
514548137.7281538844
153067166.8757542074
762096099.6029802561
116254028.1176470518
517549840.1168224216
236398706.4489795864
178473765.9070588648
724897818.0196686983
914832146.7562189102
178638784.4731673598
916863873.7491785288
40477153.1131539196
638406894.4720052481
699564795.4860557318
497433048.7408311367
386102166.1783086658
310092729.2913627028
268333179.0576766729
624280412.7264492512
620768187.6272370815
201664838.5140481889
477506806.5004724860
344499902.1302148104
1556899196.0000000000
474558709.8816297650
400401439.4047679305
286365332.2743362784
348272124.6615791321
337706573.8097015023
699204793.6462631226
933072010.0641710758
131467160.5124195963
656087463.8223180771
121332210.0481692255
233355331.1429585814
150581127.8131313026
61077465.0724971220
836060933.0227231979
746547229.8848922253
728020823.6021338701
230647926.3935273886
318313402.7569556832
135340995.8181818128
723116786.0527039766
550412052.2206741571
474381724.5807878971
519620049.0591259599
831356563.0466492176
350014826.8683205843
120996076.1622188687
437427114.8251445293
243016873.3860489130
395420433.0370872617
665733439.1282051802
544649343.2981842756
366357260.1984978914
551541555.1460541487
817010842.9049822092
672581424.4175288677
477515264.5432980657
544056209.7328660488
26908265.2464065701
936119645.1395642757
673020031.7881137133
618363917.0000000000
757934917.0539718866
222115990.8128715754
800655576.3951680660
693120548.4474853277
971525856.5806654692
733844927.4455868006
886356746.4234374762
970937595.3077816963
205834321.7768902779
19350254.3230191320
186429795.9433962405
777519056.1679389477
634090639.0677622557
606457752.2981804609
128288336.0190739483
163003659.5287751555
899232372.5987261534
109861577.9404738992
103031778.6389189214
72596268.0040760934
495573621.3618257046
93489037.6781600863
715873236.6329114437
931179274.6801909208
576657017.3496240377
374475909.0588235259
979385266.0179371834
547934069.3797725439
15339528.1025831793
617545361.4801309109
777005619.2946931124
166444804.2639455795
67545508.6850746274
632170167.4594550133
631856597.0526095629
950270998.5361841917
112979485.2991979122
583890158.5345745087
555586376.4427776337
838769312.2437366247
599575570.3332029581
452512095.7895355821
470108847.0602437854
679622161.5109094381
885670964.4084219933
587202521.7773654461
124038705.0795420557
701400945.2427184582
954752803.6300578117
746400264.4056603909
875816028.2103458643
183720528.6558237076
990110222.4724832773
50868890.4636117667
819242575.1620433331
79415506.2585927844
908496391.5974844694
215099845.0693069398
742488353.9222521782
728969355.9306962490
551648289.7037037611
377714880.6542553306
201005794.6666666567
120174219.4347391129
276663777.3806992769
774666613.8105394840
796144225.9968651533
87844677.9677693993
420014795.9793814421
448593266.0031847358
356130301.2359249592
799413546.2951096296
725038732.4303165674
577803864.2671781778
674819442.7276909351
859272654.0217176676
541200899.1528190374
110563668.1551288068
349620038.2530019283
567867580.9213051796
767737318.5447320938
297949698.3331347108
142667144.2362670898
527461700.4374878407
616085432.6153683662
146667507.9461903870
131174210.9916902781
670596246.2873673439
417176000.6589412689
348288189.0114285946
877542116.7709034681
575029945.0777188540
197519368.3331622481
828474456.4153324366
8782240.4715383351
445826435.2106631994
827682709.1838352680
156003868.8680166304
457043735.0969895124
633642490.7044166327
27022501.8718509749
89865923.3384831250
344009204.8465614915
974287532.6424881220
150896931.3485578895
597134654.9134577513
849741700.0610270500
192183542.4353369474
131746481.8832072169
321798105.6191601753
724948582.7253969908
323132545.1171777248
207337357.1478458047
724006267.1263080835
782618658.7009650469
318681299.4045106769
911387608.4683794975
836253774.6029458046
540919039.6268399954
114103135.4573772550
959774965.8975740671
450110814.4437885284
881856443.7079375982
755271728.5576556921
620560023.7839505672
477212061.7894802094
590360006.0687330961
384612014.0433970690
974307862.3510564566
132691905.9979657233
454998844.4215779901
434258184.7349593639
216877272.5699481964
310593347.1858264804
289424039.0925064683
751555035.9725490808
903641385.6930263042
364144823.7708628178
826374964.8298298120
825489817.0945205688
461035822.9635036588
41847252.5407878980
853935305.5062500238
622156463.4377400875
562935468.8531010151
203656922.2140491903
764842593.3120152950
374344069.8284279704
133456705.1065088809
687250421.1276097298
514482476.1997084022
164617137.3897940516
594490009.0332952738
944624025.9707127810
662235637.0032467842
899742099.0589680672
297896509.3230866790
936512690.5740315914
670272832.3283706903
653419231.2585924864
553499243.3160336018
910744423.2629625797
50197380.8109901175
233122045.1011642516
173178984.8259910047
786808834.2858206034
769794551.7176483870
487772490.8701685071
468713143.7055214643
308821471.7841483355
928801603.8059701920
336909416.2700848579
249300155.6658393741
846306893.2529643774
292735262.3653846383
146064690.0345074832
943971475.5085453987
886325576.5435355902
101540431.2727272660
763619024.7946428061
44193922.7913772911
214108823.8089937270
765012467.9581280947
615172481.3107454777
919271650.4188425541
998181548.3595353365
65501109.8665562049
376944963.5790140629
709886038.1653116941
825875319.6226973534
342915473.2337014675
138760276.2005325854
961380577.8893859386
112841421.4582149833
947485450.1892991066
725780655.4716981649
149924121.8925631046
673256849.8614318371
843805551.6410889626
182107862.9165566266
376585258.4870460033
662799564.7829940319
64422203.7341356650
384314376.6274008155
166739391.6756756902
314678719.2822235227
962910132.3309503794
485801028.3876319528
79616806.3129272908
808112688.7831813097
582781256.0544477701
183638137.0192766488
991703293.8639538288
2065002.4079178527
826238914.3459459543
823223334.1656211615
614503901.1993181705
544764596.8078988791
833068483.0413223505
401371078.5848633051
781166763.7970463037
269162542.7868421674
8671371.7871794868
978805432.2608654499
357065851.3703703880
212231337.2221029997
871896858.3000950813
14126456.6639489438
869357012.2605042458
6059681.5426288312
240260435.1560108066
89217562.3624649048
926394761.0202020407
929784068.5152384043
260536595.8856577575
97948667.2371705920
498388852.0798864961
457798503.1361111403
22986638.2171945684
685782719.7065217495
622148091.8665443659
670252066.1286036968
578490930.0376938581
32333314.4180480167
933285985.8568100929
149816368.1150102913
262568703.5404349864
825511615.8557504416
814719121.8746799231
91812126.3841366023
677811021.4305263758
455783000.9178082347
863457875.2178218365
949610565.0049891472
746483404.5559083223
366670689.7417206168
826603505.8200271130
570995128.7164546251
214049282.0478688180
756687530.8629149199
379260080.2036718130
181580720.4456446171
685208299.4746288061
737413839.2344335318
149887743.6412882507
127262811.7513955384
294497205.3872919679
867756273.5602006912
544985851.4690968990
873411473.2967410088
434807433.0898418427
504019230.0961110592
885344861.5500504971
743573241.2918826342
383720762.0373900533
261970537.0921940506
221644467.0750517845
523019798.9976957440
945734820.6843910217
581600962.0745377541
937504900.6750197411
625276904.7058823109
64143820.1240310073
220080595.7997570634
473790885.4954194427
637575432.4676617384
663690205.5832084417
498248040.7215686440
742255392.3392857313
815772695.2870700359
564872165.7153518200
903548876.6805509329
498717764.3219555616
371320926.6680614948
533535685.2718707919
730628219.3590373993
854256164.5964069366
833218295.1865407228
352114297.6882529855
10946032.2222222220
902041905.7076753378
333518701.0818751454
528565914.9030469656
235700683.6068013310
549256667.5792506933
544172463.0579591990
935795579.4121021032
150644994.9211998880
782968936.7523559332
353084117.4688456655
109949284.4209183604
953083106.3234391212
664885134.3286550045
848111305.5556527376
803237538.2386363745
320084271.7444444299
825355780.4404706955
220895058.0408917665
510632878.6760289669
271469801.6696113348
75569785.4722222239
89448841.4152542353
45185662.1422222257
692884546.2263677120
821448928.0053080320
363161776.1773272157
484882776.1707317233
126317214.9351408482
255330724.1463963985
736894431.8524590731
485784382.6059468985
42244114.4752097875
840924659.2675000429
282316693.5286448002
799137223.3844827414
233776293.0054294169
171047262.6088200510
231027286.8813772500
476625260.9182156324
654485519.3484848738
535860617.4726006389
933531080.2336448431
357074629.0276381969
250282009.0561122298
952733052.6560283899
104503234.6390130818
437990331.8816676736
663811196.3579440117
416285147.4515978098
570084703.4640544653
983386973.9841269255
601573260.2058962584
296055684.8135592937
431198375.8324406743
616744585.5601971149
448200282.4656075835
114896620.3675214797
757616575.5846434832
231438846.0684150457
877687467.3998248577
363940695.9463265538
639637081.0834442377
162851377.3403739035
731246959.5403919220
558944198.3545446396
603590843.7142857313
194093824.7048833668
476040104.7850474119
240527959.0503144562
185932452.0310132504
1008677138.0000000000
883600731.2687766552
267375769.8945264816
259326192.9623191059
995871544.1791362762
563104110.7447679043
588028267.4896419048
529269145.3093147874
994295321.2923763990
862487465.2046334743
344969647.5102979541
236044723.1420454681
570028403.7953609228
411935892.7405611277
620612252.1923077106
24207838.4767007232
799135985.1896655560
920121668.6866517067
61349754.9278959781
443118476.3162203431
915792028.5428571701
540377991.0568475723
536251511.0732145905
269418964.1647262573
569343755.7098234892
449827054.0104194283
963535584.3032472134
706615526.8009709120
356364542.8570999503
154517125.5008201599
564858126.6060177088
386293746.3835616708
739985183.5454883575
758802260.5146726370
93418174.2701264471
389980545.2322580814
298843302.4225181341
483094512.9436619878
74342610.3403735310
594970092.3730158806
772740472.9467829466
491528058.4253731370
790043984.9586545229
868441482.1484166384
374353366.1240497231
321358555.0346372724
319272110.3483524919
24484811.1649406329
101867733.8799999952
939216879.2128350735
554592659.8238993883
111423013.3740989119
836004625.3836394548
668714928.3343949318
626423343.4067705870
521397311.9482555389
400604899.5025694966
836817869.9676346779
445851216.2975095510
263805809.6916209161
201233450.6037388146
444363923.7858536243
771382930.8578917980
533912375.1428571343
513280450.9743456244
354632290.1681618094
1264223682.0000000000
375409128.1286083460
499729294.9356347919
408231992.9855821133
781873688.3146853447
59455825.4912280738
590138412.8927613497
556861542.7710400820
232546836.2252448201
868422906.7088607550
852557796.7621440887
568629376.8120456934
500248428.8030096889
101860556.2255327404
154048212.9024145007
919117541.9049049616
865101334.0707665682
825143962.6473463774
836952667.2313947678
491314810.5402017236
168567811.9579741359
557935988.4009060860
238660538.0404300094
592902274.7610619068
293360874.1524255872
539696645.6439393759
296058663.5308291912
997742827.8750000000
138406506.3500748575
773343797.9285880327
401810135.2169651389
96913486.6441277117
796615757.0277777910
83413197.4097744375
14355518.3879581541
381886879.8421819210
267601214.8695384860
299451138.2525106072
133828505.3930434734
296940979.1479793787
704859512.2247498035
240305873.2559839785
696941504.3464480639
189865381.1134036779
621019163.7889908552
744024396.7477282286
823347682.5468956232
983376098.7982831001
349890937.8055555820
556457696.1699758768
926767183.1884057522
992135677.0733007193
849353553.0571315289
981111378.1648021936
837876578.2734025717
982427284.0448851585
574156365.6144962311
836780513.4907301664
999627924.9112902880
112287529.8589481860
835750236.3011196852
597995445.6232202053
948227570.6629728079
390027597.1485299468
355162980.9922049046
616088321.9034740925
301652097.5056746602
786451088.9309864044
456036939.5642741323
833212865.2729439735
352335417.8159146905
125447504.2717140168
250907881.5507528484
106694389.8394558728
761398897.0570091009
294955364.8048577905
564900441.1333333254
34733789.7398289517
945671312.8924622536
93888414.2568878531
878110501.2990825176
574318343.6420092583
780179559.1150562763
454595069.1843687296
87538178.7366108000
740464514.2947400808
9860966.1103918348
888450958.7061316967
284660942.4193539023
562715772.3884783983
536699546.3869132996
933327819.0533105135
283919304.1031835675
133015821.8843744546
522443583.4803328514
618635637.1559251547
867342351.6226785183
642836262.0041174889
740473295.5742092133
2554272.3907225174
121934750.2985624522
353222024.6612948775
884019528.7669903040
49495143.2362067550
625668060.7131782770
319663646.8178079128
118470440.0505154580
4544948.7434210526
247427254.1821810007
727894841.2204449177
181730887.6422651708
5409527.3760111313
920777462.2955002785
246421256.6693595350
206440202.1584386230
828777714.8898004293
44370884.8032200113
920972186.7273269892
936784907.2394737005
456524272.0008609891
727083423.5196245909
200837936.7011943758
457925560.6670675874
854745202.1182266474
237041095.2963728607
258710187.1517109275
352883078.6699281931
656879153.3569821119
543391889.6201891899
996443669.2777777910
707811352.3385884762
543193179.7765567303
948557644.1198304892
317950809.1060147882
568692000.5127273798
847420517.4750180244
465248256.1694146991
421228941.7827476263
326887415.0945510864
431211960.8009322286
146521143.2634315491
459591185.0952746272
310218731.4479122758
258477500.8752033710
74131542.3225772381
828336975.5544147491
625562339.4435476065
897439319.2900164127
602085492.2017346621
512850683.7999465466
344966199.5212355256
269468864.5914905071
459091095.1703469753
139315052.8815427125
844208432.1780822277
205111850.3607507944
543359474.7951197624
696566266.8025751114
528315532.5220061541
817693063.8167157173
925008757.4594594240
323539110.4176470637
998367672.7205672264
839362080.0564152002
925074110.7831461430
642088878.0051927567
551117946.9942338467
595815508.0353178978
689818309.8333333731
622943313.4076433182
4043091.9015953420
799264422.3336927891
379038385.7807750702
144226570.4162436426
46280004.3702239767
495016813.8222891688
433934386.9175400138
259208862.9512270987
761225940.5590037107
214018450.4331550896
847687403.5285036564
978188542.6473159790
161180344.9962538183
982023678.3828593493
196878961.8661187589
622849971.9949109554
236743295.8638297915
658295308.7818123102
172711605.9262125790
31440333.2093333341
1624563.7736568886
9281540.7663962487
726407797.5261530876
703779262.5372999907
354754477.2182596326
631554035.4549432993
577205970.2336677313
528209766.1494576335
328145354.0886214375
769582951.3560624123
406060951.3460764885
818487416.0953732729
46177315.5600000024
264873425.0741450787
571637001.2895380259
568794705.7918792963
484435461.9440354109
877580128.7214127779
832050822.1133540869
788784624.7460317612
376650234.6265560389
132091144.8693379760
760750392.4860335588
495135168.0317716002
883183206.6487981081
139903116.2435910702
291830883.4117646813
470565542.6844884157
14021606.5618309379
117402281.7539381534
779363739.4342273474
915726893.6229802370
139140503.8827472329
751469386.3667691946
203131859.7315963805
216828591.0145193040
529159635.0833039880
819352668.1635071039
810209474.4311105013
194569906.0576460660
199961777.4933628440
178870478.6089577973
109174886.3493493199
140064552.8163716793
256043398.6918447316
319141340.0574910045
627561074.4344841242
937357010.9964921474
689936710.7266018391
264857145.1530570984
73860579.8754367083
219115765.6214039028
851514369.6356877089
772264718.3568598032
635185782.4321345091
231617260.2075471580
866898586.6363636255
392277511.3936126232
89659620.6869158894
395497238.9734004140
424172912.4469626546
187935264.7646383345
506259568.0665285587
939086274.2247775793
836402968.4279476404
247922564.1098544598
446567505.3159632683
636006429.5883827209
270350797.1954023242
780143036.1074577570
508570927.3460094333
179385413.4817205966
900789121.2620009184
673301501.1241551638
45243030.1565491632
200306537.0810711682
755826009.0337553024
547197060.4834550619
378328202.0149540305
312572481.1852830648
739662102.2909090519
192733070.8573254943
886946046.3742729425
120149377.0033910125
764056062.3813016415
536105185.3822509050
705857698.3935278654
739666800.2690763474
457786007.9918215871
94040721.6524822712
474125999.9447169900
607091068.2241127491
63089477.4208597466
755433973.4531250000
297760089.5241330862
390808967.2014706135
958267708.2031993866
533857652.4725105166
15348789.7553139478
166466574.7886152267
662500897.3147988319
462092992.7631211877
461941646.0064102411
667958987.7625008821
15471696.5139804389
86716884.4074197859
249320310.0553435683
894773226.0370748043
1308540.2308800325
227864631.9388714731
238373120.3193770945
934314486.3932951689
380439508.8368902206
985344884.6073013544
613117735.8415620327
410921511.3807189465
689417675.8113604784
85047508.5452695787
291771535.2275313735
373635344.3949509263
82171456.6484963000
436143953.4536023736
208933175.2993197143
216301477.0095567703
957246576.6157523394
223378692.0000000000
356707491.8498967290
186703763.3990093172
564873010.0566358566
65524830.2817786559
791169310.7999999523
937788122.1859706640
562624498.4658944607
520505210.5576972961
501921076.6062992215
460068820.2328091264
109715947.5500578433
927700903.8878293037
122438628.9583333284
492951657.5635652542
160347800.4276038110
847394455.7764706612
550818535.7271589041
385763112.1793003082
820282190.6019690037
139710321.5954198539
500349975.0581055284
772593299.1100702286
158646451.6839826703
8892019.1796932966
876166529.7448203564
70260790.4792013317
217182822.9899041355
848491626.5665775537
954837209.9241909981
266707476.0164065659
819177917.9973332882
439669133.8415232301
93570536.2812500000
221106752.6845511794
283538406.5851353407
909386528.5883164406
225788680.3501445055
959061338.5743534565
943165190.1102662086
913430562.2918729782
187124195.0295025408
413096696.6007291675
412502392.9168000221
476919610.5378347039
768006395.2846153975
424002146.9384920597
730003628.3855421543
735112810.7985180616
977158278.8313816786
287251298.6660345197
303733911.8073673844
608384725.1511290073
637567106.0086110830
188840594.3903974295
631225317.2049180269
320113958.4396712780
695518879.5764312744
292766689.8572430611
410521378.8068181872
81191429.2525593936
754299209.7485493422
965160470.4767318964
143883767.6520650685
791524474.6445497274
647519561.6850954294
753276064.8275083303
855578818.8332145214
37084702.1775636598
395033376.2416694164
154794552.9788900912
703017661.6206896305
389381212.9325842857
488044198.5681160092
367496001.3693769574
580788814.0718996525
826100428.2693395615
546087696.9100967646
22656170.5308500677
492638845.4897505641
508242768.3913043737
546996304.3530644178
332512849.0434782505
427201071.8227081895
395849179.5326567888
765452506.0891891718
481362320.2864077687
127034513.1151512712
400902035.9439179301
223236087.6059224010
51678959.7074688822
569263020.4991288185
476644135.3481308222
530295203.9010459781
377507495.6857216954
12701853.1622278932
396985009.4698992968
221426109.6199007928
741524626.4998937845
554480915.1361788511
136262215.1210562289
800188704.6293103695
523423715.7072430849
836377687.0122377872
197395355.9110993743
173483536.2808502018
73614361.1624841690
788737992.3674639463
695366486.4038461447
69571117.6507666111
35309369.5993920043
919210579.3923981190
451691250.2303075790
848372377.8534324169
956582511.0924422741
491896614.1279378533
487285893.2962143421
611140544.7837274075
270792509.1230329275
588181879.4633892775
14294792.7934918646
685511038.6525845528
523242795.6514285803
439603599.9652892351
735036975.5494740009
331795930.9952145815
437900684.6117777824
83002115.3499308378
190865150.3362445533
485329639.6661316156
565470635.9307188988
850163187.6310433149
726112535.5831547976
780160407.1484693289
458004694.1797353625
210549245.1342948377
889149373.2275643349
804442740.4618055820
339705115.8256537914
458620806.9288541675
723510691.8630021811
806023431.8270968199
408444240.2756169438
195109659.2423362434
581975331.8887053728
791327016.8581991196
794550199.8590909243
999651968.1560964584
813179697.6197183132
408462894.8997659087
378892612.0746561885
662179007.4041095972
447066998.0874861479
766806280.5659589767
831525201.2865899801
652277131.2205370665
908250724.6849315166
613918424.5292210579
382312192.1370328665
652034109.9931186438
836747549.8396396637
205694611.8070617914
302385927.4995746017
359100611.0544835329
765140321.9500000477
32598095.8982080668
498526422.5398351550
280342409.7146042585
147797863.1863613427
461646681.8638105392
438224633.4543413520
402360872.0055399537
406948598.9502927065
329293771.9946864247
878564724.8943469524
827219562.1332143545
951919170.7516243458
91678347.9284082204
163354213.2823609114
85305918.8407766968
825471631.4150899649
999796526.0630543232
594866755.1097372770
460573200.0556010604
581073147.1819047928
683482962.1173101664
640076479.7764501572
601004664.7514934540
576225936.8773584366
320164488.6197478771
902556930.9905110598
407494178.1735928059
211703265.4436931610
817135297.6344388723
999313010.1938555241
833310599.5163934231
735411349.9645283222
352509456.6303949356
980015684.1903703213
744142193.0015733242
595117795.1679539680
333463026.1324786544
178139546.5534847081
988390204.9084668159
680279474.8985507488
523045788.6978037357
119454045.7422890961
296607475.1663560271
788392303.9637379646
467084943.4871297479
812090514.8536849022
526291726.2997583747
48903399.3026939481
775650142.7638484240
942022065.6395038366
496610720.3268690109
57021208.4140786752
741124101.5521016121
519121694.0978929400
934080912.5592126846
961165308.8537415266
435574142.2984496355
267382990.0726339519
983465072.6186635494
589226325.8216173649
557993217.5443646908
591057701.9523808956
533774383.7814511657
456816621.1483443975
922149029.9491525888
577738280.8308457136
506684775.5422343612
596272056.1480886936
707970725.1974437237
653718031.0132353306
493180630.0598194003
727338734.6268047094
751361281.9918318987
996889738.4206988811
477899181.5903379321
831665680.3400772810
555092532.0681818724
2028363.7822430704
364627634.6631717682
709090516.6486264467
107038508.4876140803
683640058.6091204882
296064725.4524765611
987561659.1957173347
704485990.5214723349
59684583.4666666687
546827032.5945669413
842949320.2482599020
384336798.1031780243
3865512.7783842795
435166123.1745181680
896639984.0593407154
443488350.8533769846
198004348.2695803940
935589181.3875037432
393490584.8202126026
767776305.4403990507
731429198.6319018602
344170723.9004884362
7214610.1062690951
878138013.1396812201
751202007.9415204525
116354959.7276381999
368847594.8043981194
163968249.4246878326
983255906.9750623703
819148234.2570950985
663730088.8986253738
171307689.9062500000
658181367.6571992636
210845892.8691050708
764683266.7976906300
615424565.2102136612
118169684.9895573854
203681533.9765833020
362279497.2475472689
972397746.9056296349
696672054.6315789223
214477896.8169642985
352921748.2382954359
910733994.6164690256
61869350.0262797773
807321989.8595825434
191652044.1505079865
182461464.9444444478
761584822.9540641308
727287282.1602867842
961462972.5049287081
269522451.4641796350
457622412.1155080199
999863653.9962732792
436594818.7038036585
718548812.1491599083
902307081.3521863222
187881083.9702688754
679438556.3593220711
317965756.2786024213
7494695.5231788084
562722731.6847949028
767110155.3922101259
792175391.7545725107
564438803.6153559685
677533864.4665813446
696499467.2064653635
456087719.2023668885
717406786.0248579979
460132200.7435126901
87707930.8097855598
227510634.0246061981
489430528.7632184029
808837142.7038924694
299936835.7260331511
709879950.4712643623
403775295.7960954309
2968150.6656208383
305671213.1898496151
5589259.9464285718
629696300.4974671602
246545216.8836206794
846813998.4456111193
978650640.5202846527
821708042.7382689714
335393220.5044823289
785364969.3609204292
947104034.8582940102
962394636.0993638039
150875358.2818826735
763645061.5293622017
777067979.2004855871
525008645.2631579041
820780134.9258241653
702203646.2711067200
893842523.8559999466
954698656.4186046124
397466623.4539384842
495411828.8213552237
705622784.0804226398
544241085.7490142584
111326874.4245502651
786914581.0461812019
975727380.7911461592
220522718.8575418890
685780754.6952565908
1055558.2274741363
40562875.6296032965
781037807.4866231680
100849834.9139927179
314441151.6574102044
164093635.9564731717
418796393.9469696879
540162941.4783655405
756832843.1389621496
947138908.7441860437
791104160.7760617733
130030528.5467923135
117689775.1241890788
251173612.4232196510
622889723.9163635969
722663501.4611271620
326148913.7226190567
922425580.0797499418
676586738.7906712294
241731356.6096096039
308507626.3667820096
608613332.0007549524
276679319.9982298613
627533907.2213338614
122736450.7123595476
158421710.0073684752
170531745.4236911535
695004393.9827855825
52287644.8439340144
739447251.2736594677
37884984.6987362653
583686666.3525104523
813421438.0712848902
726718043.9187817574
250263705.6313416064
784525005.9120991230
540643930.1786406040
916603013.8833705187
506865881.2513032556
738443610.7669929266
598955533.1113801003
995761911.1031868458
515426915.5182513595
275242500.3626860380
946953925.1480996609
666694133.2704000473
485376942.5894843340
437827826.1681131721
983151228.9884725809
994094898.6259281635
422803813.1294690371
494400693.3148311973
591726911.6934834719
955685060.0091296434
802696093.9536424875
131861484.1346153915
887781937.3639097214
343077771.1265897751
308348358.0555632710
733802554.5902681351
963903950.6316488981
900615897.7065637112
530106345.8970161080
761813086.0810199976
787568538.6830177307
880426272.5456899405
954431658.3097938299
727056884.3543901443
331625671.4020188451
435881343.0080831647
45528219.4230769277
796363496.7037359476
628022766.2991554737
743534489.1705061197
735586587.3975048065
181902801.1472164392
266173181.9883366227
988173336.3188406229
724173959.8131991625
772048929.2962962389
794337992.4203796387
460085752.7225584984
478344785.9349112511
263321999.0255102217
738489906.0105383396
988499658.0609430075
512755871.6459816694
443825443.1901743412
679165844.7441514730
840838696.6744900942
31099267.8881987594
245708708.0394904315
91369146.5367413759
191125367.7955878079
998435703.2620451450
872645179.9937251806
54184991.8323709294
820943229.2625929117
308347498.5385001898
349699356.4794189334
27270586.7676081918
555242770.7359050512
209921688.1140354872
193170577.3535528481
414120182.4794247150
537769020.7140939236
622199674.3051581383
926349019.8973765373
203021574.2095400393
6419708.7696127081
315740201.5925057530
119377251.9858406037
196565406.3818506002
16799169.5568181798
928014054.2044408321
329409334.6471415758
264929572.7222222090
491273786.7421602607
45568775.7641996592
522429216.9711533189
25599801.7157534249
376950946.3000000119
814244622.0299379826
905660130.6880582571
119931400.9048780501
435999496.6989409924
628093041.8593406677
372863640.6355003715
68523510.2641107589
859913348.6212300062
699352251.9640225172
619629041.8439220190
204544112.6334468424
214388849.9408956766
685659187.5397739410
640146830.0817848444
833268923.3073735237
781971775.7423076630
156905078.2074856758
512738648.9211842418
22338811.8404637165
445307291.0971746445
256739067.9379692078
771583870.7695852518
134937660.6108312309
925700233.4271322489
75465097.0105059892
932941344.4289940596
91372104.7832699567
763461046.5782073736
124722742.1532781571
153917081.0411778688
802765163.8016760349
745835034.6956335306
127194815.3816645890
693776150.1543086767
223665607.0365151763
168472479.3029350042
169723438.9812291563
490281813.1226913929
725456216.9356642962
460592210.0989625454
563350845.0721607208
957245891.5721960068
105725691.0115355104
428190246.5910496116
601241693.7992895842
862505303.2071875334
340345832.5493460298
197520984.1909400821
203399278.5625550449
349448284.9683734775
783664441.1180731058
977581857.5962785482
933648133.8289991617
718072388.5419962406
516364906.3103448153
846132074.0549827814
553869685.7257683277
254331562.5152899325
558807918.9476258755
25058389.8359491751
509891767.7711188197
533842343.4551457167
761522012.3798090219
510372367.5902255774
210597136.6117804646
906154506.3916467428
286726796.1662247181
865267617.0327349901
366539372.3447356224
920020497.4349703789
187609865.1955756247
876166874.9986137152
646778464.3472958803
329667771.8387096524
178491375.1654846370
272293866.1835669875
171752350.2247445881
881812526.8689326048
324398665.2503817081
909826582.6315789223
172586152.1945205331
915939236.0951229334
294061549.2476875782
744360897.2478367090
496188374.8748193979
600472031.5740911961
719716177.6822960377
611016899.9241945744
526903602.5433333516
872711458.6082803011
848132059.6229352951
459843281.4770115018
999878005.0000000000
91507467.2906777412
622826559.3172391653
2962689.5590173658
622613119.7360169888
677481510.2630475760
719408682.1188524961
92316370.2101476192
642728125.4041020870
55155793.8134224117
862266149.1921001673
615282882.0741094351
218629431.5282006860
901555323.7437186241
639719408.1188404560
677024450.7877984047
277768206.8923531175
222654145.3180212080
273358606.5805288553
755820032.9525316954
982485934.5815678835
700240152.8782825470
546541316.2864671946
276400107.8974041939
626469685.4050420523
813950199.5778820515
916973283.5607287884
901281108.6570032835
63196801.4113636464
298044589.0974310040
934590636.3544973135
764664880.8225806952
137170780.1208564937
4737377.3611772479
501897861.0586379170
518310059.5644553304
705860886.7624825239
786370937.1074008942
418711252.1798561215
242555390.7031863630
191337762.3328050673
649831030.8275532722
234777912.0694006383
423101724.9206349254
838477462.6000000238
964895416.3981028795
872591089.7318047285
634574327.8144444227
400589192.7792174816
886541718.6282051802
534579324.0280693173
608944568.9364548922
811290172.8037366867
662220362.8298166990
545204165.8426966667
587052591.0252232552
850123685.1556527615
924707503.4371175766
71774523.3651637584
685854221.7883000374
14747370.6605899427
409039444.8851674795
813120647.5981734991
305233195.3433834314
756840642.0034817457
52169678.9282620847
78155355.8170917779
629153700.2756145000
447933251.1846522689
840015601.0422550440
435348771.8483110070
756433547.4083350897
474093421.9549986124
483271839.0116609335
309525387.5897436142
397904241.0938121676
392362078.7799466252
908419715.4151557684
292297265.3340095282
360225687.2917781472
276943716.4393212199
328423732.8135307431
699668592.7771737576
908180892.3450095654
714038582.9426112175
880919736.7857142687
332145782.2108825445
305752197.2911051512
743026827.1017506123
685249018.8963335752
345208480.8507462740
311820334.2180158496
620019636.1471138000
860500036.8286781311
850776070.1527377367
641561937.9052758217
225481294.1258697212
215089870.7530487776
869139024.2407407761
152348928.5702614486
657105023.1387569904
959677261.9675325155
461679426.8952646852
430214551.5312500000
423021113.2779427171
917109460.1371552944
695252249.4571553469
486533433.6892307401
560171681.1425856352
843002828.2622150183
708496813.8511450291
467558516.2333779335
645490590.2755931616
585397128.1332644224
148566513.6668195724
718545477.8555423021
256276278.0574550331
204724497.4448529482
558515437.9620237350
109254113.9113924056
948422511.1166666746
425830616.2099233270
961525606.6766784191
575555382.9206857681
129681310.8973717093
549245083.0000000000
912349158.4075425863
669477693.1680960655
866722735.5736842155
173310288.3318583965
989900038.4231405258
445499461.1024033427
308161242.9973112941
630389125.5259579420
817175912.8028513193
241486995.1315643489
364069962.1935483813
863220977.4402420521
216904972.5827338099
324127692.2695835233
421889858.0916633010
454262053.5526315570
281651519.5440320969
86141013.2199999988
140578788.2323043048
463365769.6153846383
430895306.0815709829
903000636.3068464994
219546337.4606377780
855260469.6160000563
357756217.8953281045
346597237.2508710623
820642675.8282555342
759943326.6933989525
590298122.7610158920
164500717.0571494997
204570895.2578493953
661945277.6595792770
297984366.5893181562
56553612.0074671581
259584417.5491611063
920683862.2169857025
919783611.7271407843
261923816.1563855112
375397712.5032497644
830539572.3120372295
465520750.1224849224
573234470.7515486479
642278014.6654040813
217096600.0523678660
603943160.9340550900
185439701.3939562142
643815783.5072993040
429107883.2313432693
765972661.5445723534
562229942.2173318863
218394819.6521739066
706263307.8392537832
364905713.8933120966
710311490.6337472200
599343696.7290309668
683362592.0865134001
977756375.4610598087
178572383.9662921429
526177375.9723076820
783383372.1805225611
749364943.4146341085
846341729.8972940445
487847972.0851063728
540458355.5513954163
736497783.2742682695
582267964.0655055046
259748215.0331383944
200248087.0627195537
471395989.4335793257
412980415.0063965917
268862877.7672406435
934899734.9013403654
416472677.8249999881
548388467.5053191185
320510757.5400697589
540640961.7672090530
582925167.8886274099
608277899.5951827765
790241230.9945945740
943895178.3157894611
340103549.4508868456
569732446.7837483883
859842039.6741485596
75017928.2393939346
577419443.8333333731
939429054.6469602585
389454583.9645677209
506047610.5976849794
156743602.4832484126
569985310.0273431540
679742827.9446122646
786303290.0404950380
21621655.0109477378
837604086.6047261953
408128053.1702329516
604523466.7881211042
248381820.6374689937
57111657.5354200974
270530101.8767530918
908868295.9874199629
560892506.1022086143
109277373.9267548323
612444541.5614714622
619829214.2514960766
817217495.1135230064
937299832.1547017097
714163339.1334124804
522383616.9941691160
770419900.9409871101
176232174.5747422576
613771647.5415748358
326063942.7321248651
576680137.5620281696
702412969.0242024660
984461341.9461845160
996123240.3032988310
780462638.0057669878
594195852.7369730473
604122752.6517089605
285178209.6150370836
164754241.2803589404
776407104.7895758152
229814107.1356982887
443069933.4442675114
596441237.6487824917
98620958.5423802137
409351924.0201306343
426113923.7743074894
96220430.3247790486
473781679.0472831726
140990910.6815742254
883231831.4636871815
592729363.6217616796
127657908.9709821492
358967980.3152543902
338046513.6618045568
846150294.1000000238
857004429.4819580317
40991224.1004996598
628718162.5054091215
1952796.7776397516
498865708.7358096242
40158960.1274811178
34048701.0211444199
631315867.0352941751
996971100.3111953735
709383408.0940488577
949837937.9433535337
724806096.9209302664
703981637.6700879335
927620726.0026577711
829365981.6511627436
639423755.8944444656
317177877.2410982847
473441988.9161290526
547237020.0977953672
533313525.9662921429
259904207.1459339559
683266290.2755417824
257416797.6902357042
383126002.7469700575
186553786.7256137729
466609350.4692573547
664139101.0915471315
29011041.5293292105
424669168.7112502456
855732163.0366300344
539515803.0156776905
737204842.9989542961
881101023.8787336349
466275215.7627437711
19474373.7681300379
328795013.6421049237
356489611.5005604625
958278825.1884214878
471558949.2780990601
18705188.3313581683
929002282.3140916824
79365148.2866411358
50462961.3579816446
914610618.4351713657
15527496.3237936459
801870989.3963289261
621621563.4034267664
376361755.1615384817
914305484.9818465710
200483540.7046893239
671896618.2255389690
4068667.4082840234
32209712.4720228277
393524617.9365409017
405404804.2352941036
199997192.1407020390
920170862.5860655308
510462902.8974359035
70486308.3144571185
159526344.0091556311
535243130.5212738514
818127307.1765892506
975272123.7645518780
791863999.4168285131
231021412.8544117510
290731866.5837642550
137082614.5102040768
216301156.2278106511
154632336.0442979634
715854383.8583287001
316678743.3138598204
134497303.4132019281
147021190.2643677294
478643308.0664062500
51274383.4404136315
288836629.2824898362
421457467.5725190639
412453666.6878360510
325720802.1179183125
992924692.0452542305
932214856.3510929346
456834569.7968540788
966079302.4560618401
31479325.6190125942
132978843.3259972483
463577915.0788170099
989808221.0527042150
962407045.2659465075
571654082.4975498915
127565552.5516574383
371970188.1296533942
696829878.1466083527
87550445.8630705327
283233280.3810620308
17137005.2225563899
263872285.9076313078
974353599.0000000000
384185332.7890466452
666917317.7354760170
1779180.7017642229
860142703.8800688982
676171736.7539776564
752386061.4667863846
92709038.1049699634
935443848.8463507891
111173136.6308724880
753941540.7419028282
836752772.4798890352
677123534.2343478203
638279432.4224990606
789605331.9440789223
410855380.6320754886
598776117.5357142687
371895289.7048426270
20753710.5423340946
642962547.3779159784
686583470.5126903057
188884764.7526665032
344896542.3339527845
106326181.8169658035
376736717.1513158083
475973815.2675730586
766220057.4963312149
299275818.5441511869
103839280.0858248770
881265173.0928269625
638299897.9478799105
51629820.1156696975
433795924.3243002892
128582865.7463462204
231750294.5128483474
335746054.9829984307
146862615.5027171373
946414493.7809213400
159032151.4930332303
820982649.3913078308
380376542.0121622682
581837560.1548498869
965068423.8878204823
235503805.8151658773
314222285.2030612230
682541708.2020723820
122917182.4415999949
370732316.4691197872
860068872.0891364813
732575224.7121528387
296172780.8196318746
811433482.4462633133
780438773.4578137398
961076167.0506447554
96404494.7401715219
347618304.3103448153
184645922.0723615289
200502352.4878048897
94712224.0141150057
861073616.5064266920
2727450.5655883467
264062074.0558535755
363630856.3111320734
907817647.6836119890
642615093.5732371807
803629272.5581927299
425596275.2712453604
584254171.7965116501
733063799.5724465847
543540563.0872886181
644603488.5364544392
528207415.3184713125
938268649.0064477921
358394847.9783503413
760246142.7745896578
683761259.8829163313
62940937.8364306688
598331769.8399424553
690990425.2145957947
364002963.0968964696
674767513.3320933580
562805159.5967659950
810729345.8881843090
483455747.4670329690
555130602.7643557787
26124016.0598435253
445147446.5604178309
863517588.4226803780
627107302.6994773149
403201916.5945518017
914324850.0291261673
625715269.9116235971
628551836.2860577106
373811204.6664659977
47702418.2803809270
38641811.5362268761
925653115.7992831469
570660769.3249727488
911662479.2186692953
238484730.0814219415
780544431.5692307949
7066995.7137818346
299615291.8762886524
512095909.6531365514
241297067.4142512083
870598885.9663420916
635375063.1607396603
341177892.0743983984
528469096.3141224384
164231190.5181844831
969560411.7658168077
884875611.7334649563
868705836.2047058344
247944752.6561499238
929675158.1445010900
590621776.6129032373
595824226.4469835758
642142263.9334319830
51313491.1632183939
183658432.3149847090
990931403.4297151566
375805905.6433746219
120247248.3575221300
112547974.8984375000
961456381.6041963100
669091757.4682490826
289829622.0839070082
726545550.0113421679
45785664.4108958095
494988256.5423728824
682515192.8994492292
1898470.4062470107
602264290.7721265554
556784106.6516245604
549160806.7981013060
588412211.6729995012
957332249.9197080135
732112232.4265879393
56872546.3445080742
477359092.9068049788
272199670.1669191718
418333239.0775445700
885387191.0646842718
508690753.3370967507
653661101.9515037537
705463317.3423076868
23863552.8154091686
256615147.6169672906
117590043.0266135931
170753634.5087719262
478976298.3971261382
71642326.4770945907
228585105.5311878324
498979975.3371734023
207474895.4729649425
811571254.8032023907
339728592.4178186655
928993577.2927676439
392439738.5904762149
566625379.8386094570
563479612.0921955109
806674784.7812125683
935220610.8204199076
170785866.7850707769
824161190.8787150383
751036592.6303784847
900756417.3636363745
935515484.6557906866
189259289.2416090369
970267574.0746527910
867489096.0616520643
460349690.8620923162
240846642.8013764024
493269260.8550503850
653527118.0142291784
522466691.2355933785
915448711.2073761225
801902645.5025777817
296576231.0673952699
43576184.5437378585
521531157.5463793278
925999029.4182133675
316830464.3024922013
57860581.1437126845
432775706.2646234632
418994705.1499195099
495830274.5112605691
171893226.0737864077
563355776.8519753218
630315103.1967213154
430983550.9662510157
76911100.6365422457
979393009.4807369709
70837060.0810810775
122123493.1412708759
112691358.4236252606
209023871.7279343903
580678285.5754081011
372462663.8254103661
4330863.5617379090
419228567.8737863898
92674452.3099851012
105377344.2570521832
784260836.0108873844
37550142.6081195995
753962831.3873239756
859533189.1493749619
850819023.5264817476
453477066.4048582911
349775524.9035533071
199064752.1024402082
32284370.2857835777
709009295.0722495317
649655691.1134260893
911772827.0897755623
809846704.8642534018
67288089.7078891248
747236599.2148275375
134424025.2297553122
601999916.1489361525
463039090.3338788748
800602117.2430340052
451489447.8169164658
4452733.4395469753
948281342.0219898224
439695573.5577930212
720650919.8906253576
79730936.7767441869
944318228.9591848850
384649412.8181818128
502771499.5845317841
535474943.9416228533
318599389.3267326951
867019310.7992978096
710206343.6103379726
143350513.1197212040
396261316.7066653371
566034065.1627842188
58699052.9815147147
457168183.7797658443
280368127.1666666865
993195463.1909650564
68815039.8994643092
739165864.5889999866
461034912.3784546852
80528371.3111344576
845567244.8965517282
411709985.6024658680
282049220.0637900829
502433260.6032188535
128994591.5805169046
61859485.9552042186
33850998.9575018883
604031928.0581005812
227782178.1228249669
224936918.8040609062
962106332.4705882072
959170175.4285475016
569297191.5685408115
355069453.3054470420
693855415.0742056370
844893550.1081081629
687847375.4332294464
74455713.0974211991
133493264.0825309455
105787133.1137216985
434815371.7431373596
210685141.8440473676
854615219.3923633099
914206241.1791907549
831069073.9808664322
984452682.0079113245
339404063.2822533250
135431305.5945945978
491282884.5997051597
754670036.7243431807
864362549.9783393145
162345399.4416174293
752568550.1705728769
808125835.3685806990
831464558.1453312635
709897400.0119178295
563377290.5833358765
329379965.5299401283
374678918.9652777910
793319362.8250001669
177657898.9413435161
603837086.5954692364
114233703.9232595265
647593995.7984321117
204511905.0275535285
42353171.9901268631
722651017.3233355284
700252648.7755932808
716602932.2703723907
334381655.9664214849
63627908.4191758260
840556937.1506911516
128146448.9374514669
12671294.8210526314
716344735.3719007969
972450465.0499032736
472930175.9660251141
114287647.9012016058
904628858.2115384340
421924111.5000000000
630451315.3733826876
189862356.4312234223
228041145.7741108239
930304377.6917293072
223380976.3535825610
30644048.5420380235
379044292.1390532255
508671659.5904908180
132513058.0288718343
352961053.6593959332
477002248.3486766219
372316493.5927960277
155090645.7243711352
29968011.6458454877
731836317.4336323738
254710094.0181818306
662211858.2998322248
717637905.5137941837
928633204.2896580696
846323919.9077490568
726119385.2686567307
947593663.3588390350
932755218.6456835270
295366131.1976218224
936006307.8925139904
793589803.3091645241
589640594.8075089455
218218249.7631160617
199531309.1690672934
388429597.6019656062
75486341.9654314518
901662346.0920175314
386663677.0190476179
295132473.2769607902
430348170.0701659322
151090108.0710639358
232041904.3901728392
175098508.6105834544
805342358.4840546846
74140772.5000000000
346632159.1984857917
650843464.2963724136
641397181.1987293959
899735663.1900452375
307196844.9858002067
424673632.2821167111
752800440.0890564919
532895953.7959598303
201432672.7559212744
502560494.5555555820
359399959.5355718732
812643135.4101001024
838690223.8622865677
935374730.0813585520
423075713.5185185075
55469272.3210100010
979798490.8736552000
770673380.0195432901
868205911.1047077179
889749779.5404357910
628777787.7582621574
760543517.7753846645
272295199.9052631855
91485875.1905537397
756815490.8304907084
393575029.3034055829
680202932.1599179506
673791401.6438659430
433876017.5497127175
585399907.5417429209
697982666.9982451200
787053862.0871459246
876267991.7135547400
463780994.0045766830
880186520.2449980974
608465256.5633097887
344974023.9261408448
457906106.2635465264
721570834.8391901255
691516464.8922261000
990742594.8466962576
373818458.4571143985
485162820.6513761282
728275808.9436607361
897583964.9389830828
880435566.8827586174
773635498.6629207134
684749477.6019058228
460778984.3050601482
526286878.4805517793
176121208.8790917397
150866441.3605515063
614521630.8947368860
342041972.2899395227
111579833.3811188787
218847203.6200491488
620515338.1398781538
994392608.4550989866
78365220.7496557683
521660921.4636721015
467220587.0085298419
115493373.1660231650
255727.7899531138
665343391.9637931585
476912699.3356379271
369617465.2006372213
931967276.5489434004
272160236.3178808093
820098068.4622210264
663323703.1518437862
337677417.1669793725
490918108.9326085448
120204055.8079800457
161386448.2963567674
541642207.8279932737
949214870.7116935253
982616762.4169018269
22355138.2277782746
924739613.2933332920
445195199.7990930676
259751865.5368070602
522754850.5584551096
51274162.0159314796
83549496.5047923326
212933449.9870129824
327691676.3233906031
135385002.4560286403
98098944.5421021134
889604513.1864708662
6312532.4718543049
879919378.8623247147
398903844.8605279922
954339764.1845220327
819497833.9082568884
142392733.9462759495
619215010.5802115202
578500177.0514451265
759061443.4938207865
860996649.3635575771
596332030.0565227270
37301914.3247935548
871542351.2034776211
690048000.6783567667
946584375.1545366049
769410297.4153298140
149543840.2234109044
668001024.1587029696
138545950.0831702650
976552059.8171600103
924448008.2145248652
722157744.8997820616
821611581.5155204535
853679280.7326236963
556479208.9922524691
908865364.2884601355
905085335.7130434513
861783961.0115438700
208320271.8641031086
253883112.0404527485
331631705.4714790583
488632985.8922991753
562088763.4985994101
51145996.4685762897
873970054.3542976379
565310339.9300069809
788397458.1692308187
21629196.6486552507
908003533.7010321617
990890358.9180439711
465480714.3943774104
299913251.7921003103
373949049.8101266026
584222000.3603812456
702735834.9705882072
365066146.0582524538
684437938.3978779316
944005116.6666666269
50367847.7664714307
159653851.4393564463
678182229.9724770784
665200084.2509162426
78559204.9414830506
46873973.3591731265
47675063.9083094522
735507929.8806241751
712973877.5201797485
74019617.4074016809
52684669.7064017653
337743692.2644405961
188332491.2179642618
118470637.6188524663
990630257.4801164865
12149442.0403234828
85844005.1560693681
818438857.6463385820
229324504.0392968655
552946330.1410145760
948473138.0000000000
127553679.7470551431
753634223.2841606140
83286799.3817589283
202543201.1659574509
543997138.0951526165
700588965.1484805346
686453695.0864797831
558379028.2395061255
619941620.4792720079
275998968.7562513351
584708335.9423077106
15828101.7324195858
638367771.8962264061
956639398.4484126568
108717487.2736134380
967080295.9550387859
986446556.8924832344
389398698.9537646174
733021815.7226387262
717768696.9416342974
561661546.3431634903
918454621.8274698257
109217968.1911011040
256989010.1798633635
64295650.0716253445
761474699.1331168413
748003126.4119604826
31666161.5483801961
488435813.9650797844
130745230.6376811564
996536043.7342348099
356321232.7247015834
573153632.0490252972
712717040.2541624308
646413508.9142856598
359713683.7103109360
976282627.7849404812
499673723.3210831881
347239205.2281368971
513088871.1610022187
104332137.9111111164
831416420.9275362492
442023506.0938775539
58426423.7305555567
107090226.9247205108
788662777.2327964306
239859130.9418394566
248610235.8143889606
435351664.1775254011
970097734.7065330744
94107816.6027195603
900962951.0313023329
598399810.1071428061
736951090.4309418201
911303233.5217862129
189308291.5546800196
24879630.0318777412
566492657.0504143238
930390365.7728544474
46166177.0801096559
219279179.1047120392
367120875.0784891248
516635800.6994553804
179750228.7368021309
95823887.3857309222
11559031.1349467020
146627443.1108986735
860386070.3758631945
861825617.9225260019
721880397.9406780005
191512090.4823802412
57102496.8447488546
331980936.1919192076
224586927.3760162592
148567386.5796319544
909686936.8067632914
721139412.6375198364
987551709.8319327831
496360830.6851851940
428160231.6868686676
546683548.0163360834
249249709.5773447454
261755541.5749999881
244998822.9728195965
199056624.0050505102
590534400.2206430435
250800090.0751036108
95169399.3484320492
816395688.4203578234
60273653.1653846130
528277236.7884562612
583850641.5633932352
183064045.2909090817
698828277.3940306902
44639214.3333333358
10820961.6151892655
171992199.8082469106
95081256.4028376341
645532986.8944036961
719984214.5344333649
374018707.1309017539
880200330.6666666269
73227114.6202375293
421959677.8231779933
229122703.7081018090
122108593.2747035623
404512052.3296324611
832460122.7526856661
788373165.6043368578
499528226.9418200850
104558140.7439759076
421456897.0829159021
986357147.0659340620
836410244.9242026806
204488447.1878277659
673058348.3093525171
230800522.0644529760
115304747.0948275924
152263633.8607222140
757809786.5232158899
921982276.8894736767
244593520.0603093207
171319072.1238966584
201784204.7763089836
980220856.6171150208
601666916.2061768770
936789930.1890186071
132039839.6942235827
155550230.1517857015
571357230.5299154520
520231605.5213869810
491391735.5483573079
191876982.0086080134
142774667.0824138224
435419082.6505663991
8026668.5671936758
307284679.7801980376
68409725.0553094149
670202978.6942003965
599057947.3225256205
246549752.9902542233
503378582.4597495794
826366321.6031624079
973124261.3096926212
784023129.2734752893
522482944.3224148750
46786234.8180110455
117999918.0238042325
467678102.2300589085
242026662.4340734780
241393420.1668555140
125036530.1877794266
613724950.5400686264
774597878.3490471840
141457442.1895504296
205403848.5950234830
654195097.2152858973
342352750.9696969986
313356200.9237805009
3853947.6926229508
402105761.3716470003
719398051.0000000000
447027232.2288025618
440071615.7555353045
14783198.9458927829
649995005.4117503166
425592292.0480451584
427429685.8638638854
38792870.4759284705
626241572.5134887695
141340073.7308108211
870470251.5518155098
451415363.8293537498
408699580.8956834674
858261037.0527994633
876394717.4398541451
560794999.8333333731
109611279.0070511699
370980617.7174195647
463761149.3917176723
629039598.8381502628
533434178.4728066921
95010747.5166571438
696756829.8038403988
189211432.8089618385
883888748.2688069344
600842038.3767526150
72576685.2936485410
930033821.2879763842
752319783.3509260416
307573040.8815186620
186143337.1310471296
292595359.2953144312
60754666.2972378805
663711068.2764985561
668414548.6415770054
234909084.3158494234
392123429.8702461123
82256483.3430518210
903105026.4724013805
805654328.3303571939
457340352.2316831946
374511079.7976190448
79687250.9698890597
572334773.6366901398
150589722.4124127924
666853144.3120931387
210021474.0598502457
371373544.5328219533
23963431.3180958666
282021888.6572191715
119374475.7613636404
422971336.3060498238
477877848.4098904133
112627051.2893617004
685348997.1197105646
133333821.0622223318
822828741.0000458956
407200768.4969083667
766734596.4349943399
103749635.4767441899
859952741.3659516573
112967229.5187376738
445275265.9811530113
766994947.3114498854
145120248.9658119678
756965373.6816143990
661333136.6188118458
560212863.5251026154
135436105.9948717952
399697876.7849067450
329123207.1737089157
337660250.5122318268
565933229.4221382141
579522865.2834821939
968066321.1875000000
600763964.4314128160
204527899.0336466730
182335775.3928950131
337769643.4065051079
12278019.6993446555
513768823.3421439528
155392631.9019607902
553259073.0149447918
21884746.2796296291
232283672.8509626985
504481102.6618497372
388173523.6113688946
952107640.6274180412
636125016.8846771717
626048268.0122282505
391579861.1807641387
472506658.3150780797
668419816.1300588846
305496815.9158950448
201554886.4370513260
380388452.0853425860
874652830.3334650993
760722073.2740085125
551815223.1706081629
128634211.2102625072
990316177.8742585182
600096203.1547796726
152041040.0539449155
83350645.0274725258
618044139.2033140659
593409994.8829697371
49690506.5147058815
161523094.8492760658
305874031.8840953112
915716883.8799999952
537908780.0427545309
866332858.2593857050
156749009.9928315282
40118604.2564038932
209578302.5319693089
923707774.2964601517
646908180.6013218164
591695994.7642593384
359874692.5853658319
236567125.6891063750
66350056.7220611423
730589284.9606382847
315492743.6257123947
970474039.1033654213
192901576.4896475971
307553225.6410256624
868954284.9097681046
952056186.2671825886
694600758.1191931963
204085732.2303349972
741624127.7314661741
625535334.5157545805
602922139.1639344692
756351525.9160530567
178657377.3673479557
599667281.2985361814
998363838.5360214710
51496042.3334974125
905824233.2652915716
365087041.9225989580
689724909.9129868746
599411660.8820106983
893499319.1129475832
494044395.1439393759
351433979.1049821973
887856096.2694064379
732463716.3519252539
157120816.6138176620
528985042.5964125395
32233255.8360679373
797413026.5940111876
663048995.9663299322
903918974.4162744284
541406835.2933220863
415268552.0631955862
458491141.5058779716
270759755.7825962305
411063028.6912874579
183497750.2627235353
506289924.5786198378
880613123.7400108576
809912494.4557491541
214801044.2762651742
750435289.7049359083
189133462.6477660835
787264924.1564885378
609879188.8918749094
629971910.0601930618
892258048.1011291742
106286911.5882293135
870348321.7344541550
692487283.6104984283
786609449.2631731033
191263953.6634791195
136361844.2038461566
704705675.0420541763
353056219.2302904725
576603629.7677419186
567337590.7762712240
452382800.8963555694
897908953.6186252832
182548850.2169197500
807093277.9874999523
72905707.6250191480
890610328.8710541725
475718233.7161248922
970780540.0728571415
175282247.9065868258
349508361.6918037534
352695596.7760931253
637025992.1525591612
4450843.6817602962
303558019.1077440977
230574669.4557611644
628435464.4478509426
232311102.1407459378
780064292.3028296232
359965844.0729166865
365373487.8117783070
101862734.2000000030
95364991.4592058808
369718349.6994082928
384533815.2756608725
46090563.3607676178
918211930.7426520586
880076362.2534722090
583547997.0945750475
280249485.2610914707
816691538.3930131197
745758617.1406250000
643807907.3084415197
669786534.4720929861
107074005.2806621790
619278849.9073783159
9393564.9254652597
986403491.6756992340
677925365.7424892187
118249891.0444673002
10780732.6638418082
100152413.7815445215
288777158.0580193400
770815167.3464460373
976256272.9251869917
718700234.9051163197
722230467.5751681328
687549231.4198446274
956608377.1659193039
634427480.4061448574
58310134.7250594050
842725244.3129293919
554452894.4250589609
628235939.9074889421
833725746.6502468586
11502871.1039372906
986765142.5502127409
878237815.0224633217
693896615.0696494579
498817565.1613914371
61227650.3842810020
915700064.4589989185
335487919.0978174210
843016620.6255044937
139832322.4840042293
382216907.4424032569
418497000.7111111283
407947383.4024477601
298207478.8437500000
678758900.6909949780
711041287.5814372301
452105576.6200650334
808054498.7018164396
255520724.2417598665
926944399.8346354961
413453563.5762897730
68028150.6818181872
743170656.8997608423
611931865.3414449692
560787792.6278688908
113198972.7607936114
321069958.0754716992
373099130.3113352060
411365346.7328733802
669415294.4032257795
79295014.0713951141
795944209.4609998465
924826394.9314146042
678169407.5678751469
505281963.6547827125
163527191.0000000000
608096977.8948276043
414168995.9848453999
220194791.1137855649
646606476.9934827089
208769619.4000000060
695827248.0117416382
506188816.3442623019
206828295.1375146210
459321429.2695316672
758203779.0521327257
805687948.5282608271
682850411.2217742205
153238039.0256008804
681765388.1806809902
120482515.6934306622
629602217.6081382036
966690588.8540383577
129183420.6604823768
164977233.7718922198
236073304.5454545319
198748553.8466029763
286475782.4865196943
496853311.5162127018
730985143.9140768051
921036639.6018791199
534173637.6821829677
183401473.1759683788
839550738.0292208195
35036470.9652582705
655517763.0984848738
867179049.3541985750
652268435.2751032114
710842223.6403921843
650908874.6250000000
771230151.9725612402
307474828.5254902244
934381565.1308099031
547135484.7938437462
889387074.9200863838
573868779.2930175066
536802531.0473185778
740707084.3772802353
968606660.1644939184
562992382.6950486898
895177350.6172254086
416644867.5224274397
977556584.4517284632
699622040.0536866188
801786471.1684564352
929766033.2918345928
579620134.5713492632
910206114.3429250717
147082306.3649289012
982526128.9657948017
828659927.7724900246
716364392.0085994005
954517735.9318181276
907608953.4173562527
249044091.1907601357
660144030.0258398056
661603839.0690079927
881033480.9121162891
588027940.9947431087
685119668.0646258593
736375024.7040824890
897252710.5027502775
175373052.1618852913
204878014.9866985977
439277423.2152997255
736064125.5485357046
699698379.2091525793
280267113.4624395370
596789456.0623556376
286629511.5073913336
887487560.1388567686
748069691.7149127722
224171723.4391111135
955583779.4555382729
796864899.4137955904
229896751.0877949893
943787817.6336996555
294787382.8022922873
395712922.9604812860
858973481.0801194906
837518280.1916147470
971711125.5755553246
341165002.1151850224
775754314.2834171057
450802226.0000000000
748579475.6762590408
579315301.0808823109
80255645.8031909168
896174875.9635974169
357975716.5698003173
623260825.9213483334
272990735.2257871628
852270808.7386231422
147472692.9874477088
698548081.5315515995
644729450.8414375782
125880787.1942656636
426383510.1930213571
842008710.9889559746
790998011.3073309660
573816092.1397631168
930316214.5677965879
670228429.0068744421
660109863.7429643869
305689425.9583462477
415080290.2380212545
277617463.8066372275
177043865.5607798100
871399975.0000000000
22499674.7242063507
245047961.9777297676
137382018.6162274182
582921194.0144946575
385671072.2709923387
161523607.9302101731
290989388.0805063844
462228508.6652979255
745853858.4640533924
350072710.1410453320
840153206.2432727814
73999363.2926411480
85251984.1236801147
478609865.2794896364
741942299.0437500477
984453165.1964671612
433003043.8314620256
457507895.4509589076
257806308.0607214272
345496241.4779046178
983161571.8103425503
10187577.7655417398
665165045.3381088972
