327790729.7648767167
298063681.5139063447
479588954.8291809630
405167531.6757990867
331502857.1145624698
705418977.8592088537
179768142.4899045285
593685951.5521582734
67976510.2232874075
940394226.2544802867
872381889.3900673284
584584442.8312893137
93669061.1541833133
934259331.9096303890
196755983.1933037071
505502686.7372789986
645402803.5181023720
773831969.8916529688
365718435.7816242157
814578523.9279234025
207099390.7257356412
222442011.8392804660
454658483.5606060606
325163843.0966183575
574849025.1452020202
323628915.4366812227
886737451.4546278117
625801421.8108618723
129158804.6101694915
454321306.6407909014
394959067.7536723585
356540870.3933265925
653161527.1589059319
898065544.8688397274
314493128.6736118799
698767753.0419354804
710322272.0495867769
981228678.2017543860
886962591.8851674641
291604745.2832582999
586731809.9320388350
827904844.2180690947
975616741.1771436553
389888260.0461538462
75227436.8508699735
955894396.2038073908
949500293.9086127468
182447196.6139682002
340809111.3032778293
997328344.0440978183
781862882.9834995214
998001130.7524903697
464240669.8636363636
967661303.4000000000
522654722.3333333333
436097688.6908309220
246758224.0796194446
278437940.7993755397
540795719.9559018173
523941354.5983606557
787570865.7385892116
718081582.5331781141
626534261.3906808017
74431386.8862174290
625682841.7541899441
307708629.7811666943
885961062.4060430464
229321992.5973813421
494346027.0424529329
569776292.8481603222
16421857.5530631688
161864116.5769230769
655803441.6468367809
102004622.7156772582
228765639.7360921357
22750719.6464280840
15165324.3942161339
335441885.2079226870
866822523.0305942065
104471967.0047316432
965293036.1527469746
965147903.7599594601
38146686.7207034070
953833340.9350439221
138978072.1984534973
591952637.7241559215
372561796.4680392657
195554361.7939297125
58721756.2194594595
425955048.6023565327
659157564.1072901793
764718910.2493459263
814681822.5204778157
413335047.0038907124
647963912.3275039745
298398857.6416203055
241372078.1813043865
287434714.3659090909
860918736.2156862745
627550994.1181818182
483613135.9853813418
285380178.3107286661
691332166.6485461441
843950789.9944134078
748960614.6915351506
464381703.7865284974
756585887.4511546848
604391224.7399049881
636285781.9735060512
468706353.2183908046
449623062.0301513518
357791650.5611956618
999191731.6405370271
68418381.0018416206
626304855.7853318312
518447662.5961923848
952788608.3402401129
381065189.5231988141
412974011.2869470961
229108685.1885616717
583489445.2806979261
788935152.0772598723
584409929.6818439063
399108540.0636704120
546356819.1250000000
307223476.8015658670
857816225.1194298125
798921114.9263737911
553806715.5277451072
734386375.3505535055
706480799.8970904969
227889472.1937927674
815559905.0583719225
994770641.0610139939
43638289.6101694915
377634414.2291076401
742983292.3941798942
249209632.4865443812
405315717.5388180765
821438450.1137079726
20176169.9056852666
661056774.8421052631
421649459.1160552245
308182098.3896595208
639699379.7436464088
909486275.7326857250
142057964.6998813760
77583384.6032258065
743365272.1345458953
708454820.2777777778
156181665.2959802254
419498861.3488943489
576701497.0927089364
438849367.5079700924
826645288.3007054828
818712673.9243243243
773738113.5701783394
507789198.3333333333
549418434.3400636743
547503002.4950132017
263328943.2007275570
160269602.6848451975
684770531.1562167219
344820076.7449101796
344137163.9067519845
56307407.9643391755
59521975.1386930026
941199099.1169811321
851832482.2203389831
246829174.7990867580
403767714.7041195250
460525914.3667929129
541470029.3585699264
184967269.1874883067
605268566.3333333333
659346399.4575045865
793027859.6326530612
561816500.5149449121
986895073.9521151225
574844370.4565842114
491239581.2916666667
874036578.4980423861
740632687.9418745783
232310016.9054643138
320952141.1933701657
84766134.4914946268
907345902.3778037751
473919350.9606632505
393918674.8369163881
361435723.5502206525
619343993.9792797854
780055686.2730331632
791039569.4817295501
514548137.7281538559
153067166.8757542148
762096099.6029802042
116254028.1176470588
517549840.1168224299
236398706.4489795918
178473765.9070588787
724897818.0196687371
914832146.7562189054
178638784.4731673681
916863873.7491785323
40477153.1131539164
638406894.4720052686
699564795.4860557769
497433048.7408311393
386102166.1783086486
310092729.2913627237
268333179.0576766852
624280412.7264492754
620768187.6272370482
201664838.5140481782
477506806.5004724778
344499902.1302148062
1556899196.0000000000
474558709.8816297752
400401439.4047679354
286365332.2743362832
348272124.6615791224
337706573.8097014925
699204793.6462631642
933072010.0641711230
131467160.5124196027
656087463.8223180951
121332210.0481692251
233355331.1429585739
150581127.8131313131
61077465.0724971231
836060933.0227232173
746547229.8848921973
728020823.6021338270
230647926.3935274005
318313402.7569557052
135340995.8181818182
723116786.0527039920
550412052.2206741241
474381724.5807878995
519620049.0591259640
831356563.0466491974
350014826.8683206107
120996076.1622188712
437427114.8251445087
243016873.3860489022
395420433.0370872867
665733439.1282051282
544649343.2981843200
366357260.1984979001
551541555.1460541814
817010842.9049822084
672581424.4175288557
477515264.5432980464
544056209.7328660790
26908265.2464065708
936119645.1395643136
673020031.7881136951
618363917.0000000000
757934917.0539718395
222115990.8128715739
800655576.3951681180
693120548.4474852736
971525856.5806654970
733844927.4455867959
886356746.4234375000
970937595.3077816492
205834321.7768902795
19350254.3230191326
186429795.9433962264
777519056.1679389313
634090639.0677622557
606457752.2981804273
128288336.0190739530
163003659.5287751488
899232372.5987261147
109861577.9404738967
103031778.6389189189
72596268.0040760870
495573621.3618257055
93489037.6781600865
715873236.6329113924
931179274.6801909308
576657017.3496240602
374475909.0588235294
979385266.0179372198
547934069.3797725808
15339528.1025831788
617545361.4801308750
777005619.2946930620
166444804.2639455782
67545508.6850746269
632170167.4594550303
631856597.0526095934
950270998.5361842105
112979485.2991979092
583890158.5345744681
555586376.4427776488
838769312.2437366812
599575570.3332030051
452512095.7895355714
470108847.0602437558
679622161.5109094364
885670964.4084220374
587202521.7773654917
124038705.0795420623
701400945.2427184466
954752803.6300578035
746400264.4056603773
875816028.2103458126
183720528.6558237146
990110222.4724832215
50868890.4636117658
819242575.1620433719
79415506.2585927916
908496391.5974844127
215099845.0693069307
742488353.9222521380
728969355.9306962236
551648289.7037037037
377714880.6542553192
201005794.6666666667
120174219.4347391072
276663777.3806992605
774666613.8105395232
796144225.9968652038
87844677.9677693940
420014795.9793814433
448593266.0031847134
356130301.2359249330
799413546.2951096122
725038732.4303165954
577803864.2671781679
674819442.7276909680
859272654.0217176233
541200899.1528189911
110563668.1551288115
349620038.2530019402
567867580.9213051686
767737318.5447321096
297949698.3331347110
142667144.2362670905
527461700.4374878522
616085432.6153683729
146667507.9461903933
131174210.9916902848
670596246.2873672872
417176000.6589412590
348288189.0114285714
877542116.7709034759
575029945.0777188180
197519368.3331622409
828474456.4153324799
8782240.4715383346
445826435.2106631990
827682709.1838352263
156003868.8680166297
457043735.0969895377
633642490.7044166915
27022501.8718509737
89865923.3384831187
344009204.8465614991
974287532.6424881223
150896931.3485578860
597134654.9134576987
849741700.0610270390
192183542.4353369462
131746481.8832072149
321798105.6191601548
724948582.7253969786
323132545.1171777532
207337357.1478458089
724006267.1263080488
782618658.7009650143
318681299.4045106602
911387608.4683794467
836253774.6029458519
540919039.6268400389
114103135.4573772534
959774965.8975741240
450110814.4437885231
881856443.7079375443
755271728.5576557314
620560023.7839506173
477212061.7894802264
590360006.0687331536
384612014.0433970552
974307862.3510565085
132691905.9979657250
454998844.4215780135
434258184.7349593496
216877272.5699481865
310593347.1858264748
289424039.0925064913
751555035.9725491094
903641385.6930262701
364144823.7708628006
826374964.8298298298
825489817.0945205956
461035822.9635036496
41847252.5407878998
853935305.5062500000
622156463.4377400444
562935468.8531010190
203656922.2140491935
764842593.3120153280
374344069.8284279451
133456705.1065088757
687250421.1276097159
514482476.1997084228
164617137.3897940549
594490009.0332953256
944624025.9707127839
662235637.0032467532
899742099.0589680590
297896509.3230866553
936512690.5740316443
670272832.3283707272
653419231.2585924714
553499243.3160335813
910744423.2629626236
50197380.8109901208
233122045.1011642412
173178984.8259910107
786808834.2858205779
769794551.7176484186
487772490.8701684874
468713143.7055214724
308821471.7841483186
928801603.8059701492
336909416.2700848315
249300155.6658393759
846306893.2529644269
292735262.3653846154
146064690.0345074905
943971475.5085453814
886325576.5435356200
101540431.2727272727
763619024.7946428572
44193922.7913772925
214108823.8089937178
765012467.9581280788
615172481.3107455095
919271650.4188425597
998181548.3595353412
65501109.8665562022
376944963.5790140615
709886038.1653116531
825875319.6226973196
342915473.2337014904
138760276.2005325937
961380577.8893859943
112841421.4582149807
947485450.1892991525
725780655.4716981132
149924121.8925631101
673256849.8614318707
843805551.6410889592
182107862.9165566122
376585258.4870459981
662799564.7829940020
64422203.7341356674
384314376.6274008056
166739391.6756756757
314678719.2822235219
962910132.3309504385
485801028.3876319759
79616806.3129272895
808112688.7831813577
582781256.0544477168
183638137.0192766485
991703293.8639538590
2065002.4079178527
826238914.3459459459
823223334.1656212031
614503901.1993181681
544764596.8078989353
833068483.0413223141
401371078.5848632971
781166763.7970463531
269162542.7868421591
8671371.7871794872
978805432.2608654416
357065851.3703703704
212231337.2221030043
871896858.3000950950
14126456.6639489442
869357012.2605042017
6059681.5426288312
240260435.1560107969
89217562.3624649064
926394761.0202020202
929784068.5152383610
260536595.8856577645
97948667.2371705964
498388852.0798865160
457798503.1361111111
22986638.2171945701
685782719.7065217391
622148091.8665443966
670252066.1286037222
578490930.0376938362
32333314.4180480153
933285985.8568101268
149816368.1150102931
262568703.5404349802
825511615.8557504873
814719121.8746799421
91812126.3841366043
677811021.4305263553
455783000.9178082192
863457875.2178217822
949610565.0049891095
746483404.5559083679
366670689.7417206313
826603505.8200270636
570995128.7164545734
214049282.0478688165
756687530.8629148629
379260080.2036718012
181580720.4456446284
685208299.4746287984
737413839.2344334822
149887743.6412882468
127262811.7513955335
294497205.3872919818
867756273.5602006689
544985851.4690968794
873411473.2967410307
434807433.0898418223
504019230.0961110337
885344861.5500505561
743573241.2918826673
383720762.0373900722
261970537.0921940431
221644467.0750517939
523019798.9976957248
945734820.6843910806
581600962.0745377019
937504900.6750197859
625276904.7058823530
64143820.1240310078
220080595.7997570683
473790885.4954194433
637575432.4676616915
663690205.5832083958
498248040.7215686275
742255392.3392857143
815772695.2870699881
564872165.7153518124
903548876.6805509499
498717764.3219555583
371320926.6680614767
533535685.2718707941
730628219.3590374078
854256164.5964069160
833218295.1865407320
352114297.6882530120
10946032.2222222222
902041905.7076752820
333518701.0818751291
528565914.9030469452
235700683.6068013351
549256667.5792507204
544172463.0579591923
935795579.4121020567
150644994.9211999027
782968936.7523559234
353084117.4688456505
109949284.4209183673
953083106.3234390993
664885134.3286549875
848111305.5556526919
803237538.2386363636
320084271.7444444445
825355780.4404706503
220895058.0408917688
510632878.6760289952
271469801.6696113074
75569785.4722222222
89448841.4152542373
45185662.1422222222
692884546.2263677625
821448928.0053080901
363161776.1773272291
484882776.1707317073
126317214.9351408499
255330724.1463963964
736894431.8524590164
485784382.6059468797
42244114.4752097875
840924659.2675000000
282316693.5286448018
799137223.3844827586
233776293.0054294262
171047262.6088200565
231027286.8813772576
476625260.9182156134
654485519.3484848485
535860617.4726006454
933531080.2336448598
357074629.0276381909
250282009.0561122245
952733052.6560283688
104503234.6390130744
437990331.8816676693
663811196.3579439847
416285147.4515977952
570084703.4640544323
983386973.9841269841
601573260.2058962233
296055684.8135593220
431198375.8324406688
616744585.5601971141
448200282.4656075782
114896620.3675214834
757616575.5846435064
231438846.0684150576
877687467.3998247993
363940695.9463265509
639637081.0834442758
162851377.3403738977
731246959.5403919418
558944198.3545446456
603590843.7142857143
194093824.7048833814
476040104.7850474057
240527959.0503144654
185932452.0310132615
1025096810.9615384616
883600731.2687766503
267375769.8945264815
259326192.9623190913
995871544.1791362390
563104110.7447679483
588028267.4896418789
529269145.3093147971
994295321.2923764315
862487465.2046334888
344969647.5102979832
236044723.1420454545
570028403.7953609362
411935892.7405611419
620612252.1923076923
24207838.4767007228
799135985.1896655778
920121668.6866517325
61349754.9278959811
443118476.3162203302
915792028.5428571429
540377991.0568475452
536251511.0732145797
269418964.1647262308
569343755.7098234415
449827054.0104194292
963535584.3032472423
706615526.8009708738
356364542.8570999488
154517125.5008201703
564858126.6060177298
386293746.3835616438
739985183.5454883352
758802260.5146726862
93418174.2701264447
389980545.2322580645
298843302.4225181598
483094512.9436619718
74342610.3403735284
594970092.3730158730
772740472.9467829870
491528058.4253731343
790043984.9586545396
868441482.1484166420
374353366.1240497406
321358555.0346372706
319272110.3483524825
24484811.1649406332
101867733.8800000000
939216879.2128350940
554592659.8238993711
111423013.3740989132
836004625.3836394237
668714928.3343949044
626423343.4067706402
521397311.9482555107
400604899.5025694992
836817869.9676346339
445851216.2975095501
263805809.6916209055
201233450.6037388105
444363923.7858536056
771382930.8578917924
533912375.1428571429
513280450.9743456248
354632290.1681617968
1264223682.0000000000
375409128.1286083727
499729294.9356347994
408231992.9855821402
781873688.3146853147
59455825.4912280702
590138412.8927613941
556861542.7710401259
232546836.2252448313
868422906.7088607595
852557796.7621440536
568629376.8120456905
500248428.8030096826
101860556.2255327392
154048212.9024144869
919117541.9049049049
865101334.0707665658
825143962.6473464348
836952667.2313947238
491314810.5402017118
168567811.9579741379
557935988.4009061074
238660538.0404300025
592902274.7610619469
293360874.1524255739
539696645.6439393939
296058663.5308292035
997742827.8750000000
138406506.3500748491
773343797.9285880550
401810135.2169651311
96913486.6441277184
796615757.0277777778
83413197.4097744361
14355518.3879581547
381886879.8421819393
267601214.8695384748
299451138.2525106134
133828505.3930434783
296940979.1479793774
704859512.2247498515
240305873.2559839819
696941504.3464480874
189865381.1134036889
621019163.7889908257
744024396.7477282134
823347682.5468956407
983376098.7982830938
349890937.8055555556
556457696.1699758764
926767183.1884057971
992135677.0733007127
849353553.0571314700
981111378.1648022170
837876578.2734025362
982427284.0448851775
574156365.6144962166
836780513.4907301799
999627924.9112903226
112287529.8589481865
835750236.3011196972
597995445.6232201533
948227570.6629728629
390027597.1485299241
355162980.9922048998
616088321.9034740982
301652097.5056746532
786451088.9309864529
456036939.5642741539
833212865.2729439809
352335417.8159146970
125447504.2717140160
250907881.5507528373
106694389.8394558694
761398897.0570090866
294955364.8048578038
564900441.1333333334
34733789.7398289480
945671312.8924623115
93888414.2568878604
878110501.2990825688
574318343.6420092781
780179559.1150563349
454595069.1843687375
87538178.7366107954
740464514.2947401293
9860966.1103918354
888450958.7061317456
284660942.4193539117
562715772.3884783864
536699546.3869132875
933327819.0533104623
283919304.1031835408
133015821.8843744595
522443583.4803328350
618635637.1559251559
867342351.6226784730
642836262.0041175081
740473295.5742092457
2554272.3907225176
121934750.2985624487
353222024.6612949071
884019528.7669902912
49495143.2362067541
625668060.7131782946
319663646.8178079210
118470440.0505154531
4544948.7434210526
247427254.1821810099
727894841.2204449588
181730887.6422651751
5409527.3760111311
920777462.2955002919
246421256.6693595277
206440202.1584386202
828777714.8898003937
44370884.8032200102
920972186.7273269548
936784907.2394736842
456524272.0008609869
727083423.5196245344
200837936.7011943616
457925560.6670675685
854745202.1182266010
237041095.2963728682
258710187.1517109266
352883078.6699281656
656879153.3569820882
543391889.6201891957
996443669.2777777778
707811352.3385884268
543193179.7765567765
948557644.1198304451
317950809.1060147704
568692000.5127274002
847420517.4750180753
465248256.1694146869
421228941.7827476038
326887415.0945510872
431211960.8009322244
146521143.2634315425
459591185.0952746316
310218731.4479122702
258477500.8752033768
74131542.3225772381
828336975.5544147844
625562339.4435476259
897439319.2900163599
602085492.2017346216
512850683.7999465306
344966199.5212355212
269468864.5914905301
459091095.1703469735
139315052.8815426997
844208432.1780821918
205111850.3607507802
543359474.7951197248
696566266.8025751073
528315532.5220061413
817693063.8167156838
925008757.4594594056
323539110.4176470588
998367672.7205672486
839362080.0564152232
925074110.7831461512
642088878.0051927829
551117946.9942338083
595815508.0353178607
689818309.8333333333
622943313.4076433121
4043091.9015953420
799264422.3336928116
379038385.7807750629
144226570.4162436548
46280004.3702239789
495016813.8222891566
433934386.9175400026
259208862.9512271117
761225940.5590037175
214018450.4331550802
847687403.5285036887
978188542.6473160368
161180344.9962538289
982023678.3828593442
196878961.8661187688
622849971.9949109415
236743295.8638297872
658295308.7818123073
172711605.9262125770
31440333.2093333333
1624563.7736568887
9281540.7663962496
726407797.5261531155
703779262.5373000428
354754477.2182596291
631554035.4549433315
577205970.2336677493
528209766.1494576333
328145354.0886214442
769582951.3560624223
406060951.3460764588
818487416.0953732485
46177315.5600000000
264873425.0741450771
571637001.2895380704
568794705.7918793195
484435461.9440354181
877580128.7214128005
832050822.1133540373
788784624.7460317460
376650234.6265560166
132091144.8693379791
760750392.4860335196
495135168.0317716114
883183206.6487981300
139903116.2435910765
291830883.4117647059
470565542.6844884407
14021606.5618309373
117402281.7539381526
779363739.4342273308
915726893.6229802513
139140503.8827472233
751469386.3667691361
203131859.7315963810
216828591.0145192915
529159635.0833039886
819352668.1635071090
810209474.4311105376
194569906.0576460794
199961777.4933628319
178870478.6089578110
109174886.3493493188
140064552.8163716814
256043398.6918447420
319141340.0574910280
627561074.4344841284
937357010.9964921005
689936710.7266018980
264857145.1530570990
73860579.8754367027
219115765.6214039125
851514369.6356877324
772264718.3568597966
635185782.4321345062
231617260.2075471698
866898586.6363636364
392277511.3936126395
89659620.6869158878
395497238.9734004304
424172912.4469626379
187935264.7646383467
506259568.0665285611
939086274.2247775924
836402968.4279475983
247922564.1098544489
446567505.3159632491
636006429.5883827009
270350797.1954022989
780143036.1074577536
508570927.3460094449
179385413.4817206045
900789121.2620009567
673301501.1241551389
45243030.1565491646
200306537.0810711627
755826009.0337552743
547197060.4834550241
378328202.0149540208
312572481.1852830585
739662102.2909090909
192733070.8573255064
886946046.3742729566
120149377.0033910189
764056062.3813016845
536105185.3822509332
705857698.3935279064
739666800.2690763052
457786007.9918215672
94040721.6524822695
474125999.9447170197
607091068.2241128056
63089477.4208597452
755433973.4531250000
297760089.5241330892
390808967.2014705882
958267708.2031993660
533857652.4725105251
15348789.7553139478
166466574.7886152126
662500897.3147988688
462092992.7631211825
461941646.0064102564
667958987.7625008657
15471696.5139804395
86716884.4074197797
249320310.0553435638
894773226.0370747973
1308540.2308800325
227864631.9388714734
238373120.3193770955
934314486.3932951149
380439508.8368902409
985344884.6073013025
613117735.8415619889
410921511.3807189543
689417675.8113605360
85047508.5452695829
291771535.2275313683
373635344.3949509161
82171456.6484962970
436143953.4536023781
208933175.2993197279
216301477.0095567826
957246576.6157523401
223378692.0000000000
356707491.8498967484
186703763.3990093157
564873010.0566359138
65524830.2817786533
791169310.8000000000
937788122.1859706362
562624498.4658944659
520505210.5576973210
501921076.6062992126
460068820.2328091461
109715947.5500578458
927700903.8878292668
122438628.9583333333
492951657.5635652651
160347800.4276038213
847394455.7764706722
550818535.7271589487
385763112.1793002916
820282190.6019690577
139710321.5954198473
500349975.0581055355
772593299.1100702576
158646451.6839826840
8892019.1796932964
876166529.7448203223
70260790.4792013311
217182822.9899041460
848491626.5665775319
954837209.9241910250
266707476.0164065787
819177917.9973333334
439669133.8415232178
93570536.2812500000
221106752.6845511827
283538406.5851353564
909386528.5883164346
225788680.3501445015
959061338.5743534483
943165190.1102661597
913430562.2918729596
187124195.0295025518
413096696.6007291424
412502392.9168000000
476919610.5378346915
768006395.2846153846
424002146.9384920378
730003628.3855421687
735112810.7985180198
977158278.8313817330
287251298.6660345056
303733911.8073673701
608384725.1511290440
637567106.0086110603
188840594.3903974435
631225317.2049180328
320113958.4396712585
695518879.5764312883
292766689.8572430315
410521378.8068181818
81191429.2525593946
754299209.7485493230
965160470.4767319520
143883767.6520650813
791524474.6445497630
647519561.6850953959
753276064.8275083399
855578818.8332145031
37084702.1775636620
395033376.2416693891
154794552.9788901056
703017661.6206896552
389381212.9325842697
488044198.5681159986
367496001.3693769852
580788814.0718996532
826100428.2693395084
546087696.9100968188
22656170.5308500678
492638845.4897505552
508242768.3913043478
546996304.3530643787
332512849.0434782609
427201071.8227082043
395849179.5326568152
765452506.0891891892
481362320.2864077670
127034513.1151512654
400902035.9439179100
223236087.6059223943
51678959.7074688797
569263020.4991287873
476644135.3481308411
530295203.9010459926
377507495.6857217248
12701853.1622278924
396985009.4698992932
221426109.6199007906
741524626.4998937793
554480915.1361788618
136262215.1210562183
800188704.6293103448
523423715.7072431051
836377687.0122377622
197395355.9110993854
173483536.2808502004
73614361.1624841678
788737992.3674639101
695366486.4038461539
69571117.6507666099
35309369.5993920055
919210579.3923981187
451691250.2303076026
848372377.8534324054
956582511.0924423306
491896614.1279378254
487285893.2962143674
611140544.7837274297
270792509.1230329041
588181879.4633892433
14294792.7934918648
685511038.6525846090
523242795.6514285714
439603599.9652892479
735036975.5494739845
331795930.9952145597
437900684.6117777780
83002115.3499308437
190865150.3362445415
485329639.6661316212
565470635.9307189296
850163187.6310432570
726112535.5831548535
780160407.1484692944
458004694.1797353855
210549245.1342948463
889149373.2275642988
804442740.4618055556
339705115.8256537983
458620806.9288541738
723510691.8630021302
806023431.8270967742
408444240.2756169586
195109659.2423362452
581975331.8887053455
791327016.8581990613
794550199.8590909091
999651968.1560964618
813179697.6197183098
408462894.8997659240
378892612.0746561886
662179007.4041095891
447066998.0874861573
766806280.5659589905
831525201.2865899835
652277131.2205370945
908250724.6849315069
613918424.5292210544
382312192.1370328426
652034109.9931186685
836747549.8396396397
205694611.8070617907
302385927.4995745810
359100611.0544835414
765140321.9500000000
32598095.8982080685
498526422.5398351648
280342409.7146042363
147797863.1863613375
461646681.8638105479
438224633.4543413336
402360872.0055399337
406948598.9502926852
329293771.9946864123
878564724.8943469958
827219562.1332143054
951919170.7516243149
91678347.9284082237
163354213.2823609222
85305918.8407766990
825471631.4150900219
999796526.0630543299
594866755.1097372459
460573200.0556010791
581073147.1819048485
683482962.1173101660
640076479.7764501809
601004664.7514934289
576225936.8773584905
320164488.6197478992
902556930.9905110047
407494178.1735928178
211703265.4436931506
817135297.6344389220
999313010.1938555762
833310599.5163934426
735411349.9645282814
352509456.6303949324
980015684.1903702754
744142193.0015733648
595117795.1679539782
333463026.1324786325
178139546.5534846958
988390204.9084668192
680279474.8985507246
523045788.6978037107
119454045.7422890995
296607475.1663559984
788392303.9637380004
467084943.4871297711
812090514.8536849526
526291726.2997583931
48903399.3026939505
775650142.7638483965
942022065.6395038342
496610720.3268689988
57021208.4140786749
741124101.5521016181
519121694.0978929671
934080912.5592127207
961165308.8537414966
435574142.2984496124
267382990.0726339510
983465072.6186635761
589226325.8216174089
557993217.5443647244
591057701.9523809524
533774383.7814511703
456816621.1483443709
922149029.9491525424
577738280.8308457711
506684775.5422343324
596272056.1480887225
707970725.1974436942
653718031.0132352941
493180630.0598194131
727338734.6268047438
751361281.9918319133
996889738.4206989247
477899181.5903379367
831665680.3400772309
555092532.0681818182
2028363.7822430705
364627634.6631717933
709090516.6486264862
107038508.4876140808
683640058.6091205212
296064725.4524765730
987561659.1957173399
704485990.5214723927
59684583.4666666667
546827032.5945669175
842949320.2482598608
384336798.1031780020
3865512.7783842795
435166123.1745181803
896639984.0593406594
443488350.8533770027
198004348.2695803816
935589181.3875037236
393490584.8202125980
767776305.4403990415
731429198.6319018405
344170723.9004884217
7214610.1062690955
878138013.1396812440
751202007.9415204678
116354959.7276381965
368847594.8043981481
163968249.4246878276
983255906.9750623442
819148234.2570950440
663730088.8986254295
171307689.9062500000
658181367.6571992251
210845892.8691050807
764683266.7976906337
615424565.2102136871
118169684.9895573805
203681533.9765833017
362279497.2475472540
972397746.9056296750
696672054.6315789474
214477896.8169642857
352921748.2382954284
910733994.6164690848
61869350.0262797755
807321989.8595825427
191652044.1505079810
182461464.9444444444
761584822.9540640877
727287282.1602867532
961462972.5049286509
269522451.4641796310
457622412.1155080214
999863653.9962732919
436594818.7038036651
718548812.1491598598
902307081.3521863323
187881083.9702688747
679438556.3593220339
317965756.2786024263
7494695.5231788079
562722731.6847949578
767110155.3922100827
792175391.7545725607
564438803.6153560028
677533864.4665813528
696499467.2064653259
456087719.2023668639
717406786.0248579916
460132200.7435127088
87707930.8097855631
227510634.0246061891
489430528.7632184150
808837142.7038925275
299936835.7260331790
709879950.4712643678
403775295.7960954447
2968150.6656208381
305671213.1898496241
5589259.9464285714
629696300.4974671891
246545216.8836206897
846813998.4456110735
978650640.5202846412
821708042.7382690302
335393220.5044823574
785364969.3609204192
947104034.8582940041
962394636.0993637707
150875358.2818826645
763645061.5293622133
777067979.2004856441
525008645.2631578947
820780134.9258241758
702203646.2711067541
893842523.8560000000
954698656.4186046512
397466623.4539384908
495411828.8213552361
705622784.0804226709
544241085.7490142439
111326874.4245502702
786914581.0461811723
975727380.7911461856
220522718.8575418994
685780754.6952565659
1055558.2274741362
40562875.6296032935
781037807.4866231589
100849834.9139927250
314441151.6574101776
164093635.9564731676
418796393.9469696970
540162941.4783655381
756832843.1389621375
947138908.7441860465
791104160.7760617760
130030528.5467923157
117689775.1241890814
251173612.4232196363
622889723.9163636364
722663501.4611271046
326148913.7226190476
922425580.0797499711
676586738.7906711918
241731356.6096096096
308507626.3667820069
608613332.0007549888
276679319.9982298418
627533907.2213339207
122736450.7123595506
158421710.0073684801
170531745.4236911555
695004393.9827856025
52287644.8439340146
739447251.2736595198
37884984.6987362629
583686666.3525104119
813421438.0712848628
726718043.9187817259
250263705.6313416009
784525005.9120991821
540643930.1786406306
916603013.8833705538
506865881.2513032577
738443610.7669928701
598955533.1113800579
995761911.1031867963
515426915.5182513667
275242500.3626860173
946953925.1480996068
666694133.2704000000
485376942.5894843276
437827826.1681131810
983151228.9884726225
994094898.6259282120
422803813.1294690371
494400693.3148311711
591726911.6934834435
955685060.0091296987
802696093.9536424993
131861484.1346153846
887781937.3639097745
343077771.1265897464
308348358.0555632677
733802554.5902681609
963903950.6316489362
900615897.7065637066
530106345.8970160995
761813086.0810200160
787568538.6830176939
880426272.5456899765
954431658.3097938649
727056884.3543901889
331625671.4020188227
435881343.0080831409
45528219.4230769231
796363496.7037360059
628022766.2991554293
743534489.1705061130
735586587.3975048421
181902801.1472164470
266173181.9883366186
988173336.3188405797
724173959.8131991051
772048929.2962962963
794337992.4203795940
460085752.7225585088
478344785.9349112426
263321999.0255102120
738489906.0105383229
988499658.0609429692
512755871.6459816887
443825443.1901743265
679165844.7441515048
840838696.6744900831
31099267.8881987578
245708708.0394904459
91369146.5367413725
191125367.7955878124
998435703.2620451015
872645179.9937251515
54184991.8323709261
820943229.2625929569
308347498.5385001849
349699356.4794189252
27270586.7676081912
555242770.7359050445
209921688.1140354877
193170577.3535528596
414120182.4794247046
537769020.7140939597
622199674.3051581085
926349019.8973765551
203021574.2095400341
6419708.7696127085
315740201.5925057759
119377251.9858405974
196565406.3818506076
16799169.5568181818
928014054.2044408671
329409334.6471415688
264929572.7222222222
491273786.7421602788
45568775.7641996558
522429216.9711533482
25599801.7157534247
376950946.3000000000
814244622.0299380413
905660130.6880582186
119931400.9048780488
435999496.6989409985
628093041.8593406593
372863640.6355003832
68523510.2641107561
859913348.6212300516
699352251.9640224953
619629041.8439220722
204544112.6334468306
214388849.9408956822
685659187.5397739574
640146830.0817848255
833268923.3073734994
781971775.7423076923
156905078.2074856697
512738648.9211842157
22338811.8404637166
445307291.0971746598
256739067.9379692164
771583870.7695852534
134937660.6108312343
925700233.4271322790
75465097.0105059899
932941344.4289940828
91372104.7832699620
763461046.5782073814
124722742.1532781525
153917081.0411778818
802765163.8016759777
745835034.6956334912
127194815.3816645939
693776150.1543086172
223665607.0365151705
168472479.3029350105
169723438.9812291453
490281813.1226913903
725456216.9356643357
460592210.0989625232
563350845.0721606901
957245891.5721959774
105725691.0115355174
428190246.5910496069
601241693.7992896175
862505303.2071874901
340345832.5493460166
197520984.1909400782
203399278.5625550594
349448284.9683734940
783664441.1180730493
977581857.5962785004
933648133.8289991707
718072388.5419962697
516364906.3103448276
846132074.0549828178
553869685.7257683215
254331562.5152899448
558807918.9476258611
25058389.8359491766
509891767.7711187981
533842343.4551457304
761522012.3798090098
510372367.5902255639
210597136.6117804551
906154506.3916467419
286726796.1662246996
865267617.0327349525
366539372.3447356470
920020497.4349703946
187609865.1955756268
876166874.9986137203
646778464.3472958980
329667771.8387096774
178491375.1654846336
272293866.1835670043
171752350.2247445769
881812526.8689325795
324398665.2503816794
909826582.6315789474
172586152.1945205479
915939236.0951229508
294061549.2476875642
744360897.2478367190
496188374.8748193979
600472031.5740912269
719716177.6822960431
611016899.9241945817
526903602.5433333333
872711458.6082802548
848132059.6229353436
459843281.4770114943
1000966026.5388813097
91507467.2906777474
622826559.3172391306
2962689.5590173660
622613119.7360170157
677481510.2630475243
719408682.1188524590
92316370.2101476203
642728125.4041021046
55155793.8134224115
862266149.1921001863
615282882.0741094573
218629431.5282006761
901555323.7437185930
639719408.1188404179
677024450.7877984085
277768206.8923531391
222654145.3180212014
273358606.5805288462
755820032.9525316456
982485934.5815678395
700240152.8782825496
546541316.2864672211
276400107.8974042027
626469685.4050420168
813950199.5778820440
916973283.5607287450
901281108.6570033369
63196801.4113636432
298044589.0974309989
934590636.3544973545
764664880.8225806452
137170780.1208565013
4737377.3611772483
501897861.0586379206
518310059.5644553583
705860886.7624825425
786370937.1074009197
418711252.1798561151
242555390.7031863513
191337762.3328050713
649831030.8275532792
234777912.0694006309
423101724.9206349206
838477462.6000000000
964895416.3981029036
872591089.7318046779
634574327.8144444444
400589192.7792174756
886541718.6282051282
534579324.0280693153
608944568.9364548495
811290172.8037366328
662220362.8298167209
545204165.8426966292
587052591.0252232429
850123685.1556527828
924707503.4371175237
71774523.3651637622
685854221.7883000446
14747370.6605899424
409039444.8851674641
813120647.5981735160
305233195.3433834609
756840642.0034817639
52169678.9282620870
78155355.8170917773
629153700.2756145471
447933251.1846522782
840015601.0422550463
435348771.8483109795
756433547.4083351155
474093421.9549985841
483271839.0116609460
309525387.5897435897
397904241.0938121731
392362078.7799466263
908419715.4151557117
292297265.3340095287
360225687.2917781187
276943716.4393212395
328423732.8135307313
699668592.7771737439
908180892.3450095330
714038582.9426111908
880919736.7857142857
332145782.2108825342
305752197.2911051213
743026827.1017506661
685249018.8963335913
345208480.8507462687
311820334.2180158676
620019636.1471137687
860500036.8286781593
850776070.1527377522
641561937.9052757794
225481294.1258697354
215089870.7530487805
869139024.2407407407
152348928.5702614379
657105023.1387570256
959677261.9675324675
461679426.8952646677
430214551.5312500000
423021113.2779427244
917109460.1371552498
695252249.4571553845
486533433.6892307692
560171681.1425855891
843002828.2622149937
708496813.8511450381
467558516.2333779430
645490590.2755931311
585397128.1332644628
148566513.6668195666
718545477.8555423141
256276278.0574550292
204724497.4448529412
558515437.9620237597
109254113.9113924051
948422511.1166666666
425830616.2099233516
961525606.6766784452
575555382.9206858238
129681310.8973717146
549245083.0000000000
912349158.4075425791
669477693.1680960549
866722735.5736842105
173310288.3318584071
989900038.4231404958
445499461.1024033438
308161242.9973112805
630389125.5259579471
817175912.8028513658
241486995.1315643420
364069962.1935483871
863220977.4402420475
216904972.5827338129
324127692.2695835312
421889858.0916632782
454262053.5526315790
281651519.5440320878
86141013.2200000000
140578788.2323043051
463365769.6153846154
430895306.0815709970
903000636.3068464760
219546337.4606377900
855260469.6160000000
357756217.8953281296
346597237.2508710801
820642675.8282555418
759943326.6933989570
590298122.7610158359
164500717.0571494875
204570895.2578494095
661945277.6595792699
297984366.5893181355
56553612.0074671584
259584417.5491611008
920683862.2169857455
919783611.7271407837
261923816.1563855212
375397712.5032497554
830539572.3120372067
465520750.1224849195
573234470.7515485992
642278014.6654040404
217096600.0523678637
603943160.9340551241
185439701.3939562068
643815783.5072992701
429107883.2313432836
765972661.5445723780
562229942.2173318925
218394819.6521739130
706263307.8392537303
364905713.8933121019
710311490.6337472751
599343696.7290309420
683362592.0865133732
977756375.4610598261
178572383.9662921348
526177375.9723076923
783383372.1805225653
749364943.4146341463
846341729.8972940442
487847972.0851063830
540458355.5513954153
736497783.2742682593
582267964.0655054552
259748215.0331384016
200248087.0627195543
471395989.4335792963
412980415.0063965885
268862877.7672406526
934899734.9013403532
416472677.8250000000
548388467.5053191489
320510757.5400697597
540640961.7672090112
582925167.8886274307
608277899.5951828164
790241230.9945945946
943895178.3157894737
340103549.4508868627
569732446.7837483617
859842039.6741486071
75017928.2393939394
577419443.8333333333
939429054.6469603173
389454583.9645677241
506047610.5976849529
156743602.4832484220
569985310.0273431786
679742827.9446122860
786303290.0404950604
21621655.0109477376
837604086.6047262069
408128053.1702329692
604523466.7881211046
248381820.6374689908
57111657.5354201006
270530101.8767530920
908868295.9874199045
560892506.1022086203
109277373.9267548321
612444541.5614715135
619829214.2514960412
817217495.1135229930
937299832.1547017189
714163339.1334124264
522383616.9941690962
770419900.9409871245
176232174.5747422680
613771647.5415748447
326063942.7321248905
576680137.5620281836
702412969.0242024203
984461341.9461844741
996123240.3032988823
780462638.0057670127
594195852.7369730364
604122752.6517090017
285178209.6150370980
164754241.2803589526
776407104.7895758270
229814107.1356982826
443069933.4442675159
596441237.6487825428
98620958.5423802202
409351924.0201306361
426113923.7743074659
96220430.3247790500
473781679.0472831631
140990910.6815742397
883231831.4636871509
592729363.6217616367
127657908.9709821429
358967980.3152543647
338046513.6618045788
846150294.1000000000
857004429.4819580054
40991224.1004996620
628718162.5054090871
1952796.7776397516
498865708.7358095980
40158960.1274811175
34048701.0211444215
631315867.0352941176
996971100.3111954040
709383408.0940488038
949837937.9433535517
724806096.9209302326
703981637.6700879766
927620726.0026577768
829365981.6511627907
639423755.8944444444
317177877.2410982708
473441988.9161290323
547237020.0977954243
533313525.9662921348
259904207.1459339480
683266290.2755417957
257416797.6902356902
383126002.7469700654
186553786.7256137798
466609350.4692573370
664139101.0915471027
29011041.5293292117
424669168.7112502662
855732163.0366300367
539515803.0156776592
737204842.9989542649
881101023.8787336297
466275215.7627437792
19474373.7681300394
328795013.6421049074
356489611.5005604751
958278825.1884214460
471558949.2780990615
18705188.3313581683
929002282.3140916808
79365148.2866411364
50462961.3579816469
914610618.4351714113
15527496.3237936461
801870989.3963289413
621621563.4034267913
376361755.1615384615
914305484.9818465941
200483540.7046893303
671896618.2255389718
4068667.4082840237
32209712.4720228283
393524617.9365408754
405404804.2352941177
199997192.1407020502
920170862.5860655738
510462902.8974358974
70486308.3144571241
159526344.0091556460
535243130.5212738653
818127307.1765893037
975272123.7645519176
791863999.4168285289
231021412.8544117647
290731866.5837642258
137082614.5102040816
216301156.2278106509
154632336.0442979553
715854383.8583287045
316678743.3138598097
134497303.4132019347
147021190.2643677418
478643308.0664062500
51274383.4404136340
288836629.2824898423
421457467.5725190840
412453666.6878360675
325720802.1179183139
992924692.0452542485
932214856.3510928962
456834569.7968540645
966079302.4560618516
31479325.6190125951
132978843.3259972490
463577915.0788170259
989808221.0527041579
962407045.2659464818
571654082.4975498387
127565552.5516574408
371970188.1296534018
696829878.1466083151
87550445.8630705394
283233280.3810620114
17137005.2225563910
263872285.9076312984
974353599.0000000000
384185332.7890466531
666917317.7354759735
1779180.7017642228
860142703.8800688577
676171736.7539776407
752386061.4667863555
92709038.1049699657
935443848.8463508323
111173136.6308724832
753941540.7419028340
836752772.4798890430
677123534.2343477914
638279432.4224990952
789605331.9440789474
410855380.6320754717
598776117.5357142857
371895289.7048426219
20753710.5423340961
642962547.3779159863
686583470.5126903553
188884764.7526664939
344896542.3339528065
106326181.8169658056
376736717.1513157895
475973815.2675730844
766220057.4963312724
299275818.5441512036
103839280.0858248788
881265173.0928270042
638299897.9478799663
51629820.1156696983
433795924.3243002728
128582865.7463462144
231750294.5128483453
335746054.9829984544
146862615.5027171230
946414493.7809213733
159032151.4930332262
820982649.3913077779
380376542.0121622847
581837560.1548498878
965068423.8878205128
235503805.8151658768
314222285.2030612245
682541708.2020723963
122917182.4416000000
370732316.4691197595
860068872.0891364902
732575224.7121528080
296172780.8196319018
811433482.4462633212
780438773.4578137182
961076167.0506447410
96404494.7401715261
347618304.3103448276
184645922.0723615142
200502352.4878048781
94712224.0141150131
861073616.5064267352
2727450.5655883465
264062074.0558535873
363630856.3111320927
907817647.6836120086
642615093.5732371951
803629272.5581926910
425596275.2712453342
584254171.7965116279
733063799.5724465558
543540563.0872886505
644603488.5364543846
528207415.3184713376
938268649.0064477484
358394847.9783503297
760246142.7745896130
683761259.8829162864
62940937.8364306671
598331769.8399424450
690990425.2145958315
364002963.0968964950
674767513.3320933440
562805159.5967660358
810729345.8881842612
483455747.4670329670
555130602.7643557703
26124016.0598435256
445147446.5604178431
863517588.4226804124
627107302.6994772779
403201916.5945517885
914324850.0291262136
625715269.9116236512
628551836.2860576923
373811204.6664659702
47702418.2803809294
38641811.5362268789
925653115.7992831541
570660769.3249727372
911662479.2186693047
238484730.0814219400
780544431.5692307692
7066995.7137818341
299615291.8762886598
512095909.6531365314
241297067.4142512077
870598885.9663421504
635375063.1607396765
341177892.0743983771
528469096.3141224640
164231190.5181844685
969560411.7658168332
884875611.7334649852
868705836.2047058824
247944752.6561499362
929675158.1445010733
590621776.6129032258
595824226.4469835651
642142263.9334319527
51313491.1632183908
183658432.3149847095
990931403.4297152072
375805905.6433746501
120247248.3575221239
112547974.8984375000
961456381.6041962816
669091757.4682490576
289829622.0839070066
726545550.0113421550
45785664.4108958117
494988256.5423728813
682515192.8994491855
1898470.4062470106
602264290.7721265166
556784106.6516245487
549160806.7981012485
588412211.6729994662
957332249.9197080292
732112232.4265879372
56872546.3445080740
477359092.9068049507
272199670.1669191648
418333239.0775445471
885387191.0646842747
508690753.3370967396
653661101.9515038027
705463317.3423076923
23863552.8154091692
256615147.6169672933
117590043.0266135879
170753634.5087719298
478976298.3971261283
71642326.4770945928
228585105.5311878182
498979975.3371734000
207474895.4729649369
811571254.8032024212
339728592.4178186917
928993577.2927676421
392439738.5904761905
566625379.8386094783
563479612.0921955517
806674784.7812126062
935220610.8204198881
170785866.7850707851
824161190.8787150694
751036592.6303785379
900756417.3636363636
935515484.6557907170
189259289.2416090236
970267574.0746527778
867489096.0616521068
460349690.8620923275
240846642.8013764022
493269260.8550504053
653527118.0142291586
522466691.2355933533
915448711.2073761783
801902645.5025778380
296576231.0673952641
43576184.5437378617
521531157.5463793061
925999029.4182133199
316830464.3024921860
57860581.1437126817
432775706.2646234681
418994705.1499195070
495830274.5112605960
171893226.0737864078
563355776.8519753380
630315103.1967213115
430983550.9662510010
76911100.6365422397
979393009.4807370139
70837060.0810810811
122123493.1412708687
112691358.4236252546
209023871.7279343815
580678285.5754081455
372462663.8254103563
4330863.5617379091
419228567.8737864078
92674452.3099850969
105377344.2570521818
784260836.0108873723
37550142.6081195986
753962831.3873239437
859533189.1493749365
850819023.5264817040
453477066.4048582996
349775524.9035532995
199064752.1024401957
32284370.2857835772
709009295.0722495895
649655691.1134260470
911772827.0897755611
809846704.8642533937
67288089.7078891258
747236599.2148275102
134424025.2297553055
601999916.1489361702
463039090.3338788871
800602117.2430340557
451489447.8169164882
4452733.4395469750
948281342.0219898109
439695573.5577930032
720650919.8906253835
79730936.7767441860
944318228.9591849076
384649412.8181818182
502771499.5845317673
535474943.9416228578
318599389.3267326733
867019310.7992977795
710206343.6103379722
143350513.1197211979
396261316.7066653083
566034065.1627842203
58699052.9815147155
457168183.7797658562
280368127.1666666667
993195463.1909650638
68815039.8994643120
739165864.5890000000
461034912.3784546794
80528371.3111344609
845567244.8965517241
411709985.6024658517
282049220.0637900698
502433260.6032188458
128994591.5805168986
61859485.9552042161
33850998.9575018913
604031928.0581005586
227782178.1228249744
224936918.8040609137
962106332.4705882353
959170175.4285475364
569297191.5685407862
355069453.3054470483
693855415.0742056889
844893550.1081081081
687847375.4332294571
74455713.0974212034
133493264.0825309491
105787133.1137217009
434815371.7431373761
210685141.8440473717
854615219.3923633549
914206241.1791907515
831069073.9808663855
984452682.0079113178
339404063.2822533299
135431305.5945945946
491282884.5997051629
754670036.7243432343
864362549.9783393502
162345399.4416174182
752568550.1705729167
808125835.3685807154
831464558.1453313227
709897400.0119178616
563377290.5833358485
329379965.5299401198
374678918.9652777778
793319362.8250001936
177657898.9413435277
603837086.5954692556
114233703.9232595265
647593995.7984321206
204511905.0275535276
42353171.9901268662
722651017.3233354885
700252648.7755932557
716602932.2703723758
334381655.9664214633
63627908.4191758251
840556937.1506911654
128146448.9374514615
12671294.8210526316
716344735.3719008265
972450465.0499032699
472930175.9660251203
114287647.9012016021
904628858.2115384616
421924111.5000000000
630451315.3733826681
189862356.4312234152
228041145.7741108126
930304377.6917293233
223380976.3535825545
30644048.5420380229
379044292.1390532544
508671659.5904907975
132513058.0288718353
352961053.6593959209
477002248.3486766398
372316493.5927960569
155090645.7243711415
29968011.6458454889
731836317.4336324125
254710094.0181818182
662211858.2998321797
717637905.5137942018
928633204.2896580664
846323919.9077490775
726119385.2686567164
947593663.3588390501
932755218.6456835805
295366131.1976218028
936006307.8925139519
793589803.3091644743
589640594.8075089960
218218249.7631160572
199531309.1690672952
388429597.6019656020
75486341.9654314571
901662346.0920174930
386663677.0190476190
295132473.2769607843
430348170.0701659065
151090108.0710639328
232041904.3901728516
175098508.6105834464
805342358.4840546697
74140772.5000000000
346632159.1984858055
650843464.2963724332
641397181.1987293634
899735663.1900452489
307196844.9858002052
424673632.2821167339
752800440.0890565340
532895953.7959598525
201432672.7559212648
502560494.5555555556
359399959.5355718737
812643135.4101000509
838690223.8622865459
935374730.0813586077
423075713.5185185185
55469272.3210100043
979798490.8736551476
770673380.0195432657
868205911.1047077668
889749779.5404358389
628777787.7582621479
760543517.7753846154
272295199.9052631579
91485875.1905537459
756815490.8304906935
393575029.3034055727
680202932.1599179026
673791401.6438659038
433876017.5497127142
585399907.5417429032
697982666.9982451485
787053862.0871459695
876267991.7135547861
463780994.0045766590
880186520.2449981474
608465256.5633097428
344974023.9261408642
457906106.2635464979
721570834.8391901292
691516464.8922261484
990742594.8466962150
373818458.4571143911
485162820.6513761468
728275808.9436607159
897583964.9389830509
880435566.8827586207
773635498.6629207710
684749477.6019057839
460778984.3050601622
526286878.4805517790
176121208.8790917420
150866441.3605515043
614521630.8947368421
342041972.2899395499
111579833.3811188811
218847203.6200491354
620515338.1398781321
994392608.4550989345
78365220.7496557757
521660921.4636720942
467220587.0085298669
115493373.1660231660
255727.7899531138
665343391.9637931035
476912699.3356379408
369617465.2006372459
931967276.5489433873
272160236.3178807947
820098068.4622210471
663323703.1518438447
337677417.1669793621
490918108.9326085608
120204055.8079800499
161386448.2963567761
541642207.8279932546
949214870.7116935484
982616762.4169018078
22355138.2277782733
924739613.2933333333
445195199.7990930794
259751865.5368070719
522754850.5584551148
51274162.0159314801
83549496.5047923323
212933449.9870129870
327691676.3233905907
135385002.4560286456
98098944.5421021156
889604513.1864708375
6312532.4718543046
879919378.8623247379
398903844.8605279992
954339764.1845220216
819497833.9082568807
142392733.9462759463
619215010.5802115648
578500177.0514451695
759061443.4938207312
860996649.3635575224
596332030.0565227175
37301914.3247935523
871542351.2034775891
690048000.6783567134
946584375.1545366048
769410297.4153297683
149543840.2234109137
668001024.1587030093
138545950.0831702596
976552059.8171599729
924448008.2145249166
722157744.8997820174
821611581.5155205004
853679280.7326237116
556479208.9922525035
908865364.2884601509
905085335.7130434783
861783961.0115438916
208320271.8641031051
253883112.0404527527
331631705.4714790704
488632985.8922991711
562088763.4985994398
51145996.4685762922
873970054.3542976939
565310339.9300070264
788397458.1692307692
21629196.6486552524
908003533.7010322082
990890358.9180439341
465480714.3943774162
299913251.7921003337
373949049.8101265823
584222000.3603812788
702735834.9705882353
365066146.0582524272
684437938.3978779841
944005116.6666666667
50367847.7664714316
159653851.4393564356
678182229.9724770642
665200084.2509162774
78559204.9414830528
46873973.3591731266
47675063.9083094556
735507929.8806241552
712973877.5201796985
74019617.4074016878
52684669.7064017660
337743692.2644406215
188332491.2179642632
118470637.6188524590
990630257.4801165132
12149442.0403234826
85844005.1560693642
818438857.6463386178
229324504.0392968516
552946330.1410145844
948473138.0000000000
127553679.7470551476
753634223.2841605551
83286799.3817589307
202543201.1659574468
543997138.0951526032
700588965.1484805136
686453695.0864797343
558379028.2395061728
619941620.4792719919
275998968.7562513602
584708335.9423076923
15828101.7324195863
638367771.8962264151
956639398.4484126984
108717487.2736134335
967080295.9550387597
986446556.8924832211
389398698.9537646407
733021815.7226386807
717768696.9416342413
561661546.3431635389
918454621.8274698618
109217968.1911011077
256989010.1798633585
64295650.0716253444
761474699.1331168831
748003126.4119604492
31666161.5483801964
488435813.9650798139
130745230.6376811594
996536043.7342348098
356321232.7247015665
573153632.0490253328
712717040.2541624107
646413508.9142857143
359713683.7103109656
976282627.7849405107
499673723.3210831717
347239205.2281368821
513088871.1610022109
104332137.9111111111
831416420.9275362319
442023506.0938775510
58426423.7305555556
107090226.9247205039
788662777.2327964861
239859130.9418394710
248610235.8143889717
435351664.1775254114
970097734.7065331198
94107816.6027195540
900962951.0313023227
598399810.1071428572
736951090.4309418258
911303233.5217862674
189308291.5546800243
24879630.0318777424
566492657.0504142919
930390365.7728544428
46166177.0801096544
219279179.1047120419
367120875.0784891272
516635800.6994553655
179750228.7368021365
95823887.3857309189
11559031.1349467016
146627443.1108986616
860386070.3758632097
861825617.9225259534
721880397.9406779661
191512090.4823802324
57102496.8447488584
331980936.1919191919
224586927.3760162602
148567386.5796319528
909686936.8067632850
721139412.6375198728
987551709.8319327731
496360830.6851851852
428160231.6868686869
546683548.0163360560
249249709.5773447455
261755541.5750000000
244998822.9728196096
199056624.0050505050
590534400.2206430936
250800090.0751036042
95169399.3484320557
816395688.4203578554
60273653.1653846154
528277236.7884562833
583850641.5633931939
183064045.2909090909
698828277.3940306620
44639214.3333333333
10820961.6151892656
171992199.8082469089
95081256.4028376292
645532986.8944037005
719984214.5344333692
374018707.1309017536
880200330.6666666667
73227114.6202375291
421959677.8231780047
229122703.7081018063
122108593.2747035573
404512052.3296324651
832460122.7526856145
788373165.6043368431
499528226.9418200848
104558140.7439759036
421456897.0829158957
986357147.0659340660
836410244.9242026447
204488447.1878277574
673058348.3093525180
230800522.0644529697
115304747.0948275862
152263633.8607222219
757809786.5232159179
921982276.8894736842
244593520.0603093109
171319072.1238966487
201784204.7763089755
980220856.6171150283
601666916.2061768327
936789930.1890185666
132039839.6942235775
155550230.1517857143
571357230.5299154492
520231605.5213869972
491391735.5483573374
191876982.0086079989
142774667.0824138301
435419082.6505664267
8026668.5671936759
307284679.7801980198
68409725.0553094083
670202978.6942003515
599057947.3225255973
246549752.9902542375
503378582.4597495528
826366321.6031624216
973124261.3096926002
784023129.2734753416
522482944.3224148999
46786234.8180110430
117999918.0238042329
467678102.2300589120
242026662.4340734769
241393420.1668555141
125036530.1877794337
613724950.5400685745
774597878.3490471690
141457442.1895504253
205403848.5950234897
654195097.2152858843
342352750.9696969697
313356200.9237804878
3853947.6926229508
402105761.3716470227
719398051.0000000000
447027232.2288025321
440071615.7555353298
14783198.9458927822
649995005.4117503032
425592292.0480451779
427429685.8638638667
38792870.4759284732
626241572.5134887874
141340073.7308108108
870470251.5518154799
451415363.8293537565
408699580.8956834532
858261037.0527994904
876394717.4398541920
560794999.8333333333
109611279.0070511680
370980617.7174195749
463761149.3917176792
629039598.8381502890
533434178.4728066708
95010747.5166571425
696756829.8038404583
189211432.8089618348
883888748.2688069895
600842038.3767526034
72576685.2936485372
930033821.2879763445
752319783.3509260381
307573040.8815186806
186143337.1310471288
292595359.2953144185
60754666.2972378822
663711068.2764985464
668414548.6415770609
234909084.3158494113
392123429.8702460994
82256483.3430518147
903105026.4724013948
805654328.3303571428
457340352.2316831683
374511079.7976190476
79687250.9698890650
572334773.6366901752
150589722.4124128050
666853144.3120931135
210021474.0598502396
371373544.5328219467
23963431.3180958648
282021888.6572191724
119374475.7613636364
422971336.3060498221
477877848.4098904174
112627051.2893617021
685348997.1197105109
133333821.0622223306
822828741.0000458850
407200768.4969083813
766734596.4349942947
103749635.4767441860
859952741.3659516471
112967229.5187376749
445275265.9811529933
766994947.3114499288
145120248.9658119658
756965373.6816143498
661333136.6188118812
560212863.5251025920
135436105.9948717949
399697876.7849067449
329123207.1737089202
337660250.5122318176
565933229.4221382237
579522865.2834821428
968066321.1875000000
600763964.4314128376
204527899.0336466698
182335775.3928950125
337769643.4065051341
12278019.6993446549
513768823.3421439302
155392631.9019607843
553259073.0149447439
21884746.2796296296
232283672.8509626847
504481102.6618497110
388173523.6113689095
952107640.6274180935
636125016.8846772150
626048268.0122282144
391579861.1807641370
472506658.3150780806
668419816.1300588306
305496815.9158950198
201554886.4370513214
380388452.0853425858
874652830.3334651157
760722073.2740084617
551815223.1706081081
128634211.2102625096
990316177.8742584682
600096203.1547796477
152041040.0539449259
83350645.0274725275
618044139.2033140869
593409994.8829697741
49690506.5147058824
161523094.8492760641
305874031.8840953327
915716883.8800000000
537908780.0427545508
866332858.2593856655
156749009.9928315412
40118604.2564038906
209578302.5319693095
923707774.2964601770
646908180.6013218141
591695994.7642592876
359874692.5853658537
236567125.6891063634
66350056.7220611433
730589284.9606382979
315492743.6257123734
970474039.1033653846
192901576.4896476082
307553225.6410256410
868954284.9097681112
952056186.2671826465
694600758.1191931693
204085732.2303350090
741624127.7314662273
625535334.5157545605
602922139.1639344262
756351525.9160530192
178657377.3673479661
599667281.2985361473
998363838.5360214469
51496042.3334974154
905824233.2652916272
365087041.9225989337
689724909.9129868491
599411660.8820106644
893499319.1129476408
494044395.1439393940
351433979.1049822064
887856096.2694063927
732463716.3519252546
157120816.6138176485
528985042.5964125560
32233255.8360679355
797413026.5940111799
663048995.9663299663
903918974.4162744149
541406835.2933220826
415268552.0631956094
458491141.5058779908
270759755.7825962357
411063028.6912874349
183497750.2627235213
506289924.5786198281
880613123.7400108107
809912494.4557490959
214801044.2762651837
750435289.7049359084
189133462.6477660845
787264924.1564885496
609879188.8918749616
629971910.0601930635
892258048.1011291748
106286911.5882293105
870348321.7344541090
692487283.6104984111
786609449.2631730662
191263953.6634791075
136361844.2038461538
704705675.0420542264
353056219.2302904564
576603629.7677419355
567337590.7762711864
452382800.8963555670
897908953.6186252772
182548850.2169197397
807093277.9875000000
72905707.6250191501
890610328.8710542092
475718233.7161249057
970780540.0728571983
175282247.9065868263
349508361.6918037463
352695596.7760930967
637025992.1525591636
4450843.6817602966
303558019.1077441078
230574669.4557611716
628435464.4478509255
232311102.1407459452
780064292.3028295876
359965844.0729166667
365373487.8117782910
101862734.2000000000
95364991.4592058771
369718349.6994082840
384533815.2756608982
46090563.3607676153
918211930.7426521092
880076362.2534722222
583547997.0945750217
280249485.2610914889
816691538.3930131004
745758617.1406250000
643807907.3084415584
669786534.4720930232
107074005.2806621742
619278849.9073783359
9393564.9254652595
986403491.6756992721
677925365.7424892704
118249891.0444673036
10780732.6638418079
100152413.7815445225
288777158.0580193361
770815167.3464460773
976256272.9251870324
718700234.9051163004
722230467.5751681221
687549231.4198446024
956608377.1659192825
634427480.4061448594
58310134.7250594080
842725244.3129294407
554452894.4250589656
628235939.9074889868
833725746.6502468740
11502871.1039372902
986765142.5502127259
878237815.0224633061
693896615.0696494944
498817565.1613914361
61227650.3842810002
915700064.4589989351
335487919.0978173984
843016620.6255044835
139832322.4840042189
382216907.4424032686
418497000.7111111111
407947383.4024477570
298207478.8437500000
678758900.6909949336
711041287.5814371957
452105576.6200650305
808054498.7018163946
255520724.2417598670
926944399.8346355023
413453563.5762897914
68028150.6818181818
743170656.8997607992
611931865.3414449340
560787792.6278688525
113198972.7607936065
321069958.0754716981
373099130.3113352025
411365346.7328733891
669415294.4032258064
79295014.0713951086
795944209.4609998834
924826394.9314146515
678169407.5678751022
505281963.6547827189
163527191.0000000000
608096977.8948275862
414168995.9848453781
220194791.1137855580
646606476.9934827279
208769619.4000000000
695827248.0117416830
506188816.3442622951
206828295.1375146108
459321429.2695316403
758203779.0521327014
805687948.5282608696
682850411.2217741936
153238039.0256008665
681765388.1806809530
120482515.6934306569
629602217.6081382300
966690588.8540383455
129183420.6604823748
164977233.7718922331
236073304.5454545455
198748553.8466029658
286475782.4865197130
496853311.5162127108
730985143.9140767825
921036639.6018790723
534173637.6821829856
183401473.1759683693
839550738.0292207792
35036470.9652582705
655517763.0984848485
867179049.3541986109
652268435.2751031637
710842223.6403921709
650908874.6250000000
771230151.9725612216
307474828.5254901961
934381565.1308098743
547135484.7938437719
889387074.9200863931
573868779.2930174564
536802531.0473185957
740707084.3772801875
968606660.1644939608
562992382.6950486326
895177350.6172254524
416644867.5224274406
977556584.4517285110
699622040.0536866005
801786471.1684564641
929766033.2918345465
579620134.5713492848
910206114.3429250591
147082306.3649289100
982526128.9657947686
828659927.7724900235
716364392.0085994582
954517735.9318181818
907608953.4173563095
249044091.1907601460
660144030.0258397933
661603839.0690079589
881033480.9121163448
588027940.9947430816
685119668.0646258504
736375024.7040825445
897252710.5027502750
175373052.1618852858
204878014.9866986023
439277423.2152997415
736064125.5485357599
699698379.2091525248
280267113.4624395545
596789456.0623556582
286629511.5073913260
887487560.1388567442
748069691.7149127133
224171723.4391111010
955583779.4555383153
796864899.4137955784
229896751.0877949932
943787817.6336996337
294787382.8022922636
395712922.9604812659
858973481.0801195213
837518280.1916147028
971711125.5755552748
341165002.1151850040
775754314.2834170854
450802226.0000000000
748579475.6762589928
579315301.0808823530
80255645.8031909147
896174875.9635974304
357975716.5698002933
623260825.9213483146
272990735.2257871422
852270808.7386231759
147472692.9874476987
698548081.5315515510
644729450.8414376322
125880787.1942656632
426383510.1930213422
842008710.9889559235
790998011.3073309944
573816092.1397631619
930316214.5677966102
670228429.0068743936
660109863.7429643527
305689425.9583462663
415080290.2380212643
277617463.8066372355
177043865.5607798165
871399975.0000000000
22499674.7242063492
245047961.9777297542
137382018.6162274322
582921194.0144947118
385671072.2709923664
161523607.9302101769
290989388.0805063838
462228508.6652979278
745853858.4640533543
350072710.1410453291
840153206.2432728144
73999363.2926411523
85251984.1236801155
478609865.2794896236
741942299.0437500000
984453165.1964671805
433003043.8314620174
457507895.4509588812
257806308.0607214208
345496241.4779046392
983161571.8103425695
10187577.7655417407
665165045.3381088825
