100
3000 121 0.9980522144494091
3000 39 0.6214264176481694
3000 135 0.5511401553868309
2716 68 0.7690328863035685
3000 62 0.54049556192781
2896 91 0.7346866924471941
2645 164 0.5882337345000412
315 25 0.9918229436821577
1840 149 0.8015997375505994
184 14 0.7347405249181647
2220 14 0.5802514048791076
2705 213 0.5907095093962955
1628 10 0.5170699528488512
105 8 0.973649099922532
2524 79 0.7905681826052038
483 24 0.5078630507101312
1301 15 0.920307793575742
1343 41 0.7608402479458649
1280 117 0.5756631581713177
3000 6 0.6128288993437406
57 4 0.8731705129190721
3000 1757 0.9670775954951097
1966 131 0.7451116057492349
580 40 0.5323848799892076
3000 2462 0.9151227339986332
486 47 0.6088001256743635
938 38 0.7897978443171558
1 1 0.4
10 5 0.9
2681 212 0.6292711275047558
28 2 0.8093289629892031
1995 43 0.606665253419101
3000 48 0.815240333295067
560 50 0.6164236281294888
3000 132 0.9234418745440136
2 1 0.5
1639 78 0.6320099889870112
2941 219 0.750339808465424
1349 8 0.9259585583890617
3000 50 0.987
2 1 0.4
1669 148 0.5130884739408568
1700 38 0.8295364471115911
1784 105 0.5553988018698346
3000 148 0.9286954412715177
1650 19 0.5949213049477194
1041 2 0.8621913147859378
1955 151 0.5602392142886337
3000 68 0.883581865722848
1459 63 0.912155057992883
1390 14 0.5106464421058559
10 5 0.1
1439 66 0.6935289796922106
1310 8 0.8267567986426194
2728 33 0.6383918982883392
3000 1235 0.9966125411381052
3000 195 0.8184633788266845
2328 222 0.6500368771809666
1485 93 0.5120827205418934
3000 160 0.6579502846146681
518 13 0.6732217861720134
3000 835 0.9304641233983514
1830 156 0.9041155517689629
920 73 0.9641547061467182
3000 125 0.919826528587413
954 95 0.7355465407789914
1 2 0.4
108 5 0.8271332798371511
857 9 0.6174923581726507
2357 89 0.5733587844996094
975 8 0.6127093992786137
3000 50 0.123
106 11 0.9453714006516325
10 12 0.5
2471 171 0.7912898049278603
1210 61 0.7305899551775508
1644 152 0.7200455565009933
870 3 0.6950578028601297
1548 133 0.8113304831177826
851 84 0.6340859612251784
2973 180 0.5492925581220062
2995 273 0.8260852265030816
2167 64 0.5224150974962971
558 46 0.6810346336176656
3000 43 0.8371587587474507
577 57 0.7250292186492058
1699 6 0.8047726667160371
1709 125 0.9251580120777659
17 2 0.9150140896516434
778 77 0.7942097176204908
3000 854 0.9720202238293681
3000 27 0.8186760818824159
682 29 0.9403256533894492
1836 8 0.5844578504948079
2150 42 0.5158420224617499
972 59 0.5144525344188575
3000 94 0.8689874881448595
2945 14 0.821878518509422
2127 96 0.8745616405293963
2582 134 0.6374763026733724
