500
387334194
145613418
191275377
576425059
922166455
855866019
218153893
675028396
526279115
704465553
480562432
110751908
512808857
398741465
556155356
482070059
695395394
114129247
837279112
657730542
912707364
917372149
527069372
926841533
931712974
549568173
339739222
68141349
321351210
669827359
722608787
185449025
259863962
441279305
102988792
285737372
570049014
270953546
441823731
613172474
271784184
316698071
821569615
406328246
902566345
936768351
173096472
204560060
188799084
909533847
952600999
794544303
102669531
756375498
324693553
946792787
912608562
109831808
614544982
878520592
707870853
478561665
168492166
764725527
969457264
855390497
886551548
715881416
29540461
18403053
571213292
251345800
137950118
661727207
562195349
724809304
466288190
421067013
609650256
651980533
379413388
923062262
752106771
584302310
804157915
301149489
470128706
426933606
117700501
691839207
252118330
214031611
630890959
271835512
646868312
568012902
251529779
119953862
676912020
421601353
924589936
563740209
912238168
496377523
849191657
162572841
648313503
995105812
571761187
24378163
497249996
329786127
145251975
197882600
76984633
978461963
48538830
113155783
597444198
670937825
638821898
854102815
203506579
875825261
742938723
204425616
141503701
373373119
568627190
352251536
642762445
643366495
731932986
736158492
694612153
961008582
623496604
398863162
972688618
69773200
767730434
141775327
424979404
430121322
514386796
759054832
674581538
430833067
511291339
391976903
519584016
378474753
711368764
218043244
348028907
536675115
749194134
725378564
27750239
305637632
221431112
675047963
653715914
396127406
271573868
901952670
73826022
980489319
807772946
147249517
168209817
20358830
196631060
123514159
737316747
770164436
324830095
962780231
670877604
887242141
798967820
316774477
937164357
946309805
195893548
606909497
156369043
499637308
597491191
791853281
488245928
509099203
6561445
953577958
997072550
285516216
67922190
175786337
674335760
285192260
557345035
556156786
551097589
704256379
493490429
240321377
392588140
438873855
944678580
911926512
484816276
532302946
153621741
213978450
385436108
357645287
274562274
408928393
798324886
394586251
506472656
987692058
598836401
641890038
779917112
165879621
755036231
41964193
576432912
47432703
406390541
11493971
774644945
900830261
580604900
812175298
52301856
16600457
309211246
924660746
998702648
86961315
497542883
746973377
901399767
544842586
859464038
36205575
540978113
153296833
152251974
665948650
324523937
179883130
862135139
39651186
594421659
798845752
866880990
505281028
497243338
8397809
390147911
677559437
295591347
608512099
206158893
56655535
49656848
393911486
681081898
677098165
419788412
500626401
103474710
937345235
316086152
877471977
373782568
255872590
52533599
51535077
863590371
467788793
508166491
466755334
248623600
4387212
636168950
114983891
12855280
231249186
9412030
344613339
422108937
295606921
840446021
973877480
440354338
551063322
829289141
386718978
740101415
751476567
724351133
843576273
960984637
404464566
711583857
100174119
601020836
522300658
516998268
115884571
183800285
968563208
648086261
299128148
334661877
70898360
227685380
881613612
682174592
464258783
579461442
208716337
486051118
914625233
326949451
319579148
823143603
420016129
205403362
93640633
597653485
36012367
252854167
23867382
115648076
120215718
432061114
393695357
985737174
723911305
68651401
304462080
534053795
916991587
167915843
862325405
634046684
130498050
701786629
267846010
297595653
721602910
309266000
712486892
504108757
696556720
337921771
195722883
958673870
21221297
23479598
853628919
355719971
554798401
571090840
615890740
727228928
705604236
489770959
86443796
167702325
723218324
977503902
580113288
95341643
178945462
697119698
391006054
19410881
679718389
557280080
855012926
133332030
61881801
24497434
339600674
372385882
602014418
89211804
638230379
218176577
341695209
852193693
85121423
759944652
250621266
963699265
319713144
312498159
673448291
616625427
379947255
923552455
163420708
773512167
577284345
344765753
587028517
406773672
928888321
603269604
548753094
325432405
104695680
736099619
237217
713235302
123385868
987032827
989351505
964034470
106734166
351609563
981905062
427626595
350504011
869545483
91675726
910006734
157009259
524102656
767198467
81659772
697129865
86916655
705174713
569426283
784111892
465812087
659797903
753050184
29690825
834172756
786882927
831020691
8972662
730497186
148133396
809149816
38148230
735205288
379784897
293069841
569706399
675716103
169116624
843166587
446016516
665387420
868506782
515068918
334944818
252173533
731251977
75427758
988476483
397712037
31556554
700464141
776073054
882302459
726262815
738861560
177905114
433447278
335347
626400520
409702890
591249697
156406987
177664042
856882007
429810555
545738468
159642809
946659533
605652727
860876690
593149976
179634386
911267676
894398425
495085617
996845831
78981602
737388447
