100
7
867581364 868310373 291196402 904844988 599229989 214665906 998371077
6
205 228 666 788 795 864
7
171342230 57021452 125923100 346713449 256732530 775543878 854786343
6
831 691 489 442 329 83
10
394972861 123043426 124893169 330557681 438127742 85519908 218245243 200075110 68109964 87943904
8
4826 8822 7555 4129 9897 2602 7446 9356
8
8692186 1002490 1201633 8412611 1061110 2240063 5803380 4512749
10
130884096 181701020 167854576 641146411 991744582 811605277 750213851 382629729 962776477 562158565
6
544 224 151 173 399 682
6
31230224 681220100 317515703 414971309 401426991 56080715
10
5730 3655 70 1301 5020 2781 104 6640 2999 3031
10
9287 6577 1706 4190 3979 489 128 7920 2998 8059
7
103 174 500 670 915 903 882
6
915 466 189 327 866 930
9
9528663 9134945 138394 2370077 7445566 6272016 4484657 3063136 4854888
10
217 9494 4989 117 7017 2582 5050 5199 803 8598
10
484896265 608363793 304172458 86280167 701734430 324024731 238776819 100192287 826955581 293439014
7
862 573 283 16 121 398 751
8
6546 7718 6452 8835 1539 2845 690 8824
9
9723 4267 237 6030 4781 8832 1527 6835 9349
10
571969612 109098878 233545896 702566218 483707941 299237874 532341917 55347420 126671487 494457682
10
831 659 468 164 1 145 409 576 704 879
10
735 531 298 221 120 125 260 444 651 838
10
179580625 60453740 188680743 969147481 889702187 962713803 685999513 371807835 929031720 753903329
4
511 37 318 980
10
991322397 952003852 757822777 826538425 62679160 792050609 357444932 190538754 460591796 958930590
10
390662819 613435641 342531112 117814903 513799982 72827649 135554770 981268132 851740952 749059929
10
136069836 33342718 452198496 782492219 614753660 453076317 454316404 761740985 563575285 502308921
5
498021478 74587298 34911766 709673874 193172680
10
680 497 427 154 103 153 373 442 632 747
10
657 471 326 226 40 217 283 346 545 711
8
3918664 3599020 5685868 3564605 9473626 412400 5999216 6414802
8
65 161 217 318 433 598 474 470
10
8157 6759 1060 1554 4685 9004 4999 2094 6621 6167
3
882838111 262030275 733374783
8
9718 8953 2015 3267 8363 4459 6371 4540
10
923 764 628 449 328 355 557 749 894 947
8
3448 5345 2170 6706 6434 4880 896 9624
8
422 458 3331 3081 7220 3220 2224 7399
8
6631 1629 4693 3255 3220 7279 3440 1717
10
4144 4909 9787 5668 5058 3836 8362 8794 2633 9632
10
627084443 588213952 309638883 765135844 38476556 753866902 804640690 147569133 293694916 730695753
8
5912 6731 7340 4283 4046 3924 3202 9309
1
417896623
10
8808 2737 2149 451 401 7291 6373 8556 2535 2299
3
1 2 3
8
470 3744 28 5034 9361 5196 3465 7363
10
957 865 820 245 105 151 529 841 935 970
4
434938499 198218832 368787538 953028636
8
30072136 984267391 864082873 883626069 794301526 999182673 718841456 203949814
8
1909456 224367 4516560 120785 7855063 5615454 990009 7475850
10
946 840 570 291 9 259 488 571 899 991
10
9310 1073 8001 2822 142 8162 5460 432 5928 2739
8
8267 81 659 5453 9656 217 3967 4632
8
6500 5926 5607 5633 1755 8948 557 6782
10
116834644 243798354 40953900 829522853 88529700 831174419 149693964 473672756 869928992 936399908
8
4604 5268 4223 6009 6813 9162 1431 7198
6
621 396 89 279 617 932
3
526 5 129
10
872 495 188 121 16 43 160 335 622 950
7
670407241 329743195 528142658 649322614 576783985 163958704 288507492
4
303890440 195187794 927323264 693999674
9
2668 470 52 8393 2037 3272 562 425 3354
6
663 563 486 508 565 989
9
1623 6995 8135 5357 589 211 29 227 7597
10
897194885 854967182 145240463 87339682 957979457 741114387 314552716 215162220 514331925 808502337
8
310 434 4717 7037 8682 5628 2975 9659
7
645503293 728634186 140403677 145314271 752714563 851980004 787867194
10
813 764 571 455 110 235 468 698 778 863
10
53 222 244 817 761 729 725 504 497 318
8
10 84 369 449 847 844 648 579
10
847328878 78082694 64507184 414054802 822081529 99854151 328931267 433417375 412713860 576484043
7
315 358 589 938 932 678 643
4
660897916 43895166 650259586 743228379
5
1 8 10 3 7
5
992 542 250 273 796
9
4 47 127 194 793 657 573 301 210
10
9130 6666 1215 2996 6036 4364 4316 8213 5377 3353
7
311075787 921466807 326241307 817996156 342235584 218291968 890445161
10
913 666 502 276 78 154 329 555 724 976
9
2761 5620 2471 3935 6218 192 623 595 6495
10
8724 1537 6211 329 3470 5500 172 6706 4923 2095
9
733 657 532 488 28 283 524 588 660
9
129533058 688611 101867199 35157697 957888450 941399518 261411033 729765181 537169985
3
988013219 116618391 334441874
10
815 691 500 222 6 35 498 609 754 918
10
9494 9373 2630 7226 4920 7342 9688 3306 3117 6653
10
305321061 712808522 971677730 544135778 844158284 239409038 808350040 303502549 381376481 855683184
9
8336 791 1363 9422 75 356 7922 2144 355
10
8512 689 7896 2854 2388 5158 7384 8180 5353 7420
9
419 2100 289 977 418 8677 4644 874 9411
10
109 944 905 868 850 515 478 371 310 266
10
8133021 1866353 7017343 6470010 2658083 4361507 6576753 2522991 3609305 9169433
5
354149776 71630741 970986032 726147137 389512429
7
242338281 500548682 430471969 61174117 145235379 827277560 946469895
4
435934 7707502 6592827 1099463
10
895 845 667 551 278 405 660 673 877 930
8
582 359 345 64 112 356 453 745
10
9666 780 2885 2573 3173 2055 7154 2986 4275 3324
6
337000853 211819283 431597472 150737538 65657174 800474702
