1
2140 5195
2613411 1553503
7924078 2166996
3491082 5657326
3249379 4934392
8137217 9581559
8176729 6826130
353529 6809336
9469040 8265944
8987945 2282745
9600206 3992140
1923369 6167457
6095359 7005115
6506009 4001784
9366066 5374922
6157459 1542177
1341762 7480323
4224776 2569431
693861 5762549
3484559 8661039
9874169 6953231
5956318 366451
6944774 6421858
9378771 9598581
3278708 6270015
9775668 6439784
361599 2623011
9287392 7451827
3317450 8856679
3399861 4917710
133940 1322580
5430051 4224631
9166589 706457
1371243 1401609
535693 1465522
313801 5342358
9121022 8205298
1975218 4482425
5539547 4268085
4807624 7821969
4334203 6756336
8704843 7728387
6761760 6690643
456584 7961120
1522801 83452
9761750 7861854
8487728 2123
5107898 2571287
548289 8843559
833821 5330316
4874070 7837347
1301735 9346018
2057928 2323422
7024391 8273174
7476175 9947251
2637540 3510873
9744801 4438377
9838310 9285611
9827605 4173529
3362188 4812970
4801061 8702017
8264526 9760282
8626033 5193488
8031485 6436624
794518 1507365
5693843 1452389
7428774 7937332
7668541 5346879
9363123 7339702
2500688 3909836
3575806 7973175
1774606 6335898
9759528 5531239
3449938 2108252
4776860 3870350
5608734 2234112
473717 7911533
4175059 6858984
6983049 3464512
1810963 9585799
4882441 6536243
6468394 9049166
1237182 6041040
6185850 2126317
2944972 7228223
6556227 7064514
8332019 5762083
8809151 9222868
9987247 891894
605169 5897396
2432663 3755915
3200594 2926903
1317219 5531224
9807121 1165285
1934293 6623367
2655545 280186
8743755 8368424
8995448 5470538
1682611 2636800
8276299 7319990
4112410 1976263
7398947 154415
1820507 3229247
5155015 1066341
9234876 4174861
2505935 4255548
4254845 6712503
2262024 9609202
8367522 4889720
8585508 7958753
2234261 8634446
3227234 8122210
5237636 226210
2233152 5165995
3310913 4727013
2265628 2579761
8103106 2758186
7938287 3791416
3691022 2047789
6711627 9179877
5117579 1215152
1414695 7011432
2766934 9872428
9287349 4302916
1173169 8451121
2453648 261838
3893943 9932344
8035684 2839191
6592826 7184213
8518138 8562841
9531318 9910753
5785243 8593053
8032433 8664123
2437467 3587486
9528958 9819935
6222489 5265979
3104317 7669765
4742481 2357983
9156754 2492453
801962 1740611
218624 4822980
8879717 3434997
7239290 9039565
2067340 6622356
2817248 7797712
296583 6179426
5270022 5882267
144630 6126811
4264211 6724973
5943708 9443222
3130235 6502489
7397538 9162601
6394468 3373495
2913107 7530940
3318448 8156697
8701003 7943978
2533949 9047703
6762016 3324648
1308665 2702810
3505233 281351
7013974 258606
935623 6694841
9345874 6564567
2110283 5915121
3193702 4317836
7114723 906778
9689274 2638192
9438620 5676589
5802874 2360634
5110128 1207187
7245416 8631312
4687069 6721734
2237767 5728030
7383393 170855
6735446 3509306
1362996 5352931
4437364 1425214
2063743 7246133
6717216 7082062
3038726 8187919
52582 3168671
854418 1502964
178871 3614078
6391823 8889695
4833707 2506207
7458875 4234352
8059568 7265621
1579900 1851294
7754843 3745336
8684074 2092359
2504128 4248213
5130457 4579765
2540309 7014824
3848067 4000317
9597442 6116820
6476491 1130543
9198889 5946181
6045848 2156224
2048504 7810394
9494699 7695483
2943734 742427
7798334 3856661
2694318 3431068
5601718 9700513
7153846 8029400
426862 2392935
3237108 8398948
2456641 8150280
4176372 4531886
9420441 2893127
8124741 3072315
3508546 9885058
9211372 8505863
8234075 1898328
1852032 9850349
326279 2278593
2605388 5389035
614072 4272058
897211 7099582
995457 3092576
76007 912674
9434126 2735124
7375076 4896714
1630526 8696149
4782069 4768871
3982770 6342318
7009817 5111711
8909468 4502644
9580518 7375963
3545781 7169517
2121855 9368085
3406029 2945500
7603627 7415533
9442320 7322241
1052982 3471318
2672711 4105201
3671303 1193709
8224690 7466948
8957922 875311
8071557 9215045
8508833 483332
3398228 5163791
9931010 7388604
3465003 6813042
6267529 5693395
6122385 2034423
2324707 745019
1349377 7876478
6238496 558662
5614904 4171780
8139170 8791105
8159842 4434148
9623388 5119030
7364672 8667366
1030761 7496159
1538048 4601283
2689430 9266026
476267 79248
7179719 3942610
1996249 615852
9882418 7493508
7190345 8328680
4045682 6672612
219651 4593507
6381050 8371900
9739050 7453492
1008990 2890148
503468 1219852
6720390 1306817
5009377 6234220
496921 5516270
1303324 2783677
9179375 8780351
1192874 2671689
7738029 1010085
5964688 7989118
5352485 4731034
8349674 9342813
1866630 4509278
6771145 4005466
4603847 7192530
5899473 1845398
4202061 9458237
3819648 4521218
8612168 603323
3125674 4302122
6755769 7192240
1919976 232092
4788057 7015662
1269215 4922429
6039317 5655720
363312 405436
4811010 2845041
8472975 4002447
2548989 7229677
8705692 8739417
8221036 6346487
3666020 4340706
7875322 2757071
8655735 8237293
3765217 4181930
8060113 2782781
9526781 7962652
9514887 2222070
2281962 9815201
2827650 9720061
4111703 4564829
2441361 5692911
5323110 8545871
6484350 4688931
5950663 5490695
3498552 7687587
569423 2993866
8850442 3032115
5628408 8123192
8357932 6999606
4360255 9504537
1390056 3655834
3237834 1307308
1480476 2612603
9424039 5520313
387464 9797600
9366100 2684262
810926 9934234
9218205 9003451
2997025 1510631
3259758 3646412
1266787 603782
786987 5042646
3425102 7006359
8625993 2924414
9373073 2376249
5289416 8041213
4456772 354619
1845532 1865383
8377240 853571
6855489 561890
8875417 2295337
8611594 900577
385467 8919885
6265458 4007173
1288374 7774245
5067704 611280
9854252 7274762
9744549 6506150
919028 3395755
5891757 5031933
5274072 3058083
1639198 4284028
2883034 8381089
3383829 5651874
9225154 1062583
2787536 2650669
4943411 6923260
7517633 916194
7660869 2649656
4032966 6807619
5736829 2059389
4675053 5604695
2344329 7456407
269478 3139670
6483878 8778184
4441050 632698
6993844 4290432
3515807 3944015
8760352 6460913
3782911 8830607
7365044 439316
4218428 752882
978806 9639903
6926948 5860158
8948386 3032332
6240173 2495771
1874950 6839296
3429535 7244415
1214162 9839905
1222598 2058767
8537820 3213110
6926891 4208545
342411 4155355
2631576 8864761
4262918 7048827
1235878 5640965
5052666 1272636
593784 9782096
7161562 5131383
7776454 8693719
1226413 7724545
2570572 6093873
6184184 8966274
1958855 8373862
6750732 4354871
73139 6079456
3202763 7906813
9259853 9729492
2412977 6909789
4933607 6696275
7333800 9369595
8734710 2776647
487064 7394047
6072465 8611258
6636958 9692887
6978414 1502338
553591 256699
7700356 8006127
662607 3151258
663062 3066601
8044133 2392136
3450319 4077773
1688450 6790944
4412243 8986148
5533262 9889636
2184680 3201739
8589745 8763265
420592 9198408
3107488 3993527
5102442 982716
5767960 3770734
2478998 4439361
5528996 3245691
2637338 2755745
8191045 1328201
6899156 9151612
9219564 2589937
3206435 9961798
7215759 404666
8064081 8825471
4941165 7451324
1506209 6453789
7328546 8093789
8780120 832253
2010898 226650
1947967 5272270
8753745 6344477
6428994 6716434
372364 382356
5319059 5878716
5835688 8958155
7072144 1692795
8927617 3971529
6545507 3135581
6269586 1561206
5924870 107978
1120523 5879253
1959839 8435297
5733167 3730506
159332 7315445
732729 3974664
9584649 7115906
2174970 5950859
482562 6193065
7028510 6494196
3052059 4607422
406695 4272722
1048446 9590143
6536029 7497547
476054 2877822
2367912 7219692
3183994 5894688
3864026 703696
8016225 8897099
1081830 1064255
8199279 7790344
1263344 7738044
7365708 9426939
5536567 8367024
6178381 6212492
3149391 4712329
4609661 8476168
7136268 8398707
313768 7717939
7246729 3270231
6127741 2496605
7662093 1562818
1192132 1461278
8763416 2246859
136741 1537355
8301095 2815112
7384529 4535615
349630 8688876
7484391 7619771
3031780 4563868
7125889 641809
9116814 2928438
3049366 298764
2567911 8265126
8508155 8344557
624018 2192937
1090626 1467297
720047 9548256
473130 3359757
5693492 3512308
5703620 8081292
3912124 1578106
8071342 3223951
1687200 1150920
4320525 1276513
6859653 574407
230969 3385258
7484387 9675384
7669395 9515715
2385978 2289123
9954542 152272
4609350 2904133
9319339 3816851
7848350 6058089
71588 2830563
1066169 9528498
7143572 8586366
4623459 4023695
9675663 4342024
8994158 1175713
5479259 2598843
2963065 9557534
8848553 800099
612941 8240346
7895984 3447544
9459863 1229217
910465 723397
7357146 7031863
2740027 7159950
5020935 3277943
7529161 6790106
5086986 3203506
9690413 7853847
6290788 1105854
5069935 3633409
4469931 5666801
8450585 7963883
407821 9736772
7765710 8913552
2042408 8789280
1446816 8996138
4491440 4792452
6976765 7164641
7890183 6910127
3961200 6417361
1492037 5890691
5179697 3398097
8722161 5115112
5597993 1855404
8805832 2452769
4134752 4547312
8103105 5336569
5897850 9187391
7772280 5188967
62421 1847317
1996673 2585631
4305716 7635411
147747 8755732
7941673 3205423
8405361 1305662
1505625 8577187
2573359 1285661
9194917 2380476
1915011 290897
1678840 7680075
3106012 1380217
8668742 2708023
6016445 1206139
4780511 9066444
6923708 6218154
3618725 2820002
1774611 8569463
6085904 5843324
7460535 1831622
9837140 6440671
9745208 9246513
1684675 893246
4699557 482572
788323 1631732
4265483 2631317
8768794 9694414
8480258 6434646
1259005 7115426
2699467 9782128
7057553 1938948
9716546 7034779
1990885 5842072
6012558 8750384
8533019 3850824
1037530 1353717
7483473 4065523
344603 9199112
9616386 824229
5188551 5186231
8662415 5919926
731094 1991629
6685044 7989186
6005432 5897351
759255 2762015
5912083 4973815
7410290 7498217
1470184 2537901
9595108 8087654
6219433 8917010
6450219 9716942
9293500 9482009
2837862 3127272
9098703 5714541
1033281 2276790
3495142 5986855
8023371 5679379
4734959 8930149
5817613 9364784
8356119 737765
3080506 5580503
3116178 2567166
8107389 8952102
543402 9792501
7484864 383544
546189 8721070
1588754 207316
6808171 3710813
7319863 4510772
9996894 9008499
424933 8920771
2786992 7359830
3908514 743812
1200741 6901883
8794577 2541092
1801838 8322189
490158 1710298
9492462 1734692
8222616 9446909
2696257 3421049
3803754 5196783
7316054 6317375
2183414 6793044
5727210 9647189
8627450 6526587
4581626 6587853
3751966 825233
4628804 663221
1291346 9178183
7053728 8698887
7335656 4874
9608501 9449396
642626 4322000
356667 3509996
5681925 2769871
3005436 5315601
2817408 2113594
4227472 2653027
2387598 1002716
9099611 100510
3798682 5233682
7373330 3000915
2854551 382243
9399114 4785000
6663378 8245510
6689907 6335367
1770708 7396479
7079565 4442499
4236645 1516834
8146431 3358526
7256980 5623505
3454750 9898298
5186765 5048060
5057815 9610947
9000336 2605207
3464046 3099392
7358460 4293394
6455943 5480362
693972 8571528
5833581 1737357
9164809 4065071
6044763 231813
7776376 177235
7434210 745161
7138078 3432917
4182152 5387342
2669886 4168292
3036977 9009103
4660220 1741290
4246224 1556164
4490646 6581892
1674259 5104360
375401 5892325
1026214 4094197
9823390 1471390
67688 9522287
4688219 463348
2996596 3568108
5713360 9361728
8090164 1337544
2135219 4425401
3990416 848580
306521 3134527
3915717 253166
774199 8369527
7709986 500331
6561322 7110547
5377819 9546882
5932026 9662190
2232361 2037485
7213496 1994972
3342012 6605874
5480288 3977780
226006 7156746
4789319 135639
7007436 3006295
3977659 1631463
5884061 3195055
6119510 2756799
5631649 8923422
2496937 4078071
8079931 6516355
6741274 3860008
7054582 1416355
3604671 1385211
8366147 7743747
4430095 3500036
9767587 5248675
2755174 1869334
7807377 9713431
7056671 512510
3725991 7778896
6960123 6511227
2407967 2978239
1627585 1889992
6774949 1948882
8559851 6147642
1468957 2767606
4872968 7727015
7245038 2010122
7562407 9008609
2084513 4780968
1437994 474454
9434307 6726593
593668 4233764
8357285 9353256
4648991 4463632
3810315 902867
5327608 2909667
676254 1288931
3292258 9835105
4111703 5465361
1107761 318069
1712806 6730530
1947242 913212
9685074 6240405
3619662 690051
1582818 6833197
3899003 4889545
6625846 2683440
323505 7990481
9097159 1572159
4989044 3329439
9165690 3465641
2977639 1186179
2877479 5045630
5607278 4039838
7585620 8376511
3884085 3665143
2119628 447853
8273987 2169585
5820616 5684769
4985305 2221376
5156530 1382667
2720743 2668005
6653303 5734071
8314451 8593572
3521338 9663910
186141 8299398
8988038 4149301
9238582 3748728
473209 56100
3792686 4387597
1244015 7708427
8723821 1848116
3439927 1008912
7972628 3992221
2803507 7948675
2619913 2662076
8635372 1200561
8374113 7803293
3172836 8548437
4675863 1598087
1646770 3107489
9363895 1933343
4290896 4318233
8316990 6037304
8348846 7792168
6060967 9325119
3632451 2126682
1888693 7359185
5871814 9415066
7300992 9463265
9947443 7269037
8107561 7226076
4832165 4151885
8851214 6443638
4235841 3095815
3434853 6072930
2047393 3682516
2769689 556590
9567301 831604
3008959 3976929
1650142 4328752
3836830 3547437
138794 300827
7838946 7117166
397019 3091471
1900805 7162778
6848688 5422151
6858666 7288708
4847753 6471160
4334025 9238108
2569026 1833462
9781743 1942382
6288145 1878773
1784876 2542306
6863719 1966823
9294263 2408547
7937627 8705905
6499531 5109825
5011850 3410784
2939644 8413673
88777 5869687
7930152 3909457
2700661 3147736
104271 8740117
8345159 9618420
5607226 3016431
2574197 6710631
4614396 8481885
5611046 4547354
9915291 6992448
2024877 9997889
8095591 9734150
5271663 4406699
2040180 847902
1247963 6611933
4782297 1087981
9833687 970760
2892214 9665116
8449704 8252351
7420344 5775392
1818002 5383194
2742309 8251662
9120066 1400394
481965 4413496
7920988 8510971
3549031 264509
2863676 1526838
5430143 4001253
3276487 5600480
4379872 6169147
8781752 535600
6577482 2218479
9931800 9653875
905350 3260038
2947854 8470606
75697 4751526
982103 4179820
8120382 6812565
3600768 8151962
7115909 7094149
111185 1559697
7791466 32740
444412 8655347
6193760 9777584
6331855 9555269
4872342 2414207
2673735 1323670
6032629 9630831
2339994 7508357
15778 9163618
6468389 1921552
763173 5221170
752628 2277157
6241078 9436761
2375787 4158685
7573769 7558528
4099585 1518444
1711505 3854713
4074622 8526710
26578 4837366
1302905 5617769
7366100 6883487
3500375 9598475
3455657 5460733
4156553 4206398
8761694 9712229
6729387 6149317
5635755 9058264
7097583 3225077
7209290 1541094
9712955 906971
6868481 8668614
3852016 9397454
9562487 3358252
8045106 4510101
6864169 566297
4744932 1022368
9037011 9190230
5659095 5318385
7671010 3714762
5422954 34743
4466726 6206858
7424722 5740087
162431 6730129
4141496 714238
5066910 223122
882687 8025632
7771586 2426754
7850858 9761278
6278561 2059505
2919454 5929951
3208137 2412830
8780173 3344679
202818 8642022
1340020 5519108
1057507 7413810
560151 8581483
3169740 5145780
9249633 216573
6331668 604043
3628727 1427685
9855587 2516163
140919 5499799
3303157 8441661
7684166 8839176
4612523 1480271
2655435 3796738
8504834 7199313
5025060 12265
9290138 4838384
3786681 4152724
1828979 6285349
5854723 5369724
5944994 1414056
1470980 642385
3539725 9003725
8970645 5820506
9894137 3341598
9102264 1934008
9459591 9526325
9148125 19260
5812272 6547613
8226525 2583543
2734023 5909848
3295151 9083044
8820793 6010597
1535633 732613
9400317 6937879
3703168 8277900
6083551 3452169
3806621 1247151
431110 7084909
1499543 3645712
7503811 3569745
5416261 6632887
9512617 3148787
3453520 1774793
8722530 8277853
2733609 2810307
7224710 3094448
9810951 4127493
2924171 8711802
4885157 6078194
2916006 8208690
117050 584633
4706060 4914676
7698845 2709546
3170939 6863708
1988383 8471094
9239384 281961
6504357 6086404
327811 9436785
2643017 6848029
1351062 8629302
965489 4989022
6160350 5561509
8670038 7856974
3605035 6337440
3269026 2188169
5191938 2882634
9271881 2772115
1111384 6426305
765260 1720157
689658 9587170
2422921 5727865
5057930 8242353
6004331 9089374
7375983 2413469
9652204 371467
757661 2177592
8987546 4499184
5379558 8329058
1804794 1101015
8865912 4219827
2625872 3358489
6860611 6170182
1191828 8469325
3127149 8038658
1205324 9017659
6726961 5059360
7015297 4891353
1383935 9940831
8011467 2265797
4279307 8407713
7922013 4835091
5486421 4693658
4266669 9721026
7564439 668431
7225489 9770944
3701336 4788307
4654644 5125668
5758849 5662801
9798065 9431301
8364464 4332629
8066147 1063508
4503375 9420373
7694889 6943630
5096700 2813624
3342462 6575646
2002401 7199215
5892906 1559416
7102378 302540
1195357 8648545
5399911 704913
4531923 5921966
2089737 2863179
4052674 8851136
6120438 4846301
3185584 7064845
1740296 5273860
1710626 3923931
646057 8974767
5798135 2898465
2629834 771660
1188959 3487027
8074622 7648029
1700096 6458004
4808657 9353697
4190431 8357374
4810169 7333540
5361157 8358619
2050609 144263
6470773 1466005
6985349 1652057
1397368 4811559
8674095 6744159
6117071 6697328
805224 5564371
6855399 614004
2459254 1872132
3544440 7920816
2370861 8970960
5818876 9209127
311038 3112651
5834050 4979902
2028828 6083308
6883230 7555692
7188657 1605115
8508290 8404156
1102973 2392992
5180363 6274328
8161922 211983
2928344 7159879
3304837 7403644
1335654 7684444
3698940 9857080
7816314 5195658
533339 1003518
1396011 5845708
3809668 6444768
1258872 6993229
4647763 4677219
8794406 3743112
4838724 7535404
3417754 3897008
2113826 5189693
4525321 121979
20671 3784994
5139921 3846564
2943267 4205713
9792414 8702587
3546741 7424509
6543736 9966622
9740882 7840856
3298607 3964746
9096627 8113195
900882 165393
175709 448113
2608794 6009486
5990835 4802554
2112509 965426
3119576 849248
4652058 7950042
2967557 9967008
8160295 3828866
5884274 5286554
9426570 890961
5372113 9594326
5213164 9202887
3310008 3360898
3731132 7653825
6864440 21322
9528521 3050159
8794490 9159818
1655726 4365967
8190128 3265365
9166274 4767902
6710793 7973356
2819224 9761152
6195351 275514
5993676 8215225
1470041 6001754
2534925 6467494
4193755 9384319
7924626 4965289
8078449 3006858
8855923 9734786
624866 9135570
7998429 2073754
5261032 9240324
2771433 2861622
9900127 6062200
6505462 5083022
7156472 6108419
5395386 8929280
9132194 4209774
1698135 3725854
8640791 1342909
334822 5967847
6014999 1386556
2535637 2350697
5024041 523652
4882277 1286187
3224409 2466705
373708 8176798
2768205 6919044
4773817 763337
5264823 6633917
2410224 3767010
4245575 7742280
3051735 6899618
27017 1017583
5709673 2689395
9477423 6980279
9000857 3668329
9690704 8664607
5106379 6034747
4964672 6284883
5942536 4070851
848232 5277131
1573778 1211652
585821 4250714
3754427 770929
859448 4447441
5540537 3492277
3244575 3041959
783359 7955293
7887307 3310595
9926054 790720
6088698 2304401
7129460 6097083
1298880 5493671
1257162 3600988
575017 7707594
9325557 7351840
6843680 7260912
1573086 1491953
4924991 3387985
5371407 7576982
6212692 8915605
3007388 9910390
1277823 4438168
3697502 1993828
5930884 7983685
102267 8430580
8068682 2126606
1656232 6165654
9725825 3967361
3001494 6677894
5302144 1355038
1113181 338486
4801725 6760598
2546436 7007381
2787676 8352704
7204351 125801
6818977 7074305
1527303 7430452
4449053 1233726
5140736 79313
6575386 1504859
2422006 6679271
406659 3950222
3008156 2482632
1786149 2152478
6571992 7068061
166052 2186800
923203 9578731
6045088 3918016
4790693 5152816
6928583 1510350
4447536 6164751
2543778 7926970
231719 8315026
1828687 408312
5906586 8362723
892271 4771490
8616737 7083902
1458126 8063867
3065767 2743301
9758793 6159013
5054119 3382786
1680332 9996191
1270733 6057330
4551843 8868271
7734087 8942097
3609592 2936452
6052722 2259995
7066082 5750068
8096635 4892438
7226214 3439315
8359983 5329983
5450964 5583241
6744473 722929
7069934 5051743
9144118 970440
6932428 1099559
2487786 5918471
1982632 6900117
6266750 9531164
1629355 5468628
7234113 6941637
229540 716111
3154341 1154274
9791687 3236077
7659081 5212139
2479829 2622174
5706043 534820
4916514 4076257
8980441 1430180
4110983 1949989
3486558 3421534
1177030 6857781
4067019 6056048
3291836 2505933
6469338 5770923
6485356 51373
1086741 2834559
5525399 8236326
52164 1091454
2032666 4287493
3536566 1596906
6636109 8120355
3351854 7355271
6549155 7904959
4158484 5455150
8377360 5778298
6726761 6132790
7713078 4589546
3648924 4077983
3087034 8687197
500557 6205953
4992825 7744765
1982671 4336918
4665472 5304912
328714 7309482
5855318 4432071
7125052 9347754
1850822 1328263
1218360 3427735
14681 5820736
2112051 8971362
6499491 4352802
1545395 5593727
5133417 1676088
4076191 5950759
1733810 6058292
9899256 761189
5922941 4310153
4410046 5822597
3345809 5816814
7945451 5813419
4588471 6250830
662784 3648493
415016 8695457
9461884 1610802
1981623 522911
1459266 2045109
5993598 9927961
1445052 310774
6910647 252482
8142495 9804319
2291049 3182571
4994939 8177662
7890378 9585185
7784571 9898046
3683416 5118728
6249978 3865081
4447923 1264494
1929051 6589062
1554483 515576
2150630 8626365
1007693 8854352
6142788 1037715
5851340 7652797
270348 4237702
1996383 9132026
5633783 562571
7915487 3956182
9470336 4562440
2581886 8956630
6270550 6352940
7464741 5840097
8763629 9887434
2123703 6088884
7600231 2978136
1946402 9300699
7607697 3809414
4845503 3233348
7893798 7016293
8716350 420520
2716885 7983756
466466 4821544
46504 1389126
5247816 5925878
8302573 711735
8893140 7821041
7395883 9259509
252554 8024571
706811 3318555
4602934 3714557
1803905 8702572
9212774 2776500
6695065 1404426
4350716 7830627
8733796 4550053
6222569 3755326
1830496 2441317
8752534 7829367
2393821 1936686
8461047 2256986
1391137 2901420
1417063 4092489
8302894 4242149
2768340 2153731
5185204 605003
7959274 5798314
5534010 4761430
5145503 4345446
1594108 65925
4922360 6005784
7692599 8910223
3457092 4129974
6207229 1865443
3126180 8194431
7443964 1112423
7184799 6259617
4802285 8750617
2797478 7256744
7254217 1934061
4372423 2257118
2808439 2375038
1830547 6812606
9211637 5755470
5152587 5722226
6770550 3122181
5930723 4905430
7845110 2336335
2525665 6821483
4589123 2337398
6541363 2685814
3927111 9147258
2651508 6582631
2588834 2984294
4888577 5551656
8992179 1348969
1246356 3412511
4893614 9345598
3158529 6433502
870873 9832071
3102481 8653354
9057105 1964158
7558456 6623005
3349564 5068266
3757452 3248638
5481801 9757130
522502 3168962
1153446 2152429
1762808 2813294
2500920 5844475
8386922 1942341
2749360 241291
7399382 2866518
3441637 1737438
2636520 4798880
3113197 1062578
3104117 9254459
2061556 6587731
3079196 5242377
9039158 3066895
1797643 5721422
2771147 9780560
5364065 4567405
7896733 4315031
1926736 6839719
9183052 2187278
9054643 8228795
3601965 8151649
2163688 8397651
3478394 2886370
7713207 55548
6184213 5377593
6218070 7173358
3585243 3012940
1955462 9506300
4599901 1048161
3236721 9372619
9056146 2559970
660643 829477
8037368 2977733
4850216 4171053
1835937 2915489
321103 1055400
3336246 8180245
8088564 6844219
750712 446142
9972569 4621864
1163076 4116595
1389698 7240148
8767361 2019078
8401015 1752777
2446395 8565276
3954093 9659827
6705755 7717000
277246 1337407
4470503 5606200
6361015 2611633
1355653 8829749
349716 2146828
7266120 1150510
3067350 4649741
1486859 2961251
8151572 6035230
8699490 3138450
9953672 7564185
6869087 6044360
9851770 6158648
9287520 5412220
9840801 8599576
3667688 7389420
7935760 2771912
9057508 3244555
4604081 6420508
6973827 9915055
4356653 6159437
774148 5243596
2808943 3944425
8282221 9048017
8928045 9370345
4464712 4458700
9831497 9604138
3389200 7931320
1303867 2799202
3167746 605964
4036394 4854100
9723943 6307033
5896988 3476755
7005628 4705752
7424927 8587217
251413 1107441
5295498 6612539
6460274 2597195
9424227 5672207
2948172 2460406
6568196 5247408
6201973 8848306
3707499 8452231
7091084 1464829
414822 8299205
3636653 7215548
2100257 7209810
7567934 1820525
6271669 4840318
8230150 8303024
3486566 207484
1664074 3676659
9568572 8204051
8264408 8736245
7029948 9739488
6736672 1722314
5555842 1656066
4559781 277553
5641606 8815521
1925591 3932002
4243042 7533284
2635001 6739779
5257156 9605221
3472118 6682906
3436248 921168
1805943 8946107
2352228 4854691
1990321 9148611
8901407 5101372
8342177 456121
5619149 1786231
9259336 7214504
594682 3057107
444973 3503255
7203234 5084690
7699283 7022060
1904785 828980
3774108 7446323
1881043 1415313
5328040 8481868
3134347 2392706
2399858 578517
9319287 5494365
521519 9450808
1888495 7458647
4678476 7157158
7779991 8694505
3469326 272546
8726501 5538383
5043549 3995626
2148105 2360738
2668874 442258
2072819 7457277
3784813 3242905
75918 7788753
9346736 9890605
8150797 7117435
7999174 8512537
9204263 484765
4149237 3682903
4441826 696491
1922499 5120554
9704228 8391253
3098842 7999904
7126057 6015589
2291377 299647
9105967 5275744
2927720 4910825
768836 8907711
8093479 8608613
8264049 3454082
9476559 9668515
73853 1986972
9464513 555629
6562928 1916731
9687942 2372488
4710782 4145159
3918829 7365567
9275069 6879199
9536190 6914007
8924860 5279435
6182530 2529731
3149372 8555548
6739476 5571432
8117913 7682337
3214854 1315785
823599 6148962
7772625 4270981
7299201 6006833
2627215 7570421
2073759 4839293
8343953 9690723
8216948 3551796
448585 3614612
1386371 9882288
7813239 5060509
5530947 4464117
114933 6269763
5983881 1159781
4458093 2124592
8363453 7810856
4367840 4923235
3803906 9732789
5241213 6611919
2129306 50330
7236028 7259491
6392337 4848864
7273026 9891847
3670231 2895906
420156 8109067
2362768 2862182
8546610 1294360
6576999 4938206
9690675 5717880
947298 35208
5330121 7704460
3469347 3793683
3565613 9099921
6268001 5418666
5265412 3339
9864720 455533
2304537 1736879
2762066 8636791
7807215 5011753
934507 615297
3269941 7567052
1076470 4541230
4318626 5753830
8085412 2750158
7465899 3467299
2546730 6920811
9225977 1349522
3540391 6460282
2026361 5895839
455901 8797172
437727 8965144
3203015 7050887
7621127 4827555
1267562 2602040
884205 294345
7483008 5310821
5630145 88485
667639 7516136
1579617 1415074
1183632 1846639
4591590 7385419
2371497 1595766
2426019 8467099
2766449 8238902
9456815 5343465
6288278 2125770
2721762 7993324
8866632 9574583
8102978 1250944
9479790 2732976
8292149 1055805
4297511 886176
623492 9647147
531950 2658247
9407454 4858290
1822089 1595261
2583050 4676184
2316722 445582
3000591 2885068
2905837 8331359
8134479 7861379
8255643 1790721
6155930 9954584
4095012 4690434
9644858 465934
2044518 3941994
1525686 7191722
9880358 9228120
3354659 9660921
8140079 2293941
8971482 6640351
5857020 769083
6232943 4778973
3731027 1796835
380048 2487228
4201021 9721199
5086544 4950268
3463601 3694289
9681758 5393549
9889412 1700832
9223663 7724719
2165072 7771218
480999 8320510
158771 7910829
6352294 8169773
2645449 6292186
6920568 3960117
2199506 8953305
1167431 4487705
5048427 4901306
6842794 6001721
4409435 6722269
4773762 2970379
72650 9719795
2568159 5812699
2666356 356041
2158790 9386046
7739101 4957346
1411145 726996
132808 4466660
8112423 5361676
5990625 5606876
1736450 9673209
8990621 5895522
1104685 5330921
1482763 4432357
5399284 7289436
7454609 5400845
7636206 8236305
4046720 7729004
9386651 4590644
6900544 2396376
2204805 3267149
7948774 8648981
5227134 8699885
4306516 2175008
1379096 7276522
5110625 9321940
9061289 826488
1681839 5420397
1777485 5242215
3368842 8626763
8603363 2786574
3057934 9075342
3550844 5200065
3904612 8043397
2620868 6012388
6980281 9226919
3250556 9467305
151746 5268262
7837333 6562766
1189562 461867
4325513 6666757
5459284 4472179
1983750 6526798
7876694 8816781
5615720 5567942
7787622 5069745
8419658 4994289
6886097 2364695
8670834 7510355
210803 6573385
8650086 5616515
4046643 1495417
3548846 9341325
9026179 169630
2230752 2196580
8612952 1129161
7521198 5510693
6820165 6439280
8528032 9680234
5434260 3161219
7218212 8626742
3632109 8152388
2401482 1466487
264851 35
2384009 4922852
3085982 1380611
6608624 6396539
1085133 9242018
694975 466927
6580350 7948610
1400777 3103057
4503243 1952014
1748364 3789459
342262 4244137
2994450 1804331
7970709 1335372
6008815 7716897
5713158 7536773
851746 633350
8205427 3545520
5778631 9543541
6453113 1319197
8753913 967836
695711 2121519
575943 533085
8015282 1312438
8642950 3379599
4653683 3767981
8974688 7322102
5595303 899122
3016951 6901572
6616073 1662362
4518268 9590620
3418052 6788072
464321 4130598
9765291 3684197
4267969 56218
9692628 6278215
100178 8470429
8625461 4124954
2580756 9866536
7289372 3808563
4872661 9622299
5144244 2097140
1249155 880605
8965306 6684544
1932928 5892693
7069689 901812
8992970 1039562
3362926 2509647
5393417 372523
3973361 8131817
8502697 2607286
1019286 7750917
8583755 1457462
3616759 4099116
6118739 3242798
8655334 9746117
938519 877724
194444 561448
8070855 7630574
1717016 184043
4177371 2252177
5512167 7779740
3485501 8276678
594623 6284475
3508740 2436221
2399278 6014950
8428039 3139412
9479336 2947473
4043966 5243047
2775342 4929023
8320503 5545440
494345 3608638
2256002 6675763
7257715 3367705
8077032 8124244
8281006 8365638
7444687 849300
1026586 9426044
4961621 6804391
1318553 5928373
1269779 5289939
2824968 3041920
7857893 6562002
4559480 9203534
763092 8979416
3265010 3373036
7553357 2140288
1761283 6217461
753506 827979
5632400 704486
1859414 9786595
5397733 5410103
5281406 8453325
6751713 8531790
7320102 1344597
4868342 7838078
3533605 5754268
2683536 6291835
7813682 2948263
8556167 6997736
2541313 4358472
1090187 5064046
613657 8125927
2131810 9548024
7147384 4856807
9285400 3894192
93567 8785048
2975825 5130389
8619877 2899405
1955060 7682133
3841739 2127702
5822161 980517
5000951 6502175
5296451 4150967
7667614 7776789
7584251 7939967
4509306 1367353
7781164 2148749
9929580 6008389
7700917 6654272
907810 9526947
9205166 292609
6566891 1088213
3149199 6650063
8047297 5952693
9580459 5919297
5880734 4794557
7562386 7704346
3522116 6356670
3887894 7747016
3755359 7892230
7195302 2300262
5064352 9059739
234982 7151425
4001988 9375670
4212137 1203315
3299097 7308479
2286652 6917043
3846717 9867512
9603999 3710716
2359543 8648592
4276651 5708420
9929205 1433849
3287181 7173445
6729099 9745799
1007033 7757209
7789237 6351885
1739288 6518331
8439090 9933035
6619027 70850
4603052 2009738
8069779 9386351
2636583 8130302
5607287 2747644
2578730 8244564
2801386 2205937
6361030 4146966
6843796 4504383
2836573 6166400
7575506 4270851
7886223 3875658
3560643 9669137
6002166 6895423
8661019 2806348
4309883 8246136
3885582 1473643
6299861 6255068
1468397 8101430
3156524 3695842
8571964 4717715
9324127 5526213
3810566 245952
7334144 4928545
8270540 6099051
4930902 9025542
7226348 385449
7032790 9282207
5807714 6093190
1066944 8425707
1714854 7567347
4514874 817088
7821655 116610
892742 7972686
627415 7170637
5886619 2287288
8537967 7607645
6278252 963847
3026512 4812012
3323637 5998151
4569561 4276152
6200554 1600614
3756985 2378738
4779692 1231977
8459980 5659690
512570 5595491
4604942 8701001
835111 5848836
219682 5566613
6644549 1436148
8500620 7216512
2283084 7681277
7968968 9360659
1405756 8060425
2189356 9118833
5188699 2155216
6710941 3362312
3645750 6616440
1816590 5480894
3059378 6820532
6913331 5094985
3018983 6080739
2723433 5080076
6307733 4241115
3166886 6619769
4593216 5109654
7179871 708290
9759427 3768904
467002 9524468
1785591 1275737
9833592 7145985
1201343 7594024
5717895 6920367
354368 8988367
5775390 1107033
2919272 4389233
3910826 7883784
6305086 7262713
162344 4249711
326738 7333697
937559 1226799
5939897 3944054
5219440 8513876
513788 2026201
1449048 9372423
2890968 6642528
4219184 3482317
6599587 3459604
2176948 6849297
9471687 7645058
904592 6596328
9963874 56727
2533308 4955259
6439755 6467025
3882865 2236396
336415 765249
9425524 2376437
3033239 6116373
9817931 2294735
5016763 2251971
6824907 6815385
9517859 9185592
589945 3388387
2328383 5105858
505794 6772145
2774362 8171310
2654049 6443530
1230898 273984
262978 4865114
966187 8250022
6817768 3182263
5161273 6781853
8226077 4162212
4307615 7078842
9080675 6616482
1950455 2355385
7825751 736716
2798245 4266421
8537481 3313851
5707709 719708
6021285 2639026
5295614 9624822
6751162 8291475
5600279 6507962
7517173 9513192
6295431 5381411
7242647 1775383
9565698 7152614
2126834 5165290
3753492 9785880
5460944 1604358
390135 4633642
8809746 7987716
5549495 5278124
2485969 3867450
6654572 2970790
9878898 7876153
3710140 7817500
9869256 9345242
2552342 9958871
6762139 2661021
9146198 316993
5124694 553076
526517 4795083
890363 7375301
49187 7716194
6212620 9057164
6142831 637731
6166496 6449097
8129796 6294914
4568691 6832872
5810523 2988779
2672225 7310499
4409299 6000914
5438958 8827856
3845403 3374176
4603544 5143264
8929388 8437870
6861701 1969787
7443784 3035099
4940393 858186
2538774 3003714
7848626 1130067
8604642 4614445
5512410 9791243
4845375 1158807
817621 7880347
6822025 622106
9156750 1681099
9609607 5365940
2556707 7158156
8171718 5418931
6304741 6118967
9820441 7370019
4032335 207925
6372453 6987237
3741322 8865396
4876347 5429729
2169155 33324
4858085 4139603
5837306 510579
8883620 5696790
1558608 1306493
2898194 8588599
722028 9312363
6117747 2909903
4505534 6228224
5092748 2125875
8274890 3667910
8428869 5992669
5068765 5555707
4245952 2345195
2124777 228836
32190 1903318
2416875 6226125
3839402 8272091
8282963 2101869
6778191 8743580
5924908 972683
101846 3730566
138051 5744141
4351465 4143209
6545592 1243991
2779606 7501168
3742323 1382764
1321988 8617781
1006422 778518
2489348 3580870
9661221 381921
3391207 2322603
5955773 2422358
7194835 5296847
9084527 1329303
82213 4399744
3990317 5904379
9822624 5044023
384307 487518
8520573 1820743
8615033 2516311
3208172 8279486
7533024 5656875
2631863 496225
4917469 7232037
4624408 3983189
4472254 3266855
9925628 3560745
295315 1340905
2377490 3266153
7438656 6427126
7305854 4263308
5292151 116105
5093989 2625408
6388122 3408147
1619188 1926811
9521998 9590713
8884385 1394358
7042499 3698841
3647638 7147677
3705332 9186275
1129576 8088036
7348817 5126423
9871042 3583714
1719483 4058505
8401674 3679095
7072116 5270612
3296572 9907878
949093 9609916
3603069 3265723
8926685 6630251
4900807 2820490
8778591 8931345
1647258 510219
7012604 904337
5317824 646605
9118589 7959347
3118836 349897
5479958 4826143
990737 2142620
7314714 8194484
8552444 5716434
6329743 3255911
5731277
939037989
934002844
760682027
965746781
420969672
925423843
392511046
962759
150248627
158188549
608141384
720222250
797544473
605928101
914665965
323002086
906291051
56016994
611452691
592770649
567533795
563051670
759350602
499527052
6054326
995168895
214272358
549627744
467171376
522564301
454896651
278527326
901583237
406239109
920380590
399037162
820439642
530120800
175288179
980534553
960277725
841908562
57429338
913189217
887416363
566204982
710568472
47813528
342288634
778056970
325014467
15085614
206262392
535273815
309846355
929935210
161644372
170931137
585652692
438082637
881814003
21340354
717660302
254568528
578987437
725803185
534584333
963127222
940157173
625223256
701648184
357526054
608645725
836763721
241161801
848247675
27986032
258096453
386898633
59182071
15857920
998220203
161213836
604709825
896369911
271537395
772361480
475427576
905302549
105835932
550219034
200318407
107235258
274377320
944854275
320188899
185191843
659684431
102106875
373165463
453038580
390916163
183449588
670692974
257827402
821164036
512641260
591452713
699559101
3093443
702799777
448431863
76074876
585762158
293722572
450652010
69041893
286242102
971191067
428459380
394437157
577709575
591583175
585234338
331068242
654997854
977029977
586644403
68504712
50133281
485604022
974516292
291638509
401843499
716116116
409400929
832309620
101922012
840165410
978418214
799465147
679906394
714840015
660302443
400512098
401710146
432619207
316858715
266462438
451960486
823000191
237092193
723588378
37486459
60202283
69356210
613090484
931685372
820047943
923358993
357403810
503590173
508962045
906392360
116338923
510080239
949368813
55758669
768647366
562622357
661453685
820423911
307939970
127606755
749392659
19327719
427066777
661253390
493310387
338832407
517020092
217328286
702621660
590884955
343298809
580609347
435732132
847612489
352085420
24109811
461361884
112853565
268392030
905442179
413892290
68679949
370840030
694824513
506107348
946314617
296343910
142921053
703523506
330265698
295138967
219257570
372357352
990308518
804707368
813843479
8666750
423073475
158620200
440740724
40850145
122627679
99453727
702134469
211959987
141289042
704817973
940555665
701260407
368673378
393781909
278760055
499878012
853262701
908095385
209596776
984721041
310735403
37038713
551903570
817888275
966513928
892808574
107238713
50091868
97442838
43654160
373421752
971876865
44061603
723562267
662582298
808189655
163101255
78235616
278365096
969829854
960307698
741669827
318776909
375375259
268271323
275105966
629627531
512781791
983531575
88241790
859324456
69849911
479492298
277176724
887270250
90120811
247822364
631650126
521835467
25637556
571620844
726550814
374913900
60148166
770605149
782265289
744444766
233228431
525448649
836684895
754156107
473839502
928436877
964684699
872236689
340165232
106905405
336093685
489200222
699426759
923851394
666300276
588783415
467324852
155027105
709768005
382952908
490817107
46541585
296645937
589202442
281516830
917035606
796427745
810361932
979345330
164907990
761133508
93996727
558221563
968559030
791269357
998011982
295824217
960995756
590513307
767528317
726544901
210007652
484782342
880064272
845427400
201794609
6629847
120109252
298265455
465544438
495499581
828957568
204853209
685249641
666193495
267873222
571423093
189684336
452661992
879063481
529004542
528296146
483443537
989076406
873612863
916600275
697895741
660081953
476714858
695466301
193467709
357199878
403911477
820876451
772918306
881667786
165737257
640574268
624736128
180070576
661335074
900452382
856063080
98908562
11139145
477402444
622570045
385195192
193399470
574063238
506947684
886371532
76667629
271601580
84224515
39759217
135091499
851760508
691964820
880002145
558458454
281192165
276179175
31263822
396762130
604964241
805732163
285502516
81983112
698611746
368029914
501361365
137001002
759101628
222196714
572144949
678920431
333659844
576804097
67708945
953145199
724167349
519900965
199526713
683288413
582646967
268500175
155937267
278992886
283709184
963552382
83643606
410302371
515707833
602564197
544653667
54351803
710704056
113906375
125549361
55993138
217547405
967174587
443456512
292687269
905123322
219212378
665570475
664000446
622731209
858452932
539848189
654275531
477053503
752718985
285135300
353970788
29604570
239525063
529026076
228430181
571329605
443344164
690684055
265927176
772144945
269081236
91379055
80421782
592731049
914063463
132840157
551661538
429231245
405048498
688277720
310004246
323823860
402310481
462041374
600080218
978170471
773258349
882063377
359568909
3913533
931381683
978197237
590470599
950986303
567119741
181603112
516397973
91416333
482559717
737328780
332892366
444144514
938695490
662324500
762610264
63995619
618386764
902169267
596348708
949680271
817683904
263709581
410666983
815621623
638129787
922339807
751989142
920521678
615160829
626703380
583447546
743796243
897798061
361440493
757750300
602434056
619385156
430702119
990761750
104771871
118824514
503929480
89881401
605614662
641876102
307919922
641161278
131312906
778156689
531790507
19338759
695944417
844428725
52626278
705890457
7156400
679793599
419503738
383720810
367289726
683301544
15340194
306393842
664719777
136393359
882941473
716867528
920933725
755471444
34174702
384958385
339107668
71437376
793612773
114434448
826852849
388909573
33462534
491099549
391839234
923690423
860483482
387030263
266367101
893985434
418174440
12094995
823164006
96561172
375903348
934636289
363107300
108841891
485735597
426144487
67482114
495729568
614531046
330311473
194462166
21334864
597614155
465361434
399064818
789173547
612669575
845694034
877800107
664292340
742395748
88442189
688247677
437273980
633229972
980359748
478728014
714525818
51387524
837548281
795104193
21899765
305519471
560417305
940722571
648357469
523844718
685889803
744892345
588835339
210831596
452498325
564660203
37599842
41517908
817217670
361091605
822300662
710654850
175647798
831546712
343087428
842968443
754852091
344381086
41828978
816384494
23101777
106556206
750614815
155795027
959958958
46998393
65553743
628869209
93522300
658276800
840483710
657357412
94547334
276344157
931030757
343322248
607246836
937501711
324395379
670708218
802673800
788085311
199693483
445931463
65120502
735247445
64058760
83739563
52678386
258005459
579936016
211264832
230047984
420494996
584598056
516305477
971677455
756255237
17017576
412910328
572557759
57838356
92141979
226792541
357515152
187464829
495796383
879891019
700817806
341066069
634375545
840782572
50146941
32771866
599491681
241682000
202483259
934926153
443721251
844529625
388291189
219540884
843384696
427777827
526323062
673728205
813054501
509914369
686481391
634485176
261437957
771619438
19040334
604958452
755105595
702895926
897383465
843142815
624652680
971400548
957449620
496547690
755458915
563878115
565349409
948884114
401917160
626107305
440023924
145870978
956019494
967788595
6595940
96571999
154903024
208058848
162086733
626684053
671498883
397795641
995422777
905358144
569847410
140510348
967564464
611523630
81255321
207970310
65381017
938908928
577077963
805893
842202028
440047711
751483441
967308925
282814906
67074374
250790256
366308685
285623076
349885594
988055157
725626512
907987168
771279980
539479766
923159761
665450898
570292496
539272052
399502256
20441188
939583583
284085774
121104799
577553567
711224817
743004033
62488122
147791160
562045296
298780923
111224429
459703218
654413871
214204498
482587267
460563136
273554846
300262926
380095085
987428048
372377180
598425298
926679310
617779883
732492314
333465749
252784633
175565784
612733312
347421948
955998520
102840249
891196589
831858594
94427830
791541249
105334963
564032421
515590090
194119560
820526966
710134148
445987889
39200267
876732252
907173974
86245801
325242238
306182739
578226932
390390525
709983450
957455676
708428315
741832337
569251668
162493499
355353996
369153706
245608147
302111194
539941948
807854220
260017025
113717102
489490574
482444373
129685930
581333583
849024584
493748095
153581807
773747498
791476456
106031761
573375990
704519800
38949249
983438118
942198540
330850711
209071706
549661844
873340864
899574358
343893020
378508038
24764085
156296398
709183284
718751115
20248231
154259421
162458744
515339069
452132342
692996979
159755328
49585481
947309357
894865670
779041493
274915946
612938552
824643448
12585725
579470073
735020426
806170183
498759538
391563908
490543007
605715727
818083247
689068199
173920074
59453572
554063696
157116291
742136905
875182427
448787766
628700609
731261424
594177210
983786531
265515542
193359529
634479053
476911006
174032010
521981659
678626922
248378413
377943255
96846724
337803253
94041159
777809174
552295248
946585645
455746618
568975765
256917566
161610753
46294161
696926642
379008672
272862221
270147246
415046252
596007508
721997958
148459211
951199641
746928543
624935056
954804376
870990392
374917989
20513329
342388596
55349639
600818915
296085139
612784318
326145605
435831156
714524892
758944624
424612882
850967537
719117759
329919842
341910194
123570010
126280381
149484803
886798077
142165478
117999472
894557711
336146306
645031038
866853112
784603694
645204714
960270976
248937045
373952668
847017041
497096720
117367877
914329205
748798397
223633658
38395943
148701374
630568117
618131549
158277133
166498982
246211147
424596536
367421751
492355771
654179656
886081288
408868548
894742976
198316187
708959378
275030749
650673934
578625595
939699249
12190441
986193151
848986738
825974910
98832848
4258688
550676770
625502175
132885976
236356694
652568055
335238031
426938493
178744839
185803460
27145866
245550127
904224311
890243513
577764147
551546692
727269104
111004581
73117383
553754715
427354505
242945149
835859216
555920924
814846339
236275658
814495505
701662370
54201328
461401834
146438764
73240765
531935422
704498746
532485327
82318824
805594029
619415733
316022766
237521469
923342101
213608285
223470183
870535698
408816088
203375544
297594878
175647148
981242351
859813206
55830844
418545986
392511667
822660194
616790287
993567664
183268661
953395078
287429491
956383992
211667130
504590867
347960801
475046955
783611997
640389090
164439996
269838152
666179208
649520387
567451224
549950348
225233241
970344888
321511030
278979100
632471376
687793214
991612824
855080040
311346154
280868594
300237502
208382431
469589539
94713517
132209049
151376239
524004128
425884650
548924382
826999576
57382446
368874441
600206463
787791680
243724592
173858128
787179872
913213726
151726121
611933039
711146625
877920944
826216105
151577422
654125115
828915484
960848769
335775194
210616065
190548627
88022709
403701252
137642399
87044812
694465067
549174835
78584226
953833025
390099272
309642304
943396862
628213320
447659748
539049953
28715915
365171695
242638454
904530572
683584577
39299053
41772997
735232582
49950677
491311634
365139168
190134271
854895360
28035039
400368913
108423880
578616062
719514050
859566865
227467903
664074432
456868623
114800440
748903848
734049527
949913600
632268961
74239130
747993081
453526329
298377540
721986412
937639145
475372197
525291535
656803459
665923863
820060837
820465765
257018420
264305029
662793519
248184222
920842009
701902618
897031891
915736516
781700655
561195758
7554140
746016463
377260546
862771370
968321243
167232846
182383407
186189299
379308191
915454811
664400360
413801613
372233441
644360849
353649711
787941390
487164280
356845584
510454934
660912116
305117953
69937145
628759907
331881629
737327594
183902508
390738226
327090460
194479648
85009482
410356821
857979400
921002006
493461092
570340611
375734424
336273338
621933089
482270320
510578954
70839465
383165043
587996342
235253825
367129831
640291569
838271180
792309437
351964557
136426839
75356984
180027355
805724470
409144373
910918068
748642861
498517751
472296143
375792369
59995821
439115845
196168716
170206126
12622594
538043159
260969972
901995466
394736259
822228234
378813415
427790236
300555894
918400010
592506093
484293885
537746563
662177874
544982566
687983400
463064326
409246800
931158500
219415051
776317904
596404117
448885778
9613685
607428469
955150849
735778572
981443237
90743522
86750280
856225255
334166165
10853188
581357220
555165968
686339701
895176740
927016476
199023856
569192267
992574263
192723859
921336434
962847859
861766525
734845161
951566586
50640138
353845777
681961957
967268306
467790863
275445746
260500683
615042854
277580870
339040048
647796441
274584868
522963077
556883486
817156633
928692969
482148068
749698308
635833078
310107394
945655538
735072595
950241649
908792811
484834469
493768236
993958975
308318606
388934685
635247904
352607527
545312858
452817888
5818110
520280912
214777858
707800991
357061673
974731531
577333525
924097430
498869816
781685618
416736924
480115600
316050422
212456822
734505401
835311385
851364356
717272453
875375063
281203774
642068520
198867935
643012123
755331018
141654703
132400049
444147404
992932118
835963073
324029231
476467137
816763391
450925716
442167655
432969234
791716965
534890673
180261112
136151556
861548073
606784929
653110477
584271468
597258124
822705814
991338573
367277381
692859781
102116352
246369262
75309879
515952957
751867452
497228492
605990280
476927678
258266284
940913992
613964317
301287006
489824874
96757020
327686152
19656825
224997027
950138094
955919572
547636741
360803532
878901856
289638167
292879580
811283642
55738684
444726327
562815041
373153884
376221097
599229645
266500733
561777026
216769410
450046817
697161946
582379894
566415346
20775272
286523182
305792028
728386434
862747721
15181889
838358371
49780800
301645096
581562148
972655159
521496625
481348371
924409224
159460775
390826947
463271381
361407041
328296609
685906679
181989984
715788702
529902965
910485486
366671610
825328062
51600161
30850146
812707779
372243852
6358533
146103330
41328332
332003665
303235860
85176734
523567509
416008750
432079359
358673632
695753732
134309768
998290983
216555940
73182744
808937557
61938889
98112572
157870961
928832372
474092711
139088421
195284859
663301279
915251973
445070620
352013
537796991
187620187
351198768
126679229
442157508
286489764
919095809
292699012
648708371
570611140
895018492
725868520
485445724
786873849
931639107
346504556
622798098
324421997
978713992
909024974
614383104
156815502
526929110
8704465
228072943
67385024
692445158
525120605
848312397
981649229
267002643
844434312
398271257
496359563
902200915
33958247
714264240
712563200
58155228
395204606
173059300
249548501
599273801
144905557
982180035
166082708
4976481
393383797
637599775
192913055
191976526
162321096
232974222
622051425
311209108
12939627
743815364
208403289
681476406
388098307
423361646
521053724
194306215
395968888
410532701
920980039
689931074
817250562
562540377
188752769
139184699
565535343
278613133
497096851
30275737
944276565
561196775
363645870
599724815
561179712
295058466
615974576
576148505
711981086
261478877
533675627
846770950
132335175
786592868
718846503
521062864
754289847
302072264
692831830
745585669
38431877
998710040
8512526
702157129
10113987
775134914
765474476
524393926
328586376
77918394
456246932
768348283
986977721
555743288
74084617
468839938
223677895
501024359
905020666
898636955
849153590
443070312
964899450
687168704
839861945
631018476
242393799
471995210
188270422
725805527
272454578
208958117
463062747
275553266
308417052
435640614
976578591
82729232
170786959
793550791
867511621
972648259
907949651
365662514
354729546
509066604
890359319
538024355
210976917
736733009
201641668
602613289
209768737
888135041
309880915
409114262
666204134
239480465
647268361
797210142
488590576
58699800
718093419
592464237
808775300
15114424
543613004
573063090
735898584
865340662
457051817
902996296
902862932
222773277
671965204
41760498
183733788
343714867
794583813
601766260
848720492
357549214
642185494
265610178
514868664
908958997
141187081
936059447
471963467
792444922
454694713
191677297
374973686
558356875
190786749
169271504
318371464
113000665
901873629
874366515
847364639
622031688
48301639
159521977
190849423
278434758
314235736
187217541
687263619
759330710
57012645
710893587
745245849
443432873
140919975
859310636
417396016
860352815
60865166
458082997
658599008
801231237
381667210
56461749
474504747
268266054
838128501
601840597
733496349
906362062
97497071
302320912
360275388
70209970
839699803
653161245
126508645
511742381
823180439
427657756
276970136
63764186
961695287
566847613
26557125
690739419
567529111
226419078
368211662
856340556
51191141
728714213
696094187
763311957
363949747
873676485
466847197
522667654
698743209
986772688
929754903
363833750
263610026
202259943
67038521
977995776
492101562
309224020
452137036
106622658
828271876
970202557
522636694
665515771
540056354
988119142
587012995
567474348
182843684
899369325
35906741
848738279
445417812
95979754
637075949
996979948
791824823
352912831
693784476
332529116
852268444
46353659
983552739
408138875
586289695
735694502
930772597
155367107
599666054
668685370
691226049
271281100
41610588
647168006
908575531
125426466
99493285
326283172
101769834
122015088
225474248
795605598
189974562
304879532
596643837
854737509
765639420
828061710
269152256
257212259
111295559
441031414
252338993
81501042
375444368
326756011
968857720
952265237
631927160
647825860
156586933
940867156
738705399
888056324
927655227
679100790
776588912
323169138
443481189
723456776
864372543
698611876
957855330
917852692
587176027
699814349
901255056
919301956
150778201
82429513
375491328
483579339
604063912
597450921
654478756
910623586
367430211
723226532
152883613
663569793
717820458
136119926
875482235
539776835
819173081
701832833
475440542
953479057
452122339
77893636
738490577
574099835
552997548
21691811
208258186
293618264
99457183
811946225
830372868
585836185
455207397
518591483
351548804
664330932
527763687
948289665
437581087
387577891
328073190
812162010
978396369
185324268
575455358
273487147
316186477
222131016
19763336
370794042
382160488
498606853
709537131
117716978
492777977
231332835
129922022
400790345
688854240
705890708
82069471
846779172
697635792
562207996
341103718
673204776
944976983
111206773
360865585
949867526
982717818
296789222
561147132
146723033
565376963
667146805
769105448
347093655
543217544
54681400
185971546
523107112
617785687
317427423
697521671
738407822
955049255
512762163
877618764
20076615
465767941
217553376
191855702
942072230
325132078
680768960
599742854
975211554
691324119
333857490
736937505
440797229
255675880
831534916
666851562
265629921
558600721
592004366
933858575
99470836
263652045
572879052
93722817
359477308
385849121
779916916
647185863
505356945
42761210
155088537
811911128
635264374
181640303
195474719
574853377
98201997
581992924
958637740
893396488
825989747
714562078
839695742
689731548
291483208
144483822
774090606
646441750
19045527
605369152
653915715
359820759
136230057
699614781
193949161
72649595
62140490
179769643
20161822
45253657
548160638
173900137
537257726
759973154
749525137
408353082
653123094
962129428
172641320
254606990
825528002
647918276
247134267
888625414
940182256
348652958
528362114
408639095
120976437
882024149
163449874
984081489
11882490
4634268
275856193
898919280
644590610
207209784
356148476
874273405
320226787
600154662
266492191
401309779
918840055
487673930
464930872
362928270
457300342
800682272
917237616
899419353
363573309
236124046
364527882
154743401
750150664
271819129
245798200
931343353
592506087
928070479
855299084
367126670
459603363
57395250
336880290
977631642
710483555
844438775
989210586
434809963
157226836
176368423
888878669
821561331
849507576
690388784
503565816
781328784
97529174
809531536
776690175
962018254
949978331
317062695
159806467
852682136
466230693
303870376
622328363
207471673
240858622
929455713
459291848
146701001
649038328
802566919
942798681
981586399
439426813
799815648
319244227
842501745
79708140
672884400
827697442
23166231
486958764
279117303
950101383
227114575
437425623
853990863
183274549
188179126
522495193
120099787
329861891
509720145
174669094
144411445
796426719
14289404
719629394
30586183
489406020
871864064
606969998
341633465
749994861
611750805
105913714
689442945
238751412
459870866
467569795
892194773
807079763
521714918
82653080
201009908
761432544
451365564
699042951
990072237
242788921
412541945
756487876
856405637
593737708
344066862
506413978
928454646
309533160
531980355
539103695
46219850
881370447
321607987
301266850
232370667
615064507
683141509
235732467
72518802
342913247
667662721
739589525
577313489
292306165
832085444
259609982
989155600
913831237
815377473
489099760
248636414
422839339
153122437
450773579
738437989
535925801
758729542
916982279
804155652
450266768
71725865
731708755
284148309
664039102
868491880
268402672
379780038
922368629
86482075
626160352
614829884
408628021
655740971
387701209
726433156
399110798
782268279
602701524
669878012
686231207
293276426
52055456
973500707
695202043
694765698
88085607
822219829
104747108
344637619
286069167
430265347
322277891
863288492
560652215
406590722
165122999
349466603
384842110
230818462
542877690
53600554
647939932
108137705
197357523
947811834
343917763
416569424
862778649
855000399
142216768
770001281
330823852
648628837
752101219
888529714
30694396
538660090
863271653
223040528
558161865
583325737
810856530
859383838
712713429
177964654
437438610
662902475
577128741
132168198
792400438
274773124
442593122
830414749
889817830
416291758
291276272
462874670
524227251
590437406
195536549
201357850
561025725
477117759
362844638
84867974
171970275
837153620
897613980
478580444
508329270
822568162
147428801
17264016
580577399
874387237
798185201
784529302
188572614
328697525
439659814
308433326
532357240
255773904
446446839
178370347
668652441
853322637
128581012
34086114
551660558
262862143
682529223
54697392
41149587
490509610
203398338
716447310
507845144
968387866
333023445
542627419
194275539
323767367
326484763
300473408
592737595
235846572
219442568
819188330
717628002
708655443
908057277
439257623
683011731
971560186
323067437
885559825
465654238
720942436
121897549
516708727
454422922
285659203
228742571
932211460
435591650
856392899
704457699
294548461
896770381
966580856
592061708
714176975
751306058
872262326
53702659
519507397
652759668
955042775
270326689
998180194
136401596
635478273
62186859
211546455
628064820
15483598
133963335
182494
508915651
29534727
547435860
387721809
342406082
180074603
919147604
514989647
572116139
833776174
149978729
19618407
37233822
255532536
737254378
368445952
647380672
27767912
823911507
400343746
511304171
918019114
428229819
118424876
857451187
95758342
794997590
287035567
271541754
615705806
977172455
99838302
192313851
310404794
268387544
412359874
845526173
80742259
983201542
410660582
654671118
8832833
54612636
656572943
998024172
868822951
232256662
785576860
680580602
668913275
301355466
250850492
198543768
988925399
266872040
749569091
729253994
76871449
69959142
948663123
486140656
711139940
71753947
998178545
79799681
914917248
522641524
111633197
842877128
583199645
729048650
802004821
145870099
861995102
978132361
679476828
574633210
874780024
754558006
966248101
26774185
161660951
114485428
983017291
13889696
35767410
189966696
669894681
440229704
877997376
192907953
529687339
189434670
324614206
810321178
377149553
286511538
865695761
323956106
984581666
59196522
94307350
714864465
230589803
632442126
703263939
206733323
247703547
252536943
634011356
758587685
508083394
456111869
982895005
278377450
766856327
519706215
251305625
333516847
43146920
795568797
408490256
481846744
955017384
671283366
841460494
42383806
156226735
876521673
893145009
901565819
201607707
339965087
658066486
552607499
765273393
162009510
750290764
828003950
826020253
390632461
761946482
797778616
753745339
321361917
356498413
873837334
49423169
812363995
98866170
531824152
938578676
681443455
350952526
962848442
208701952
164315670
869550158
165293435
651830629
688209716
541422008
731628889
111679284
608275342
230033194
568179220
637123082
986587124
758438818
349481766
632971654
200852489
44536523
372387161
844278229
898147726
496900369
774145697
645051160
725339494
92180862
947453776
459163251
456096992
84544571
280907453
293453509
23010215
277495258
476484673
68367618
220652895
246518480
921371680
936549799
102171618
411320824
332416388
652781094
695302652
347082376
986984639
796154543
594579601
840321321
265106671
744697780
683382966
570172489
544064209
837748411
16269898
579388079
756866141
622793114
828263233
863887059
136882721
553302433
370793852
825800545
783634014
714304001
45987270
748669629
265473065
424730179
895412684
704647103
844977022
106826543
530744034
986547016
585351350
22799693
357833327
109704977
837004714
910375247
394132421
194976209
663190151
853058944
307452380
687553901
216272534
717078179
125907759
817977358
771477796
678055863
560768136
515107710
916482332
896467998
542148990
425831762
983877133
808719636
625336922
941742488
245308172
318877842
193626750
642170955
322194748
169265104
420231666
964711166
226713208
506671581
362430901
529808619
255355808
563061912
598064976
229639560
622805115
863975772
779191940
46360039
28947017
277695078
79572483
122701069
450658061
155809192
200134584
249941327
648659837
4339454
963891869
793887052
744346227
457210456
409385042
401545364
85791880
571280137
786222338
399276105
536781608
405383835
486481090
406580736
851700734
812923762
540574124
122596795
978394991
214645397
455567875
887174775
739612744
155973371
475353011
518910829
902856154
427792623
536571050
137378491
453118398
441917286
106334100
859531621
939657700
204018397
961162432
823923877
842182765
642955885
193926317
501143805
953255056
618295712
201732566
850031921
83508855
501298231
665584870
113361942
516507529
8321305
985350906
23519714
518894863
383171064
62702495
373937087
925208719
307154849
300548649
481138657
55391904
914087244
963527221
157959688
673780159
475162662
905520441
354230241
542994681
235086598
16523929
795774226
366034743
505192083
544750797
42411028
271928139
837609166
519242257
153877265
297973368
704944787
665751791
69445226
551978182
551960431
248814484
314675342
204067548
546184171
262277515
830772323
285182372
54415284
814878924
406144501
392120567
482432180
170995925
510259521
788600540
284474386
117620800
135681635
486178585
545886297
866482611
309806218
309976781
699649537
314436721
77849878
650498416
710749676
792767626
843441288
903646621
969806593
786237397
314926705
961249915
979451586
481718907
507957720
578199188
242561266
880853874
229794873
591710512
959898900
883651414
599107690
586736145
307355441
36237665
665537063
343620111
43175737
250920746
916204673
283944136
732468513
893550027
280683159
340636830
189048117
88457916
69209461
421506834
548903763
350554457
722196515
392582714
444418166
442208898
601935372
636217321
424644713
463310136
257923006
118601902
40976754
220197407
109868382
777511907
91726423
855934399
12770191
548498496
792562110
607415636
491884485
832662639
207440251
35164841
72474977
928389029
391812844
639968976
319433088
659850183
207786652
558814451
828771699
503400135
259236938
263436316
276478374
962332773
415646435
160613565
994021650
361434362
185758571
787400585
243903329
562472649
270257832
1461124
389047512
392749922
952620964
127689420
798657603
950245842
787277976
563720933
992898214
301642257
739426872
440301782
298663638
757892515
248242890
822191015
561368590
128683434
747228724
97626249
516984158
186507464
647810513
70485199
72696374
253973162
16499318
221392704
962171277
53297022
447637228
918391955
680911565
614807068
347613572
319380662
717174964
115459572
312255119
469558866
738676620
378660590
768410070
710185359
913899977
874089560
420487163
112319058
688237078
41714354
115129141
614990172
664122154
703395643
849515012
773146353
53344410
558959545
691387394
348160201
579980244
948679957
196334140
924571929
730369607
509334275
524817021
314533426
107160107
270441941
283520542
414992203
67246543
927878500
544619288
884952496
281635888
939704669
532054061
979587568
593053776
431309290
28630904
686812184
652879175
181221751
495364123
507371698
59458050
306850108
842112778
783267870
31928611
582748304
206080297
263352718
667172601
370085649
632008831
296989870
501075267
496755858
204466027
967916667
254469749
831887950
786155064
987572729
158068885
11090511
378591893
413621565
800402846
72856460
830201896
697881392
980604566
257840435
822627341
544003808
979081058
133426895
725035248
613759743
470974702
783545264
727019788
863662532
971621405
391607721
530851078
619178881
241620504
320265262
773973537
618111373
213808791
673574491
464685516
170322162
401809254
815706105
226828117
428701360
486788735
826166357
401936859
357061449
216776872
581389108
698344870
651662671
442183538
913850498
484422969
847542842
215618286
943201173
170005623
972967883
246018928
67265392
411878066
853631364
30143275
68493284
197609546
373054023
380780334
941602238
357406006
38301987
528275167
638134457
631812693
715707541
601374127
372148879
647722314
714521573
441004945
892192519
611215363
494293428
147921647
857533668
630555583
763697187
666349971
170968935
742245137
925612559
181475927
751673267
839873567
961400619
593156036
268372284
116662930
931727968
605035352
973707548
188045397
831595154
227846588
185254618
401750851
770577580
603718852
440461181
386496247
190703500
616407714
314564324
771254748
345486413
769265767
877519995
367351554
27828429
364744933
362315566
105485062
615560979
621924120
625806129
453490599
981065763
787937440
403055719
615937838
215875036
15913217
92794178
562735047
913536962
933831135
372358932
760016582
629160778
509931366
160776447
636870444
175448640
634585913
992767652
351021616
514036775
97587574
330844032
623796957
397119191
418479006
806425785
727872381
280521827
924538547
232234984
978616431
631792617
126568212
492418138
816951152
45741672
605584030
568610782
329530123
45799865
787571620
590320810
908393591
785936735
997715315
143315021
383263489
414626799
881799433
771055028
446744503
436165124
194762465
339207127
31101422
254645671
232911816
265379834
345979927
331041318
51130807
325477432
243742774
831671637
539676659
177922622
333151966
575812430
421885950
967700263
300846207
191174825
431334556
63992227
468110930
343345234
262045961
419817032
66619430
688079014
980646296
89364128
561085569
282610407
723017025
765574534
890395976
554630264
748588151
923509526
256683004
801432587
904004
208150188
598281900
552995755
441259837
459420165
514000756
547888914
16005558
225903846
297444075
686391740
420280124
790088984
778813281
490996158
486553707
307294820
975990084
419551728
924639097
113594393
608188632
140009334
35535975
677305993
499693275
414692270
644296387
980745614
638748507
278861188
491649660
826646177
879128614
166574857
334028376
596397950
119564593
57849206
72238437
436862357
154935022
326842818
343702939
173991767
901934292
528205024
820670730
880340852
878308144
105005044
664449034
688590064
444174551
935965435
939549843
379861758
918216950
315186227
166336285
175205073
530429277
195076793
891644277
51599221
99922232
995719084
202171887
273460468
360178206
913976143
914163275
864415947
322002509
989546980
431975825
784404321
8391381
503064039
454693492
997793801
194300899
846062020
71765966
129209821
213586865
517417189
196862728
316915034
298959631
920574611
921086816
187281805
996979152
526919874
215459707
554551790
372163613
640942283
977215189
407575191
519111388
515572078
410638372
547040140
599403171
117160885
605136484
393675622
636315218
133775042
8730651
250502725
2878785
752150001
107704638
476124977
646351716
413817341
536799288
583624521
700675618
557792474
29156781
331773834
105883945
526914544
752090038
746887536
482188473
320702914
56633271
560829420
637153803
71376309
57203570
483711361
353548850
241307306
49089082
804281200
661687209
555808564
978640344
411325492
447843580
276005531
994837329
646635373
475468308
322597514
862883759
65003040
176547896
666433128
914139271
41196484
693042641
781239530
445786431
747350940
592202915
477005775
385945394
533659934
632550403
234899078
80107493
321061718
44653764
314766775
503353995
925260415
314678137
559546275
770421528
686186336
123796744
469848051
238004346
82827143
552259287
467297722
491066364
570551671
548675573
930299287
655692788
537649287
358310090
206054124
148903899
357414862
181826477
441118481
429910004
528770698
394670567
295396336
987634956
83741882
305714732
835769916
294955121
102120117
167638544
740972412
891935747
558334305
400913952
736920829
562637300
597867237
460966372
124751887
675791122
707056475
630098726
182581487
628654378
278507342
41967779
407326256
245944586
304019675
20194617
399755204
635472917
265719098
325537763
637785612
303913753
490646644
484717099
237456430
198403047
45001132
980311631
493809405
319297387
204663048
76212338
476009905
125357742
84436070
600469618
217345822
645601157
83971542
174539790
57587922
599087107
493272591
403223231
809528259
689368188
358000068
592772634
950279049
613542426
910716377
613239876
956716286
492890083
261277871
433416002
136995466
702203201
56107305
992923584
387184415
542604121
652079355
475645992
378053397
302848458
413490980
422529484
133457246
417231286
840903950
422390397
269080173
163496935
275266179
884600239
86578556
829752628
559916237
184649292
120005344
85732966
52393229
884831056
276261325
755097914
425492103
955753473
254432347
467193457
263763365
268741258
973349682
39376288
378349523
161262084
775612884
644091982
272261787
686490244
114146302
919647672
603645960
626538168
102346106
532973815
217879552
471263113
656291692
1857353
27313184
285509089
244022661
222890031
129534331
778126244
663788248
807044538
482270617
714960076
485488002
278138601
730619694
615402335
529905497
223966157
553627067
517960946
871001131
836944417
367296081
290066603
259698932
732403396
19899191
34054367
734660757
49098983
52701053
6651089
799705087
908972334
847039651
856730618
976758894
970316890
519720452
957792106
187362554
679644419
884504733
912393069
279111294
428741435
26002685
273943180
837711974
178432506
929254163
18453268
800373953
587668031
968497563
993375751
627229908
766414287
556551821
601501331
924875803
644926084
123298830
483953479
863426950
193887292
704744643
504058813
454770081
69151668
383345899
203277841
273520113
934952121
575762054
272877843
649505986
923455188
720535127
568778760
764707771
176071768
576143173
824948383
453512421
325689303
310216672
408159672
478190904
638499563
775178694
757106952
767446837
161070613
181764737
553493726
589797644
421893505
759998330
92470960
287498420
506401087
219472075
538035452
911594043
852990824
618403932
261398642
627277821
328926535
732738564
968600368
764702922
165485585
70121356
119497203
244493994
742370807
147541666
68177203
784392790
898645334
197712661
283080262
832611883
403413412
854037718
653652350
128388421
684395953
527310695
42149784
683634169
483678718
747791217
762874267
142968715
796444873
305041114
942014339
985688731
241327747
101668832
392680363
327630028
539689359
542602867
154558419
21948165
761410565
580428856
21701900
773131228
636926400
132418532
499377554
535912599
448910793
825909736
314368083
912576755
259537769
443956828
626455006
169905450
524012281
368246983
469480046
69717317
376861621
949116713
869993343
430149004
874100595
874157149
378529887
510559892
79799207
991033172
616023655
376448618
799566976
57823184
214114040
93976340
201426679
294229001
595507518
658490966
186561492
398022078
901445749
560795065
365563067
24021162
826638839
879415240
925589763
254655712
836562633
497702022
21112510
474010669
942181305
314686029
987821033
773450066
720173711
979500587
182736204
113362964
314468997
155439155
972127149
318304433
938738690
534630438
652130656
726987631
852081037
566504398
317258081
954605530
894440026
948777483
528762758
484823082
592020174
867009891
85494302
754635016
445982522
14096162
941041504
168208354
873851064
204976831
535404893
318604829
384638
744610359
970509553
145031633
75131124
588300208
645993949
864382004
806137371
217981369
668153873
7806605
43995602
165778267
735942818
660845166
799764759
922434394
678871102
845198101
270819936
308276277
76359450
995746920
736251013
973621370
96519580
260103243
301538894
280152555
118427197
684437270
699552910
398361521
228887362
986514566
656066957
879213376
344984968
177372509
665574067
314482284
356183177
17035939
702660256
795785591
95701938
634070066
327572382
721716485
826606737
515391884
493980721
646409478
182470865
837988961
944955878
390690842
20577882
91665705
787506246
738923933
404638204
51345263
337025361
725183215
252331725
396310688
586649794
575561245
800181153
499772847
719449219
611687749
711427130
608228022
983845068
723982281
950588368
71204998
869484452
456845975
115789222
217616104
108374090
679149668
998008198
539986158
329950118
904994348
659615113
20293898
469953468
295422006
262837092
794524652
2211845
390337523
856411285
174112464
754661179
693367786
989973383
670186523
444850425
997681173
95795602
744024162
523773885
853850866
971547133
168090572
174624641
277420926
108746028
244882057
25259419
386070038
471552875
618503122
523077948
125965434
237109941
284798181
465298239
610615639
497218405
273970093
958468244
493959395
61116560
448898496
211086758
461067889
280568313
808329428
795335385
590586109
541740090
775459908
228083860
103032499
284062923
742121504
852362737
84910452
595879332
109219726
75727845
703485793
641104168
610336160
324461975
268470003
343089972
732086875
782092628
311447639
243939349
663290312
773945344
667915758
864377660
339889712
404027531
201634681
294499507
698454914
235989071
715271174
1876648
766034247
765921126
599167249
280562638
156768084
616448985
19847867
378095885
154032861
542872232
842323593
609892622
729813439
395855598
539326774
42229267
861926628
544609194
628645433
45330381
492247272
435942080
24411161
685733915
456028793
437959142
774323278
256189712
582963832
583084604
578803919
832750438
330875850
258097419
735513648
543728275
36923133
899143070
950899574
375423500
555579443
944852244
591820800
444117852
106564325
30430282
69935931
688228996
315229560
146519603
999745796
897292120
772380575
152265288
40236266
588080975
368760474
739463996
624596853
148596700
747434531
390802629
990866859
749167941
435365679
855784508
577518532
985280683
793084225
754933222
367699072
499930903
784102504
664960581
479339584
865005104
379753925
27958879
728741096
814298701
551257550
768486629
189438404
436255729
883431643
562409432
818243627
930915098
705638364
519606336
106058326
751305103
272002711
413636802
789102711
805316427
38623303
55937301
408707798
335732864
301874217
363826044
776622219
395804669
394555941
143251785
796974204
53916927
667214738
277183594
235901662
309214835
669005954
980507535
43602717
955038006
668755985
213594152
494507652
38660494
47314434
885788310
684961749
718523571
704269330
900612674
647501797
329395631
483763907
717544436
176773467
649581977
375810079
988337784
754693370
551756355
995390905
429156527
569072127
993746370
807412661
999720075
956503705
111743705
574417569
729431134
465062228
777585128
503940740
218854237
951513493
180345845
174835496
921944464
571018228
196091127
938437365
633596234
459557782
265849037
830830965
818562529
113672408
539333941
339866540
168669505
972581060
799231953
225162857
800990640
182071936
393538569
526019568
783032477
786173236
957639962
712647750
115269334
320771392
22783581
10286303
46199697
672888968
266800607
5402513
20117170
918565548
543804275
85430800
936510552
922914775
542834646
948105927
740915534
40892895
924621102
405092750
849871618
931142431
572571032
416066029
210755569
989194149
171381577
427269969
504165998
885284062
519592742
403150436
246642440
223755300
277912726
595322836
382629296
191110835
933708725
703815674
482143018
425120323
931650533
88010236
195847080
772300171
437795046
493956866
312347998
994321411
321512097
727771529
52334389
879611652
945174000
946263251
124198944
394234915
667821815
553485915
268632335
773980130
151922349
420618938
344266315
609063930
260623698
142891631
529356440
842723823
413139930
653437939
947453020
37357812
999629204
246055586
17190362
187736204
795683533
670070276
862274873
457447010
583949124
52271261
212675159
651255825
197043251
998910987
352327293
970300883
773208226
325508395
694707519
974677708
307628827
285083067
366317026
507590163
99312352
943312758
823642679
890705694
102943592
680340729
736273046
430090473
407591592
768578051
713349833
199209588
977982833
343490185
103348547
469024438
292211446
90482308
698139102
392539894
340804361
595672155
574739922
449312763
688197342
946241117
57252781
156420958
778315877
192508272
992677067
337927599
683176856
74684819
524658774
272517126
85474300
464412465
646449430
60903601
353195394
297782868
669305242
62776189
740542381
861449412
231236660
242231411
864188770
195589705
221896614
198353994
94398303
435133010
454335946
491694402
231507707
547683856
259266583
680545055
485342602
241370305
803923106
605342945
933696593
241059906
776099672
760466740
717380276
617476522
366336752
743092850
105035214
885336299
120672456
510128765
431080855
812754988
73053236
983803115
96024382
704675387
990354169
754437823
29182792
9800026
468046311
751576500
823445982
97917815
772701987
798646718
492255930
340542140
705948370
830496181
659590161
170293090
628811651
397001305
184268207
591903292
333094076
663626427
603728153
759898163
154510770
31709099
893653745
914659577
889609723
36552381
735095866
174059364
378661698
334202289
343706423
403142576
100750056
993083642
565410845
570388780
718402922
918749216
679547479
771172193
808488167
255802355
841016972
476880621
469407512
965163249
480450337
440983308
518640545
119770130
210114359
376153415
370002506
823801476
127100660
813454580
776221196
881787259
28619069
354390415
489418421
984025664
860009195
890173616
199464473
240103019
804919087
379598125
546217491
674816194
275061152
298416822
44873367
214929277
673156136
43704564
348004699
669258826
195377321
137483209
964954640
717719581
405815452
193601368
24923303
738139142
526223199
227350799
6856692
215241561
848446345
149502780
740062575
260995541
345205451
721286864
492163576
697442546
874535917
445771578
831047642
954045432
35527440
229480966
711270095
611845650
257381362
837382786
57476556
307044774
971699781
372911415
652624404
8076613
323612378
548526306
920444216
861458557
191122590
770119846
837071960
285584156
530832942
959459569
172765945
445385612
42337712
325694970
417882130
789656921
256318814
824129106
28659199
46053126
685683334
311336559
548963062
468153733
10634847
385537256
902389370
695234553
233939923
999287251
280089358
204530674
186607253
749542866
41064820
527927391
649633180
321284056
201354866
273234535
525993203
168435467
976187121
226594932
653722497
769505469
136222908
603530422
53306830
622773552
413037117
554358196
421944963
912059241
782579883
826364249
109712805
786699468
198979103
893416153
107318010
594944186
740477114
54266579
828825619
642835322
591789134
44776789
631518732
602121674
491435547
998965993
491777742
542287188
144695107
109140430
460634091
570652888
317755953
753534990
603378457
721424385
618760716
649790151
335841272
394425616
197395209
164611094
199421780
706263434
859132286
842672046
348875469
152398817
714172008
582364341
56049938
54225644
895809846
131881722
954645021
402402697
243822327
739403698
650174826
241559170
615918305
318376498
468234675
240701410
570574499
250820489
332556926
387461529
638689603
880448945
931066642
248647526
453845205
940888883
583271218
292620338
55265721
82747331
114715526
568674257
495809410
868958591
457262042
417824243
820219216
189360984
83382177
17711724
84195032
988778257
931892359
582017933
284410451
308801667
329393861
601186181
670070088
610883549
239073683
155394029
521883952
609591686
397512564
62327311
769651749
426117661
988353229
836527493
265970244
239951291
147261875
442187665
590806892
735199646
455945557
128279810
804797196
692021984
597509629
37376708
461215933
943518503
78324199
850963789
874167465
104385660
28762980
838492251
888935396
290658477
44788871
570220465
200254863
325989675
564997899
120551463
517229647
75799872
878258398
728099731
47554356
422588231
157038295
928319610
484634774
848292186
386057725
867088868
184307747
711888396
240035059
372676953
951507501
183429736
118115269
740387505
961881127
452238817
997976950
914257256
560700043
870175695
601386352
627925316
859391432
941429713
126003437
627429248
34316635
450657018
6376664
550854435
80043468
192859256
88248625
796586950
508716048
55771379
827565534
4350176
52164806
592732035
418175301
712163428
306067021
40220646
791064125
608650598
674262205
552420385
724404512
61822257
13731971
613158541
797659815
819110811
174448553
657843777
903223903
720438724
418368694
839664597
275404193
143924913
491879818
108367818
755112911
437839935
27248181
676269839
673479736
541647768
200760365
959779887
544744914
870433095
526971074
284792286
227993110
486037983
218313471
724015720
168407322
339535483
113586804
773465618
717997732
424650727
664005374
482026540
752574282
991379423
535083621
626471509
620356306
552461242
657618510
500117227
746967447
768714159
265001881
494784949
510515263
433576727
435488080
938483212
814385842
67516241
381696824
18724829
91562074
61837345
699530928
484301902
605115714
810560772
785947411
777830732
51719660
517731896
465151883
638868463
986413672
744187581
914136766
407876911
73208066
427838005
741692763
797789857
961317864
497818673
554535441
414474976
298104396
321245390
981592829
658393944
401083861
812900617
657080431
580644368
9838134
751726509
201681197
371635106
1558182
947750345
805819207
715747043
546364298
233810834
443547930
771652909
515240853
504220497
401436807
352201929
369027935
840516220
146651104
675030875
691551429
194991368
805384501
201908599
582162287
394375941
211389224
887765548
397707791
846119601
853845021
503879285
53699602
611875198
142243262
567162849
583563066
250712978
6955165
425666880
447121965
763900119
905701817
986862335
813906537
158931912
937675872
472412356
752198857
618087886
346200657
921274113
75078068
247307292
617042233
319495524
861074428
111418278
359716412
492115054
395532143
198489418
986185627
197365088
169963292
119241173
470968358
998272487
132798748
383416783
306504942
470016443
390439864
916631850
193432583
533455956
168878810
630452808
538416987
952187996
563009616
253676191
971349437
878423580
84587075
867774950
743147720
949923780
399316687
540701300
573298326
65296556
334703598
884267144
56329827
807429101
120093114
120266920
518348299
398982255
206651620
852413979
732112925
878717305
769778328
949456067
772591283
695090615
958976811
939930193
405560975
317086867
633611069
825390455
648673709
644754504
708834785
867223593
441080471
268307257
817905064
426407494
377527082
189278386
909099240
573171179
831833991
923237918
612956937
728809946
316865142
356631842
538103400
448676705
712821397
880543994
266739847
949140576
274589869
166673293
23413965
95545447
722530574
607469621
536394557
926797518
36078330
701832766
251105020
862063280
810179017
263437876
101803047
729138377
711468729
363625241
703672851
726941886
517052053
218559260
462190179
507816389
133197905
401707220
847331708
609166340
489951417
161550264
464703713
220098177
91813012
921995372
783648846
379966830
588546804
286397389
951269807
622159588
119990155
897801714
519413575
649704538
298252451
817059456
353474207
334957439
285395302
891269350
722578847
499233226
878912664
134854186
152311959
208065189
891101538
988646678
890184243
621819546
194701641
953086565
318144143
118720681
112821065
352275284
30077887
918351201
504102741
23492979
842308950
204156853
878665173
699175442
940134544
777845631
293674038
701969821
629095035
468569015
745245218
458315001
312774811
613478903
638531951
151387329
105843346
595359231
11510364
670964977
617434559
440643551
769402331
655211967
723901886
193219863
284889219
673422916
198450443
471584456
430355460
981882561
102748468
224184078
996407551
549089129
313311594
460864080
236613162
939037388
921520558
885056735
334990094
691507100
997203091
774277351
558124378
262272173
10771167
888796988
480895714
79014820
818039113
393991024
336138359
826657930
291694772
287495560
994682914
174456366
400301829
894784086
45740156
211257719
265715940
300378317
632866867
223703573
226302204
129548560
417721347
406763530
412556695
225039685
998208933
743183564
328242304
257098472
904976767
818510031
884154383
463870442
184352989
132997626
814756988
112884339
355205361
957873600
387227132
594275436
125207058
622343254
785645378
243924696
34923058
202663582
479190035
425980692
520503169
861172172
673902833
29826645
99885908
177623643
401763948
437488604
816981649
481378748
807363055
258852626
996006166
291784024
214394452
819049064
784889589
842274453
528040590
159250464
604668051
257252434
222841505
294574668
756237581
100856829
512892911
893035716
968712692
608505370
770075933
142682837
536723269
747493908
97624155
651238255
41992176
155157921
910164173
756677888
626059809
547863042
272529320
351976047
401125334
464013771
879663155
2508357
621168163
717242677
391313925
456645910
320216857
973694576
885440302
367287924
741479648
235359768
475253620
869674972
751475690
889316569
774086739
248677969
201131976
503291955
44584379
800744290
517126697
327876132
164109355
974632114
59876720
696706227
710679132
154581693
161174601
179806009
705420542
740287899
898373267
302736873
231557080
365187240
477602298
931864937
57461523
995405793
473793848
248476560
625932165
64251205
824418861
537209844
564831476
647982675
507856929
673026387
869628218
160415255
130777222
84784776
347068935
202130087
480981902
303410958
400528302
80271638
616731865
572916364
543586792
864117847
881374998
1874192
753624507
24128444
397198111
40080105
132412700
734900423
108340391
426487394
878229289
31810419
733320780
405834018
72875627
195965589
886926776
646091819
835540133
937447819
676480357
334352526
443258607
170016528
914071366
814317575
84405830
72124413
739525662
674301674
266508382
814391921
399750338
124208792
757067018
541133263
148997241
404219
803750656
920125893
815970342
853492527
606176234
130937679
739680911
483668107
419771941
156178021
569857621
618309948
845292079
158285256
560935720
761040822
779215856
830355636
570398232
172574989
891876613
433356386
283016216
266222601
969652230
313830487
508751893
168034052
680362025
282882479
843979404
163217315
235934915
762503239
310332129
805603389
987725939
618502571
606766182
376915591
228465063
949018959
811388364
122286042
644105853
807080151
613340728
962781499
31184624
45037047
470486574
318728782
763604292
343742822
891298234
111202377
131130278
17110383
398700482
822226917
771096420
308373099
561895140
806830333
403617684
296909579
331356679
921125077
359188151
340940375
410890970
606485146
285925039
163161294
448315421
849496966
172068056
837773176
444970684
868661890
159575146
659855837
245127656
221640114
31046756
763956936
785977443
103233949
939259910
619720355
655870315
434521408
978129732
408761018
991128358
279263330
189321695
460646748
644218005
843132213
685684016
413789112
579169810
386514864
537385179
618928427
226814093
832504483
880540606
362886420
880945389
42702204
740234047
865415535
158027145
326528449
257522981
658084005
929973865
664346916
611585981
39535809
707624392
828629346
673242316
108554997
887328967
717800684
345409894
728794253