1000
30 25 5
76 84 67
10 22 55
48 64 69
16 66 96
95 11 94
81 8 37
47 8 15
40 32 40
17 81 100
38 18 100
15 40 98
54 28 31
4 57 29
41 20 71
45 54 78
67 54 42
36 54 38
11 73 54
69 96 3
94 62 11
43 81 99
84 93 54
37 73 10
89 80 24
30 64 33
88 17 100
17 55 29
36 69 53
66 20 11
90 72 20
47 25 9
41 32 82
3 82 67
68 45 5
98 29 77
77 65 16
37 33 18
43 89 76
38 13 25
87 78 17
33 24 78
0 55 55
71 28 11
80 65 25
10 55 27
91 88 3
48 62 3
60 29 94
70 35 40
17 69 21
17 79 13
38 86 11
57 58 89
43 30 26
39 12 84
79 69 11
70 29 55
37 26 33
52 22 97
32 67 10
24 89 95
45 70 62
49 42 78
28 14 70
82 45 77
24 100 35
35 99 22
10 9 17
94 13 95
32 14 83
34 99 40
39 94 64
10 5 43
16 54 82
92 80 87
85 70 9
91 77 4
33 44 96
27 81 7
91 65 22
81 3 94
52 58 41
41 31 52
59 72 79
47 71 80
1 54 73
43 19 26
93 79 38
64 76 28
24 57 38
12 55 55
5 4 81
59 22 76
65 91 93
9 72 95
20 18 1
25 63 58
77 75 53
80 33 25
34 5 87
15 74 4
51 39 32
58 86 97
9 3 8
65 42 19
79 37 2
23 7 39
45 58 33
71 87 7
51 16 84
31 11 98
91 2 12
81 38 96
94 30 1
19 71 93
35 16 42
28 75 45
10 87 38
87 57 12
23 24 41
2 77 57
1 55 20
4 80 61
70 70 72
17 89 70
51 72 5
47 53 21
90 47 68
7 13 96
35 22 38
5 85 97
81 4 75
90 48 65
100 84 72
8 31 78
70 35 42
44 35 57
5 36 8
60 52 78
65 19 26
44 26 6
4 90 64
85 85 71
87 66 72
30 74 67
1 28 70
58 91 89
0 71 40
82 2 69
97 61 94
16 15 64
97 70 4
51 32 31
56 56 52
40 67 34
34 85 73
91 35 47
55 3 20
69 44 38
38 55 3
4 47 5
48 16 37
53 3 4
68 31 60
26 63 84
28 89 30
96 2 72
25 43 2
30 9 85
73 7 6
13 82 4
70 25 2
79 40 83
85 93 63
13 55 55
55 4 97
58 20 9
100 76 79
15 90 92
56 44 57
48 86 21
37 62 67
95 82 27
82 87 30
60 86 100
91 47 20
73 67 79
27 56 28
29 11 42
48 39 20
91 22 82
46 13 25
42 67 14
56 6 32
77 76 20
22 64 65
61 85 22
16 10 4
55 65 61
78 12 26
76 87 22
95 33 26
5 77 17
42 63 85
81 14 29
83 83 38
25 54 15
62 67 78
73 32 97
98 22 42
84 48 1
25 47 39
71 28 4
95 20 58
39 5 87
8 7 32
98 39 27
20 14 88
51 26 61
44 88 41
53 52 65
77 21 90
66 25 14
19 41 36
40 29 19
19 25 7
46 13 17
21 53 4
83 45 78
38 8 35
99 35 58
63 43 23
11 45 87
10 19 4
56 61 7
30 41 28
37 3 58
76 82 99
96 67 6
18 18 95
35 55 45
83 12 56
20 60 75
88 93 40
57 59 38
7 34 65
89 48 39
63 93 100
12 7 78
4 64 27
85 84 21
49 73 97
91 24 30
52 68 7
5 98 52
85 12 5
11 5 82
81 79 13
13 64 42
49 22 17
19 32 69
34 72 75
48 21 33
72 83 63
72 98 89
93 5 46
84 98 25
66 26 38
73 43 35
100 54 94
61 34 14
16 93 89
22 20 89
68 23 60
18 69 54
19 57 99
59 46 2
47 92 81
6 57 10
31 20 6
73 81 87
82 42 37
26 2 42
1 87 21
10 67 92
75 52 73
54 13 86
69 77 100
73 60 73
35 71 80
100 55 38
36 42 44
95 11 94
18 57 73
8 100 13
37 29 63
14 58 26
17 37 79
53 48 15
59 75 32
72 40 83
16 11 38
17 32 44
35 35 60
93 68 55
21 81 30
6 54 76
75 9 23
76 58 19
3 19 75
34 59 57
33 55 85
52 29 5
22 34 52
38 4 1
20 46 23
66 15 25
66 16 67
71 81 41
72 36 27
44 71 96
12 9 17
61 71 58
89 8 11
61 38 36
80 46 30
28 16 5
66 89 30
64 81 11
44 7 12
35 45 55
73 4 82
65 46 89
96 95 29
12 71 89
49 35 2
2 1 3
75 68 11
44 68 69
15 73 20
4 78 15
46 13 67
76 41 73
28 96 15
67 77 35
98 6 75
81 88 84
13 35 36
73 9 85
65 70 12
99 97 98
86 98 75
35 81 8
32 68 96
100 97 2
23 8 13
84 38 75
45 12 15
96 44 13
67 68 52
12 72 83
53 66 72
17 26 74
42 93 80
21 88 44
38 92 85
17 75 28
93 8 68
12 85 59
61 11 61
14 10 10
99 60 89
99 61 22
67 5 11
72 17 12
54 31 99
29 72 80
42 58 87
28 9 52
73 41 26
16 86 46
33 39 73
7 95 21
11 72 92
2 100 54
21 57 20
100 87 47
79 88 11
63 47 47
79 29 41
21 1 14
84 18 41
50 42 68
85 85 34
50 69 97
34 74 94
46 18 82
31 37 19
75 91 13
67 60 11
85 9 98
70 67 75
54 70 59
93 37 34
2 76 15
10 34 82
20 56 69
77 91 2
50 45 96
63 53 74
82 24 95
87 21 91
81 58 33
10 33 33
37 92 57
54 36 40
1 97 39
88 56 9
80 5 56
50 58 100
4 79 33
47 2 34
97 44 60
93 92 92
29 21 89
19 87 86
99 13 4
67 1 56
22 88 73
38 2 57
28 2 36
22 28 37
92 7 98
15 29 66
33 29 79
95 61 13
60 83 20
69 74 98
87 12 14
28 58 46
26 92 27
44 4 23
87 20 40
12 33 57
100 64 45
38 68 94
41 35 64
78 53 78
45 62 57
3 75 98
82 70 56
12 3 26
47 27 8
99 95 91
83 56 97
42 25 39
89 48 41
81 45 30
20 28 98
100 17 30
59 98 12
80 2 41
68 63 40
90 69 64
6 56 93
25 55 35
70 59 36
16 81 80
14 84 31
34 64 3
64 70 73
100 91 18
100 63 3
85 68 41
57 14 13
50 27 13
79 91 11
89 41 20
7 84 22
54 28 35
25 85 66
43 9 84
71 83 38
65 39 45
57 27 68
98 13 29
55 55 17
63 42 23
17 43 82
50 22 86
5 47 9
93 21 57
32 47 87
41 87 80
31 3 8
76 85 40
33 20 79
61 6 25
100 35 40
28 11 21
14 89 2
97 37 34
97 24 78
59 43 87
48 38 28
100 33 89
97 16 13
8 20 80
84 98 55
100 91 42
57 48 78
54 84 33
84 40 70
16 12 2
75 18 61
52 90 42
86 75 33
8 61 41
57 41 42
38 36 53
67 14 93
57 26 71
13 9 38
100 89 76
69 91 72
0 34 29
85 55 91
57 85 91
2 72 59
79 70 92
39 85 37
53 5 47
17 46 54
23 21 97
34 78 21
90 93 62
76 45 72
45 94 28
53 85 73
26 54 1
13 63 44
85 13 84
18 56 55
67 43 16
69 3 81
11 30 40
14 78 60
37 33 85
55 94 27
95 21 59
60 81 24
91 63 85
36 12 28
58 16 65
36 4 21
84 63 23
78 13 34
48 77 79
70 42 40
49 60 88
50 95 41
82 47 46
55 94 47
23 36 86
60 57 42
61 53 3
41 85 26
43 82 18
82 77 39
59 19 85
89 21 73
4 64 60
87 81 48
66 19 66
77 18 99
54 86 32
4 8 40
10 28 72
59 30 95
4 47 1
50 91 58
40 58 61
77 23 24
19 80 12
1 95 53
68 6 13
58 36 22
79 87 63
36 17 39
73 79 96
70 91 100
20 62 88
48 55 54
15 19 12
27 6 1
39 62 100
79 6 20
4 95 82
56 48 75
59 78 24
74 32 14
93 73 87
91 48 60
22 2 57
97 7 12
100 84 31
100 9 27
21 52 78
66 43 12
55 48 15
84 70 75
65 83 43
47 88 70
50 66 61
25 61 69
57 64 92
32 15 55
36 98 27
7 62 58
56 91 37
94 20 21
91 10 23
23 1 19
88 5 55
69 18 21
77 83 58
6 37 12
54 8 62
54 47 14
47 66 68
15 27 85
81 13 32
3 22 39
72 9 77
8 78 93
96 31 25
0 89 69
50 82 26
65 69 32
11 32 65
100 26 16
13 64 55
21 17 22
86 54 55
70 93 6
10 55 4
66 96 69
0 92 67
31 10 68
93 61 47
30 86 56
23 65 87
94 29 61
0 2 42
87 40 57
6 45 79
55 47 53
49 78 52
35 8 16
20 2 14
70 87 37
21 60 67
99 26 64
95 92 84
49 48 55
82 86 16
8 67 44
37 77 96
34 16 89
89 74 71
31 40 41
96 46 59
100 89 96
19 53 6
37 43 86
13 47 81
42 35 78
73 35 23
54 12 86
48 52 2
70 72 24
67 19 16
43 97 35
2 93 86
32 94 82
1 81 66
5 34 58
45 58 69
84 79 48
92 38 94
46 26 68
62 59 95
7 55 85
83 21 71
34 26 6
63 5 13
83 25 47
89 99 82
65 77 89
98 96 13
38 20 36
39 62 18
97 82 93
78 84 95
74 76 22
89 42 1
52 96 17
53 90 67
49 43 41
45 24 72
6 12 13
91 86 25
25 93 2
38 4 40
75 30 25
23 35 44
28 53 36
83 89 31
50 36 93
4 42 74
98 100 65
56 35 42
98 38 32
30 44 90
19 8 1
74 9 58
1 73 59
26 91 40
22 95 30
28 1 34
17 17 24
49 79 11
98 83 39
26 4 85
82 97 70
94 73 33
74 86 67
53 46 81
87 37 36
81 53 85
98 69 74
15 81 30
9 67 78
41 9 44
43 41 16
99 41 62
13 68 39
8 34 45
72 69 8
99 77 4
91 96 80
0 33 60
42 62 90
22 75 38
42 4 54
66 30 100
5 66 37
52 68 11
73 81 29
27 86 68
59 96 91
21 99 3
5 95 26
29 16 45
55 84 13
67 89 59
12 83 57
51 16 83
54 72 3
35 29 87
45 39 23
18 95 60
48 69 67
88 7 40
6 74 68
60 4 61
82 47 30
100 28 10
28 74 83
22 45 39
85 67 94
14 46 40
63 75 34
47 68 48
87 63 13
34 27 91
34 67 6
6 68 91
79 46 84
2 20 12
86 25 64
72 84 72
60 81 83
52 27 39
92 33 47
99 8 47
3 40 45
29 35 24
64 16 62
56 83 72
2 64 93
100 1 1
97 88 98
68 47 78
100 68 14
2 98 62
99 99 99
2 42 20
41 97 37
77 61 9
22 61 99
36 87 6
77 46 25
8 87 8
24 29 11
65 77 76
74 92 31
10 34 81
80 32 67
97 10 17
67 95 83
43 72 63
98 85 38
16 58 42
35 73 75
86 82 81
96 28 17
9 76 39
8 90 85
69 26 21
65 18 82
20 46 39
35 55 63
8 44 91
97 40 45
3 53 40
57 66 7
95 53 33
36 64 15
44 60 67
42 13 34
70 57 74
13 62 69
32 74 85
45 3 87
95 52 21
75 71 84
83 53 23
98 4 46
6 33 77
29 81 85
8 92 17
49 86 5
5 77 3
62 48 83
99 91 5
35 62 33
100 37 76
8 47 90
43 24 79
14 59 83
28 44 77
44 27 57
34 68 35
53 80 34
25 60 20
38 31 43
15 72 4
72 73 82
22 42 25
56 80 4
19 54 59
68 88 5
86 41 9
92 10 71
75 40 70
80 74 70
35 9 73
52 33 14
65 81 74
80 22 42
94 75 65
51 9 46
76 23 47
65 88 97
3 98 22
53 28 74
68 76 65
67 7 97
62 44 84
75 76 37
88 27 3
49 97 30
13 62 100
64 25 83
26 7 46
57 61 15
47 1 94
22 97 31
85 7 21
0 65 91
79 20 6
46 74 16
0 15 62
13 98 74
83 77 98
86 89 75
18 75 3
52 69 42
11 69 57
63 90 6
96 100 18
13 69 20
27 23 72
10 33 56
29 94 95
14 60 30
54 7 5
6 26 84
27 97 67
5 74 9
0 32 79
77 97 48
28 37 95
13 46 10
62 90 75
1 22 6
6 10 20
23 100 5
5 21 40
61 11 97
67 67 62
100 31 11
32 96 39
5 47 66
14 98 61
27 5 38
61 9 64
46 38 10
86 14 22
35 64 17
96 97 9
79 26 26
38 96 19
3 83 27
49 34 10
76 5 76
38 73 58
0 44 99
17 2 33
17 8 18
46 100 80
78 22 46
76 77 73
34 9 32
28 95 98
73 94 6
58 18 38
84 53 47
70 88 73
19 7 99
79 100 64
41 54 55
92 3 36
21 61 42
60 98 27
12 98 95
21 63 84
71 76 48
34 29 37
57 75 37
84 5 4
53 70 66
100 66 13
75 2 67
36 86 34
84 24 17
97 48 53
8 3 76
39 68 98
93 62 88
100 89 79
97 14 17
88 17 98
44 33 42
34 78 66
11 83 30
64 82 82
16 66 92
64 20 30
95 24 55
43 58 83
72 21 28
47 66 45
98 80 87
32 38 20
29 71 99
28 62 38
21 80 63
