100
11 6124 4264
12 3 1
16 0 3580
20 -1 1
20 6854 0
13 1 3
7 0 6570
12 -4 0
4 -1 1
14 -1 3
19 -3 3
14 2425 5143
15 -2 2
8 -4 0
5 0 4
5 -2 0
20 7215 2097
6 4 0
15 6 0
1 0 2
18 -1 1
6 0 0
4 0 2
6 -2 2
8 -3 1
7 -4 0
17 -6 0
19 -1 3
1 0 5768
2 0 2
5 0 4
15 228 8382
19 -3 3
4 -1 1
4 0 2
20 0 8238
9 2657 7237
13 3526 4538
6 2 0
5 -1 1
18 0 4
6 1 1
17 -2854 0
13 -2 0
11 0 2
17 1 1
1 4 4
6 -1 1
3 0 0
5 1128 0
5 4 0
19 1 1
17 -8262 0
17 0 2
14 4 0
6 -1 1
16 -2 0
15 0 4
1 2 0
7 0 4
16 6 0
10 4 0
17 -5 1
3 1 1
16 0 2
20 0 0
11 0 4
3 1 1
5 -4 0
17 -4 0
1 0 0
8 -4 0
4 1 1
7 2 2
17 -2 0
1 0 2
10 -4 0
10 2 2
5 0 0
3 4518 0
1 0 0
11 0 4
12 0 0
10 -3 1
20 -1 3
6 8885 5427
9 0 0
13 -1 3
12 4 0
14 -4 0
10 0 2
16 -6126 0
18 -5 1
11 3 1
14 0 0
20 -1 3
2 2 0
2 0 0
2 1536 3810
1 -2 0
