100
4 0 0
14 0 8436
20 -1 3
13 1 1
5 0 4
1 0 2
16 -5 1
5 2 0
9 0 0
11 -3 1
1 0 0
15 0 0
17 6 0
18 1 3
17 0 4
5 0 2
18 6 0
6 0 5906
4 0 2
17 9754 0
11 0 2
19 -4 0
10 1 3
5 4 0
1 0 2
18 4040 0
5 -2 0
18 4 2
2 9159 3935
10 2 0
3 1188 8046
8 -4 0
14 -1 3
5 -2 0
12 0 0
6 0 4
13 -2 2
7 9114 0
19 2 2
5 -1 1
1 -1 1
19 -1 3
3 -2 0
14 -1 1
16 0 0
11 -4 0
13 0 0
4 1 1
8 4 0
1 -2 0
8 2991 2343
15 5976 4258
6 0 2
17 -5 1
4 7895 4029
15 -4636 0
11 0 4
1 6 4
10 3506 0
12 0 4
6 -2 0
3 3600 0
1 1952 0
10 3272 0
14 3 1
5 0 4
9 3 1
11 0 0
18 -1 3
2 2 0
20 -8956 0
20 -2 4
1 0 0
19 5121 6667
6 0 2
6 -2 2
1 0 0
12 -2 2
9 0 0
6 3 1
1 0 2
8 4 0
20 2 0
5 2 0
16 1 3
3 -1 1
20 -4 2
17 0 4
19 -6 0
9 0 7730
5 0 2
12 -4 0
1 1654 0
18 6623 7319
12 0 6272
4 0 2
5 0 0
12 -2 0
11 2 2
5 0 7858
