75
1 1 1 0
1 2 0 0
2 1 1 2
2 2 0 2
6 21 22 21
3 4 3 1
3 3 3 2
5 11 11 10
4 4 4 8
7 43 43 42
11 1042 937 69
1 1 0 1
7 42 43 43
12 281 3280 535
3 2 0 6
7 43 42 43
9 171 170 171
4 6 5 5
2 0 4 0
1 0 0 2
7 42 58 28
12 1365 1366 1365
3 2 3 3
11 682 683 683
2 3 0 1
12 1366 1365 1365
2 1 3 0
6 10 36 18
5 2 9 21
11 683 682 683
12 1365 1365 1366
11 683 683 682
8 85 85 86
4 5 6 5
7 99 16 13
3 2 2 4
4 6 6 4
10 855 50 119
6 21 21 22
11 969 591 488
8 85 86 85
4 13 0 3
12 0 4096 0
10 173 17 834
8 123 97 36
12 1366 1366 1364
4 0 11 5
4 10 6 0
12 3057 118 921
6 22 21 21
2 2 1 1
8 142 29 85
5 8 3 21
3 2 4 2
10 341 341 342
12 1364 1368 1364
4 0 12 4
10 342 341 341
6 9 25 30
6 5 11 48
4 5 5 6
5 11 10 11
1 0 1 1
4 1 1 14
2 1 2 1
5 10 11 11
10 341 342 341
8 86 85 85
9 170 171 171
9 171 171 170
3 3 2 3
3 8 0 0
12 1552 2197 347
3 4 2 2
7 17 78 33
