1 6 11 5 10 4 9 3 8 2 7
1 7 2 8 3 9 4 10 5 11 6
2 7 1 6 11 5 10 4 9 3 8
2 7 1 8 3 9 4 10 5 11 6
2 8 3 9 4 10 5 11 6 1 7
3 8 1 6 11 5 10 4 9 2 7
3 8 1 7 2 9 4 10 5 11 6
3 8 2 7 1 6 11 5 10 4 9
3 8 2 7 1 9 4 10 5 11 6
3 8 2 9 4 10 5 11 6 1 7
3 9 4 10 5 11 6 1 7 2 8
3 9 4 10 5 11 6 1 8 2 7
4 9 1 6 11 5 10 3 8 2 7
4 9 1 7 2 8 3 10 5 11 6
4 9 2 7 1 6 11 5 10 3 8
4 9 2 7 1 8 3 10 5 11 6
4 9 2 8 3 10 5 11 6 1 7
4 9 3 8 1 6 11 5 10 2 7
4 9 3 8 1 7 2 10 5 11 6
4 9 3 8 2 7 1 6 11 5 10
4 9 3 8 2 7 1 10 5 11 6
4 9 3 8 2 10 5 11 6 1 7
4 9 3 10 5 11 6 1 7 2 8
4 9 3 10 5 11 6 1 8 2 7
4 10 5 11 6 1 7 2 8 3 9
4 10 5 11 6 1 7 2 9 3 8
4 10 5 11 6 1 8 3 9 2 7
4 10 5 11 6 1 9 3 8 2 7
5 10 1 6 11 4 9 3 8 2 7
5 10 1 7 2 8 3 9 4 11 6
5 10 2 7 1 6 11 4 9 3 8
5 10 2 7 1 8 3 9 4 11 6
5 10 2 8 3 9 4 11 6 1 7
5 10 3 8 1 6 11 4 9 2 7
5 10 3 8 1 7 2 9 4 11 6
5 10 3 8 2 7 1 6 11 4 9
5 10 3 8 2 7 1 9 4 11 6
5 10 3 8 2 9 4 11 6 1 7
5 10 3 9 4 11 6 1 7 2 8
5 10 3 9 4 11 6 1 8 2 7
5 10 4 9 1 6 11 3 8 2 7
5 10 4 9 1 7 2 8 3 11 6
5 10 4 9 2 7 1 6 11 3 8
5 10 4 9 2 7 1 8 3 11 6
5 10 4 9 2 8 3 11 6 1 7
5 10 4 9 3 8 1 6 11 2 7
5 10 4 9 3 8 1 7 2 11 6
5 10 4 9 3 8 2 7 1 6 11
5 10 4 9 3 8 2 7 1 11 6
5 10 4 9 3 8 2 11 6 1 7
5 10 4 9 3 11 6 1 7 2 8
5 10 4 9 3 11 6 1 8 2 7
5 10 4 11 6 1 7 2 8 3 9
5 10 4 11 6 1 7 2 9 3 8
5 10 4 11 6 1 8 3 9 2 7
5 10 4 11 6 1 9 3 8 2 7
5 11 6 1 7 2 8 3 9 4 10
5 11 6 1 7 2 8 3 10 4 9
5 11 6 1 7 2 9 4 10 3 8
5 11 6 1 7 2 10 4 9 3 8
5 11 6 1 8 3 9 4 10 2 7
5 11 6 1 8 3 10 4 9 2 7
5 11 6 1 9 4 10 3 8 2 7
5 11 6 1 10 4 9 3 8 2 7
6 1 7 2 8 3 9 4 10 5 11
6 1 7 2 8 3 9 4 11 5 10
6 1 7 2 8 3 10 5 11 4 9
6 1 7 2 8 3 11 5 10 4 9
6 1 7 2 9 4 10 5 11 3 8
6 1 7 2 9 4 11 5 10 3 8
6 1 7 2 10 5 11 4 9 3 8
6 1 7 2 11 5 10 4 9 3 8
6 1 8 3 9 4 10 5 11 2 7
6 1 8 3 9 4 11 5 10 2 7
6 1 8 3 10 5 11 4 9 2 7
6 1 8 3 11 5 10 4 9 2 7
6 1 9 4 10 5 11 3 8 2 7
6 1 9 4 11 5 10 3 8 2 7
6 1 10 5 11 4 9 3 8 2 7
6 1 11 5 10 4 9 3 8 2 7
6 11 1 7 2 8 3 9 4 10 5
6 11 2 7 1 8 3 9 4 10 5
6 11 3 8 1 7 2 9 4 10 5
6 11 3 8 2 7 1 9 4 10 5
6 11 4 9 1 7 2 8 3 10 5
6 11 4 9 2 7 1 8 3 10 5
6 11 4 9 3 8 1 7 2 10 5
6 11 4 9 3 8 2 7 1 10 5
6 11 5 10 1 7 2 8 3 9 4
6 11 5 10 2 7 1 8 3 9 4
6 11 5 10 3 8 1 7 2 9 4
6 11 5 10 3 8 2 7 1 9 4
6 11 5 10 4 9 1 7 2 8 3
6 11 5 10 4 9 2 7 1 8 3
6 11 5 10 4 9 3 8 1 7 2
6 11 5 10 4 9 3 8 2 7 1
7 1 6 11 2 8 3 9 4 10 5
7 1 6 11 3 8 2 9 4 10 5
7 1 6 11 4 9 2 8 3 10 5
7 1 6 11 4 9 3 8 2 10 5
7 1 6 11 5 10 2 8 3 9 4
7 1 6 11 5 10 3 8 2 9 4
7 1 6 11 5 10 4 9 2 8 3
7 1 6 11 5 10 4 9 3 8 2
7 2 8 1 6 11 3 9 4 10 5
7 2 8 1 6 11 4 9 3 10 5
7 2 8 1 6 11 5 10 3 9 4
7 2 8 1 6 11 5 10 4 9 3
7 2 8 3 9 1 6 11 4 10 5
7 2 8 3 9 1 6 11 5 10 4
7 2 8 3 9 4 10 1 6 11 5
7 2 8 3 9 4 10 5 11 1 6
7 2 8 3 9 4 10 5 11 6 1
7 2 8 3 9 4 11 5 10 1 6
7 2 8 3 9 4 11 6 1 10 5
7 2 8 3 10 4 9 1 6 11 5
7 2 8 3 10 5 11 4 9 1 6
7 2 8 3 10 5 11 6 1 9 4
7 2 8 3 11 5 10 4 9 1 6
7 2 8 3 11 6 1 9 4 10 5
7 2 9 3 8 1 6 11 4 10 5
7 2 9 3 8 1 6 11 5 10 4
7 2 9 4 10 3 8 1 6 11 5
7 2 9 4 10 5 11 3 8 1 6
7 2 9 4 10 5 11 6 1 8 3
7 2 9 4 11 5 10 3 8 1 6
7 2 9 4 11 6 1 8 3 10 5
7 2 10 4 9 3 8 1 6 11 5
7 2 10 5 11 4 9 3 8 1 6
7 2 10 5 11 6 1 8 3 9 4
7 2 11 5 10 4 9 3 8 1 6
7 2 11 6 1 8 3 9 4 10 5
8 2 7 1 6 11 3 9 4 10 5
8 2 7 1 6 11 4 9 3 10 5
8 2 7 1 6 11 5 10 3 9 4
8 2 7 1 6 11 5 10 4 9 3
8 3 9 2 7 1 6 11 4 10 5
8 3 9 2 7 1 6 11 5 10 4
8 3 9 4 10 2 7 1 6 11 5
8 3 9 4 10 5 11 2 7 1 6
8 3 9 4 10 5 11 6 1 7 2
8 3 9 4 11 5 10 2 7 1 6
8 3 9 4 11 6 1 7 2 10 5
8 3 10 4 9 2 7 1 6 11 5
8 3 10 5 11 4 9 2 7 1 6
8 3 10 5 11 6 1 7 2 9 4
8 3 11 5 10 4 9 2 7 1 6
8 3 11 6 1 7 2 9 4 10 5
9 3 8 2 7 1 6 11 4 10 5
9 3 8 2 7 1 6 11 5 10 4
9 4 10 3 8 2 7 1 6 11 5
9 4 10 5 11 3 8 2 7 1 6
9 4 10 5 11 6 1 7 2 8 3
9 4 11 5 10 3 8 2 7 1 6
9 4 11 6 1 7 2 8 3 10 5
10 4 9 3 8 2 7 1 6 11 5
10 5 11 4 9 3 8 2 7 1 6
10 5 11 6 1 7 2 8 3 9 4
11 5 10 4 9 3 8 2 7 1 6
11 6 1 7 2 8 3 9 4 10 5
