2 3 7 16 16 16 16 7 3 2

1 5 9 4 8 3 7 2 6
1 6 2 7 3 8 4 9 5
2 6 1 5 9 4 8 3 7
2 6 1 7 3 8 4 9 5
2 7 3 8 4 9 5 1 6
3 7 1 5 9 4 8 2 6
3 7 1 6 2 8 4 9 5
3 7 2 6 1 5 9 4 8
3 7 2 6 1 8 4 9 5
3 7 2 8 4 9 5 1 6
3 8 4 9 5 1 6 2 7
3 8 4 9 5 1 7 2 6
4 8 1 5 9 3 7 2 6
4 8 1 6 2 7 3 9 5
4 8 2 6 1 5 9 3 7
4 8 2 6 1 7 3 9 5
4 8 2 7 3 9 5 1 6
4 8 3 7 1 5 9 2 6
4 8 3 7 1 6 2 9 5
4 8 3 7 2 6 1 5 9
4 8 3 7 2 6 1 9 5
4 8 3 7 2 9 5 1 6
4 8 3 9 5 1 6 2 7
4 8 3 9 5 1 7 2 6
4 9 5 1 6 2 7 3 8
4 9 5 1 6 2 8 3 7
4 9 5 1 7 3 8 2 6
4 9 5 1 8 3 7 2 6
5 1 6 2 7 3 8 4 9
5 1 6 2 7 3 9 4 8
5 1 6 2 8 4 9 3 7
5 1 6 2 9 4 8 3 7
5 1 7 3 8 4 9 2 6
5 1 7 3 9 4 8 2 6
5 1 8 4 9 3 7 2 6
5 1 9 4 8 3 7 2 6
5 9 1 6 2 7 3 8 4
5 9 2 6 1 7 3 8 4
5 9 3 7 1 6 2 8 4
5 9 3 7 2 6 1 8 4
5 9 4 8 1 6 2 7 3
5 9 4 8 2 6 1 7 3
5 9 4 8 3 7 1 6 2
5 9 4 8 3 7 2 6 1
6 1 5 9 2 7 3 8 4
6 1 5 9 3 7 2 8 4
6 1 5 9 4 8 2 7 3
6 1 5 9 4 8 3 7 2
6 2 7 1 5 9 3 8 4
6 2 7 1 5 9 4 8 3
6 2 7 3 8 1 5 9 4
6 2 7 3 8 4 9 1 5
6 2 7 3 8 4 9 5 1
6 2 7 3 9 4 8 1 5
6 2 7 3 9 5 1 8 4
6 2 8 3 7 1 5 9 4
6 2 8 4 9 3 7 1 5
6 2 8 4 9 5 1 7 3
6 2 9 4 8 3 7 1 5
6 2 9 5 1 7 3 8 4
7 2 6 1 5 9 3 8 4
7 2 6 1 5 9 4 8 3
7 3 8 2 6 1 5 9 4
7 3 8 4 9 2 6 1 5
7 3 8 4 9 5 1 6 2
7 3 9 4 8 2 6 1 5
7 3 9 5 1 6 2 8 4
8 3 7 2 6 1 5 9 4
8 4 9 3 7 2 6 1 5
8 4 9 5 1 6 2 7 3
9 4 8 3 7 2 6 1 5
9 5 1 6 2 7 3 8 4
