1000
97 395
27 245
71 756
79 836
82 866
30 891
163 658
12 564
85 895
97 394
282 565
135 271
35 71
379 759
112 225
1 1000
243 487
243 591
81 501
81 500
81 502
81 565
260 521
260 624
363 727
363 923
287 575
287 998
85 708
85 707
85 709
85 723
202 405
202 501
244 489
244 749
22 45
22 75
403 807
403 823
95 585
95 584
95 586
95 768
349 699
349 902
2 152
2 151
2 153
2 178
332 665
332 881
353 707
353 773
162 325
162 533
24 427
24 426
24 428
24 479
189 762
189 761
189 763
189 785
125 251
125 440
249 499
249 805
47 194
47 193
47 195
47 232
148 297
148 588
45 285
45 284
45 286
45 387
69 580
69 579
69 581
69 685
161 323
161 378
204 409
204 702
30 426
30 425
30 427
30 473
154 622
154 621
154 623
154 918
300 601
300 709
281 563
281 932
327 655
327 660
380 761
380 865
190 381
190 561
220 441
220 692
233 938
233 937
233 939
233 983
304 609
304 734
35 581
35 580
35 582
35 589
158 317
158 428
72 448
3 900
3 899
3 901
3 971
37 510
37 509
37 511
37 550
276 553
276 863
31 913
31 912
31 914
31 941
115 705
115 704
115 706
115 927
72 447
72 446
72 448
72 455
397 795
397 844
423 847
423 965
174 702
174 701
174 703
174 827
72 145
72 233
338 677
338 722
66 556
66 555
66 557
66 704
336 673
336 908
127 255
127 318
304 609
304 907
234 942
234 941
234 943
234 974
188 377
188 409
314 629
314 689
209 419
209 631
170 686
170 685
170 687
170 829
406 813
406 861
21 385
21 384
21 386
21 436
178 718
178 717
178 719
178 873
110 675
110 674
110 676
110 878
211 423
211 690
203 407
203 761
63 127
63 217
353 707
353 746
180 726
180 725
180 727
180 985
9 954
9 953
9 955
9 987
326 653
326 916
202 405
202 656
29 122
29 121
29 123
29 168
87 915
87 914
87 916
87 975
127 777
127 776
127 778
127 815
82 165
82 191
162 654
162 653
162 655
162 844
167 674
167 673
167 675
167 960
16 70
16 69
16 71
16 81
306 613
306 717
161 650
161 649
161 651
161 966
197 395
197 496
32 284
32 283
32 285
32 353
345 691
345 1000
243 487
243 803
13 912
13 911
13 913
13 995
188 758
188 757
188 759
188 873
117 717
117 716
117 718
117 920
154 939
154 938
154 940
154 985
200 806
200 805
200 807
200 996
344 689
344 814
95 585
95 584
95 586
95 762
78 652
78 651
78 653
78 663
35 486
35 485
35 487
35 578
111 450
111 449
111 451
111 645
227 455
227 839
112 924
112 923
112 925
112 959
89 179
89 257
28 657
28 656
28 658
28 666
441 883
441 1000
16 156
16 155
16 157
16 165
219 439
219 837
123 752
123 754
123 815
50 314
50 316
50 405
8 161
8 163
8 170
121 489
121 491
121 524
197 463
129 444
388 845
155 367
195 614
76 309
76 311
76 401
134 501
103 292
301 827
133 269
77 814
77 816
77 863
46 290
46 292
46 392
330 824
91 560
91 562
91 710
34 84
71 440
71 442
71 520
212 853
212 855
212 968
62 253
62 255
62 297
234 770
4 854
4 856
4 880
320 793
32 364
32 366
32 399
414 911
5 584
5 586
5 644
24 284
24 286
24 310
198 797
198 799
198 811
134 372
50 665
50 667
50 747
135 372
125 432
21 254
21 256
21 308
357 812
17 458
17 460
17 469
412 985
273 661
37 608
37 610
37 702
15 714
15 716
15 745
137 836
137 838
137 885
10 450
10 452
10 500
282 774
235 632
396 815
104 638
104 640
104 759
101 409
101 411
101 533
55 225
55 227
55 262
200 805
200 807
200 927
231 620
234 739
140 530
94 578
94 580
94 762
6 845
6 847
6 873
75 794
75 796
75 963
67 563
67 565
67 574
367 895
83 337
83 339
83 389
218 877
218 879
218 899
142 290
424 918
140 854
140 856
140 904
125 447
138 557
138 559
138 822
150 605
150 607
150 716
219 733
195 619
203 773
320 646
50 665
50 667
50 671
114 299
149 601
149 603
149 692
261 555
473 959
80 494
80 496
80 645
264 868
145 308
127 346
231 658
229 593
51 554
51 556
51 612
67 416
67 418
67 526
237 807
50 544
50 546
50 634
145 327
370 924
87 182
33 956
33 958
33 984
324 946
88 309
105 644
105 646
105 671
197 793
197 795
197 808
98 397
98 399
98 467
264 964
148 489
171 689
171 691
171 997
97 393
97 395
97 445
144 470
369 882
1 35
1 37
1 44
119 728
119 730
119 972
119 979
119 981
119 996
267 792
192 583
122 457
53 172
398 916
111 267
82 169
91 259
6 29
6 31
6 45
400 840
7 384
7 386
7 406
301 905
384 864
213 500
247 826
60 971
240 675
335 931
1 802
148 388
420 950
60 322
188 513
298 619
247 784
59 598
256 600
358 892
189 917
283 827
392 963
174 491
212 689
84 685
352 938
141 966
202 669
62 507
6 721
208 737
3 246
219 518
182 558
173 753
302 980
233 971
381 767
173 664
426 972
451 951
125 648
80 949
129 546
13 281
46 417
86 963
134 747
89 269
147 528
429 976
96 835
133 668
308 899
389 947
466 958
65 644
201 426
52 453
323 927
131 778
11 760
101 492
5 619
240 531
99 868
23 389
29 760
52 506
283 852
35 689
208 624
364 781
161 647
52 788
254 968
318 934
124 676
128 557
480 981
274 842
81 682
119 243
156 367
132 306
72 348
65 468
91 436
32 361
78 511
53 645
141 670
142 649
80 651
225 674
388 797
39 307
276 905
171 381
445 962
104 614
296 904
167 491
11 147
139 646
275 669
466 989
328 797
20 899
74 851
107 913
3 806
335 939
28 691
219 993
186 734
126 376
191 796
183 625
61 981
431 946
329 755
429 903
203 453
64 738
45 990
55 654
152 530
106 806
151 591
196 750
277 978
206 719
302 659
177 542
32 253
228 542
108 732
144 701
394 830
197 747
284 749
132 439
320 752
95 373
68 229
174 597
369 786
39 82
117 683
103 236
211 989
381 988
351 949
223 844
86 478
271 980
340 698
200 987
197 793
140 582
373 895
334 737
346 710
263 866
141 596
142 869
413 963
52 466
103 490
169 724
308 801
215 916
219 632
121 708
291 922
1 859
71 820
126 969
98 433
46 739
171 401
54 364
80 997
82 363
197 788
192 655
63 810
34 70
281 763
4 100
18 997
11 282
254 659
39 211
58 599
252 850
389 908
24 284
351 823
60 327
391 963
69 921
83 560
233 737
183 907
14 814
189 795
104 291
105 778
258 624
56 883
427 960
385 830
285 827
130 358
277 823
35 212
186 764
11 711
175 762
155 371
288 872
37 306
220 547
75 911
23 693
384 899
80 594
94 305
7 618
248 704
79 491
165 367
108 885
374 998
28 788
68 209
184 544
81 666
203 737
24 65
55 292
101 454
249 902
13 777
43 180
37 791
394 836
102 314
200 590
172 358
138 976
190 749
20 645
179 621
171 775
172 799
340 694
38 850
129 910
368 964
162 358
171 420
148 813
279 684
195 674
116 242
140 677
88 369
171 350
121 576
157 902
122 331
36 780
7 439
21 769
124 366
66 686
370 939
305 735
444 973
70 153
275 661
194 584
275 996
380 860
9 917
394 982
131 749
232 920
248 944
302 782
131 508
297 628
242 911
347 900
355 759
127 826
418 956
146 499
5 995
130 263
331 725
177 888
421 991
17 46
70 802
324 670
283 924
67 285
23 104
63 931
137 956
184 493
51 497
89 523
13 738
223 531
91 374
110 482
344 701
346 829
3 297
333 872
42 495
258 896
233 660
193 476
135 440
52 919
277 969
171 368
289 719
237 703
9 748
59 664
40 495
111 548
49 505
50 712
223 893
1 57
396 895
66 839
35 281
4 384
161 966
237 608
49 289
221 869
55 242
176 440
151 908
319 976
245 632
58 641
166 873
43 639
326 904
444 898
73 875
133 644
26 454
304 693
79 339
370 782
225 725
177 571
106 642
243 520
60 332
15 589
85 698
328 821
88 967
147 964
395 999
136 974
165 802
1 132
100 528
54 622
32 900
20 265
134 856
152 331
248 760
191 946
78 507
25 909
60 954
263 911
77 373
191 712
284 636
67 309
220 511
199 532
209 907
97 622
21 757
212 438
79 486
194 871
362 838
7 642
14 453
48 852
419 864
270 670
328 740
332 724
12 101
87 997
61 901
320 647
6 613
124 973
5 67
167 400
123 572
271 978
194 804
181 831
247 699
97 765
136 397
36 833
1 438
209 540
187 502
39 492
162 866
208 921
54 993
201 642
123 292
44 407
25 265
13 737
224 965
181 869
4 101
373 935
18 527
456 922
99 659
145 744
6 364
43 102
32 244
1 468
420 967
129 522
121 581
158 576
150 467
167 525
221 927
147 416
87 975
170 709
192 396
279 784
28 617
24 414
99 821
43 366
296 756
134 799
