3
7
17
19
23
29
47
59
61
97
109
113
131
149
167
179
181
193
223
229
233
257
263
269
289
313
337
361
367
379
383
389
419
433
461
487
491
499
503
509
541
571
577
593
619
647
659
701
709
727
743
811
821
823
857
863
887
937
941
953
971
977
983
1019
1021
1033
1051
1063
1069
1087
1091
1097
1103
1109
1153
1171
1181
1193
1217
1223
1229
1259
1291
1297
1301
1303
1327
1367
1381
1429
1433
1447
1487
1531
1543
1549
1553
1567
1571
1579
1583
1607
1619
1621
1663
1697
1709
1741
1777
1783
1789
1811
1823
1847
1861
1873
1913
1949
1979
2017
2029
2063
2069
2099
2113
2137
2141
2143
2153
2179
2207
2221
2251
2269
2273
2297
2309
2339
2341
2371
2383
2389
2411
2417
2423
2447
2459
2473
2539
2543
2549
2579
2593
2617
2621
2633
2657
2663
2687
2699
2713
2731
2741
2753
2767
2777
2789
2819
2833
2851
2861
2887
2897
2903
2909
2927
2939
2971
3011
3019
3023
3137
3167
3221
3251
3257
3259
3299
3301
3313
3331
3343
3371
3389
3407
3433
3461
3463
3469
3527
3539
3571
3581
3593
3607
3617
3623
3659
3673
3701
3709
3727
3767
3779
3821
3833
3847
3863
3943
3967
3989
4007
4019
4051
4057
4073
4091
4099
4127
4139
4153
4177
4211
4217
4219
4229
4259
4261
4327
4337
4339
4349
4421
4423
4447
4451
4457
4463
4567
4583
4651
4673
4691
4703
4783
4793
4817
4931
4937
4943
4967
5021
5059
5087
5099
5153
5167
5179
5189
5233
5273
5297
5303
5309
5381
5393
5417
5419
5501
5503
5527
5531
5581
5623
5651
5657
5659
5669
5701
5737
5741
5743
5749
5779
5783
5807
5821
5857
5861
5869
5897
5903
5927
5939
5981
6011
6029
6047
6073
6113
6131
6143
6211
6217
6221
6247
6257
6263
6269
6287
6301
6337
6343
6353
6367
6389
6473
6553
6571
6619
6659
6661
6673
6691
6701
6703
6709
6737
6779
6793
6823
6829
6833
6857
6863
6869
6899
6949
6967
6971
6977
6983
7019
7057
7069
7103
7109
7177
7193
7207
7219
7229
7247
7309
7349
7393
7411
7433
7451
7457
7459
7487
7499
7541
7577
7583
7607
7673
7687
7691
7699
7703
7727
7753
7793
7817
7823
7829
7873
7901
7927
7937
7949
8017
8059
8069
8087
8171
8179
8219
8233
8263
8269
8273
8287
8291
8297
8353
8377
8389
8423
8429
8447
8501
8513
8537
8543
8623
8647
8663
8669
8699
8713
8731
8741
8753
8783
8807
8819
8821
8861
8863
8887
8971
9011
9029
9059
9103
9109
9137
9221
9257
9341
9343
9371
9377
9421
9461
9473
9491
9497
9539
9623
9629
9697
9739
9743
9749
9767
9781
9811
9817
9829
9833
9851
9857
9887
9931
9949
9967
10007
10061
10069
10091
10103
10139
10141
10177
10181
10211
10223
10247
10259
10273
10301
10313
10337
10343
10433
10457
10459
10463
10487
10499
10513
10531
10567
10589
10607
10651
10657
10663
10687
10691
10709
10739
10781
10789
10847
10859
10861
10903
10937
10939
10949
10979
10993
11047
11057
11059
11069
11131
11149
11171
11177
11257
11273
11287
11299
11353
11383
11393
11423
11447
11497
11503
11549
11579
11593
11617
11621
11633
11657
11699
11701
11731
11743
11777
11783
11789
11807
11821
11833
11863
11887
11897
11903
11909
11927
11939
11941
11953
11971
11981
12011
12073
12101
12113
12143
12149
12251
12263
12269
12377
12379
12421
12451
12457
12473
12487
12491
12497
12503
12527
12539
12553
12577
12583
12589
12611
12647
12659
12697
12713
12743
12781
12821
12823
12899
12941
12953
12979
12983
13007
13063
13099
13103
13109
13127
13177
13217
13229
13291
13297
13313
13331
13337
13339
13367
13381
13411
13421
13451
13457
13463
13469
13487
13499
13537
13577
13669
13691
13697
13709
13781
13789
13807
13829
13859
13873
13901
13903
13913
13931
13967
14011
14029
14033
14057
14087
14143
14153
14177
14207
14251
14303
14327
14341
14423
14447
14503
14537
14543
14549
14593
14621
14629
14633
14657
14669
14699
14713
14731
14737
14741
14753
14767
14779
14783
14887
14891
14897
14939
15017
15073
15137
15139
15149
15193
15217
15233
15259
15263
15287
15299
15349
15377
15383
15461
15473
15527
15581
15583
15607
15619
15629
15647
15727
15731
15737
15739
15749
15767
15823
15859
15887
15901
15913
15971
16007
16033
16073
16091
16097
16103
16127
16139
16183
16193
16217
16223
16229
16273
16339
16349
16411
16417
16421
16433
16447
16451
16487
16553
16567
16607
16619
16657
16661
16673
16691
16699
16703
16741
16823
16829
16931
16937
16943
16979
16981
16993
17011
17029
17033
17099
17167
17183
17189
17207
17257
17291
17327
17377
17383
17389
17393
17417
17419
17491
17497
17579
17581
17657
17669
17713
17737
17749
17783
17789
17807
17863
17891
17903
17909
17939
17971
17981
18059
18061
18127
18143
18211
18217
18229
18251
18269
18287
18301
18313
18341
18353
18379
18457
18461
18503
18539
18583
18593
18661
18691
18713
18743
18749
18793
18859
18869
18899
18913
18979
19073
19139
19141
19181
19207
19219
19259
19273
19309
19379
19417
19421
19429
19433
19447
19457
19463
19469
19541
19543
19553
19571
19577
19583
19661
19687
19697
19699
19709
19727
19739
19753
19793
19819
19913
19927
19949
19979
19993
20047
20051
20063
20101
20113
20143
20149
20177
20183
20233
20261
20297
20327
20393
20407
20411
20509
20543
20549
20611
20663
20743
20753
20789
20807
20857
20873
20897
20899
20939
20983
21011
21017
21019
21023
21059
21101
21143
21149
21179
21211
21247
21269
21377
21383
21407
21419
21487
21503
21577
21611
21617
21647
21673
21701
21713
21727
21737
21767
21817
21821
21851
21859
21863
21937
21977
22051
22063
22073
22109
22153
22189
22193
22229
22247
22259
22273
22291
22303
22343
22349
22367
22381
22433
22469
22541
22549
22567
22619
22669
22691
22697
22709
22727
22739
22741
22783
22811
22817
22859
22861
22901
22937
22943
22993
23011
23017
23021
23029
23059
23063
23087
23099
23131
23143
23269
23291
23297
23327
23339
23371
23417
23459
23473
23497
23509
23531
23537
23539
23567
23581
23593
23633
23663
23669
23687
23741
23743
23753
23767
23789
23819
23833
23869
23873
23887
23899
23909
23971
23977
23981
23993
24019
24023
24029
24061
24113
24137
24223
24229
24247
24251
24337
24371
24407
24419
24473
24499
24509
24527
24593
24623
24659
24691
24697
24709
24749
24767
24781
24821
24847
24859
24953
24967
24971
24977
24989
25057
25073
25087
25097
25153
25183
25229
25247
25301
25303
25343
25349
25367
25411
25423
25447
25457
25463
25469
25537
25541
25577
25583
25589
25621
25633
25657
25673
25703
25793
25847
25873
25903
25913
25939
25943
26029
26099
26113
26141
26171
26177
26189
26251
26261
26297
26309
26371
26393
26407
26417
26423
26459
26497
26501
26513
26539
26633
26669
26687
26699
26713
26731
26737
26777
26783
26863
26891
26903
26927
26953
26981
26993
27011
27017
27059
27061
27073
27103
27127
27143
27179
27211
27299
27337
27367
27407
27487
27509
27527
27583
27611
27617
27647
27697
27701
27737
27739
27743
27749
27767
27779
27793
27823
27847
27851
27901
27943
27953
27967
27983
28019
28057
28069
28097
28109
28183
28219
28229
28297
28309
28349
28411
28429
28433
28499
28513
28537
28549
28571
28579
28607
28619
28657
28661
28669
28687
28697
28703
28753
28793
28817
28859
28909
28949
28979
29017
29021
29023
29033
29063
29101
29131
29153
29167
29207
29221
29287
29297
29327
29339
29383
29389
29423
29429
29473
29501
29531
29537
29567
29581
29633
29663
29669
29741
29753
29789
29819
29863
29873
29927
29989
30011
30029
30047
30059
30097
30103
30109
30113
30137
30181
30269
30313
30341
30389
30469
30491
30497
30509
30539
30577
30593
30697
30781
30851
30859
30869
30931
30941
30949
30977
30983
31019
31033
31063
31069
31091
31139
31153
31181
31193
31219
31223
31247
31259
31327
31337
31379
31469
31513
31531
31541
31543
31567
31583
31607
31657
31663
31687
31727
31771
31793
31817
31847
31859
31891
31981
32029
32051
32057
32059
32063
32069
32099
32143
32183
32189
32233
32261
32297
32303
32309
32327
32377
32381
32423
32429
32497
32503
32531
32537
32579
32611
32621
32633
32647
32687
32713
32749
32779
32783
32789
32833
32869
32909
32939
32941
32983
32993
33023
33029
33113
33149
33179
33211
33223
33247
33287
33343
33349
33353
33377
33457
33487
33503
33577
33581
33589
33617
33619
33623
33629
33647
33703
33713
33739
33749
33767
33829
33851
33857
33863
33937
33941
33967
34019
34033
34057
34061
34127
34141
34171
34183
34211
34217
34259
34297
34301
34313
34337
34367
34381
34421
34429
34457
34469
34487
34499
34537
34543
34549
34583
34589
34607
34673
34703
34739
34781
34913
34939
34949
35023
35051
35059
35069
35099
35153
35171
35251
35257
35291
35327
35339
35353
35381
35393
35407
35423
35447
35531
35537
35543
35593
35753
35771
35851
35869
35899
35977
35983
35993
36007
36011
36017
36073
36097
36109
36137
36229
36251
36263
36269
36299
36341
36353
36383
36389
36451
36473
36497
36527
36541
36571
36629
36697
36709
36713
36739
36749
36767
36779
36833
36857
36887
36899
36913
36931
36979
37019
37057
37061
37087
37097
37139
37181
37189
37217
37223
37273
37309
37313
37337
37339
37379
37447
37463
37579
37589
37607
37619
37633
37663
37691
37781
37783
37847
37861
37967
37993
38011
38069
38153
38167
38177
38183
38189
38219
38261
38273
38299
38303
38327
38371
38377
38393
38447
38459
38501
38543
38593
38611
38651
38669
38699
38713
38749
38767
38783
38821
38833
38873
38891
38903
38953
38971
38977
38993
39023
39047
39097
39103
39113
39139
39229
39233
39301
39313
39341
39371
39383
39419
39451
39499
39503
39509
39581
39623
39659
39703
39709
39727
39749
39779
39821
39829
39847
39857
39863
39869
39887
39953
39971
39983
39989
40087
40099
40127
40153
40177
40189
40193
40343
40423
40433
40487
40499
40577
40583
40697
40709
40739
40771
40823
40829
40847
40897
40903
40927
40939
40949
41011
41023
41047
41051
41057
41113
41131
41141
41149
41177
41179
41183
41189
41233
41257
41299
41381
41389
41411
41513
41543
41549
41579
41617
41621
41659
41669
41687
41737
41777
41887
41897
41903
41927
41941
41953
41981
41983
42017
42019
42023
42061
42101
42131
42139
42179
42181
42221
42223
42257
42299
42331
42349
42433
42461
42463
42473
42487
42499
42509
42571
42577
42697
42701
42709
42737
42743
42767
42829
42859
42863
42899
42901
42937
42943
42967
42979
42989
43019
43063
43103
43177
43223
43291
43313
43331
43411
43451
43457
43487
43499
43541
43543
43577
43607
43661
43669
43691
43777
43781
43783
43789
43913
43943
44021
44029
44059
44087
44101
44131
44171
44179
44189
44207
44263
44273
44371
44383
44389
44417
44501
44531
44537
44543
44549
44579
44617
44623
44647
44651
44657
44687
44699
44701
44741
44753
44771
44777
44789
44819
44851
44909
44927
44939
44953
44971
45007
45061
45137
45179
45181
45247
45259
45263
45337
45341
45343
45377
45389
45433
45491
45497
45503
45541
45553
45589
45659
45691
45697
45737
45779
45817
45821
45823
45833
45863
45869
45887
45943
45949
45953
45971
45979
45989
46021
46051
46061
46073
46091
46099
46103
46141
46171
46181
46183
46219
46261
46301
46327
46337
46349
46411
46451
46457
46499
46549
46567
46589
46619
46633
46663
46691
46703
46727
46771
46807
46811
46817
46829
46861
47017
47051
47057
47059
47087
47137
47143
47149
47189
47207
47251
47269
47287
47297
47303
47309
47339
47381
47407
47417
47459
47497
47501
47513
47527
47543
47581
47629
47657
47701
47713
47737
47777
47779
47807
47819
47857
47869
47903
47939
47977
48017
48023
48029
48091
48109
48131
48179
48193
48221
48247
48259
48299
48313
48337
48341
48353
48371
48383
48407
48463
48473
48497
48527
48539
48589
48593
48611
48623
48647
48731
48767
48779
48781
48817
48821
48847
48857
48859
48869
48953
48989
49019
49033
49103
49109
49139
49193
49207
49211
49223
49261
49331
49367
49429
49433
49451
49463
49499
49531
49537
49549
49633
49697
49727
49739
49783
49807
49823
49891
49927
49937
49943
49993
50033
50047
50051
50069
50087
50101
50153
50177
50207
50261
50263
50273
50291
50341
50411
50417
50423
50459
50497
50503
50513
50527
50539
50543
50549
50581
50593
50647
50651
50741
50753
50767
50777
50789
50833
50873
50909
50993
51047
51059
51109
51131
51137
51193
51217
51257
51263
51287
51343
51349
51383
51407
51419
51421
51461
51473
51487
51503
51539
51577
51581
51593
51659
51691
51713
51749
51817
51859
51869
51899
51913
51971
51977
52057
52103
52127
52153
52181
52183
52223
52259
52291
52301
52379
52433
52457
52501
52541
52553
52567
52571
52583
52673
52691
52697
52709
52727
52783
52807
52817
52859
52901
52937
52967
52981
53017
53051
53069
53087
53113
53149
53189
53233
53269
53299
53309
53381
53411
53419
53503
53527
53549
53611
53617
53623
53629
53633
53657
53699
53777
53783
53819
53891
53897
53927
53939
53993
54011
54059
54091
54101
54139
54167
54193
54217
54251
54269
54287
54331
54367
54377
54419
54497
54503
54539
54541
54577
54581
54617
54623
54629
54647
54709
54713
54727
54767
54779
54829
54833
54851
54869
54949
54983
55057
55073
55103
55109
55127
55171
55217
55219
55229
55259
55313
55331
55337
55343
55411
55457
55469
55487
55501
55541
55579
55589
55619
55661
55663
55673
55691
55697
55793
55807
55817
55823
55829
55901
55927
55931
55949
55967
56087
56099
56101
56149
56171
56207
56263
56269
56299
56393
56417
56501
56503
56509
56527
56531
56543
56633
56663
56687
56737
56779
56783
56807
56857
56873
56891
56897
56909
56983
56993
57047
57059
57073
57097
57131
57139
57143
57149
57193
57221
57251
57259
57269
57287
57349
57367
57383
57389
57503
57527
57593
57697
57709
57713
57727
57731
57737
57781
57793
57829
57847
57859
57899
57901
57977
58057
58061
58073
58099
58109
58153
58193
58207
58211
58217
58229
58309
58313
58337
58367
58379
58393
58411
58417
58451
58537
58543
58549
58567
58579
58661
58687
58699
58727
58741
58789
58897
58901
58909
58913
58937
58943
58967
58979
59011
59023
59051
59063
59069
59149
59167
59183
59207
59219
59233
59273
59377
59393
59407
59417
59447
59473
59509
59513
59539
59567
59581
59621
59629
59663
59669
59699
59771
59779
59833
59887
59981
60017
60029
60127
60167
60223
60251
60257
60259
60337
60343
60353
60383
60497
60509
60527
60539
60589
60607
60611
60617
60623
60647
60659
60661
60737
60779
60869
60887
60899
60913
60937
60953
61051
61057
61091
61099
61153
61211
61223
61261
61291
61331
61339
61343
61379
61381
61417
61463
61469
61487
61543
61553
61583
61673
61687
61703
61909
61927
61949
61967
61979
62011
62017
62057
62099
62131
62141
62189
62207
62219
62273
62297
62299
62303
62327
62383
62417
62423
62459
62473
62497
62501
62539
62549
62617
62633
62687
62701
62731
62753
62819
62861
62873
62897
62903
62927
62939
62971
62983
62989
63029
63059
63103
63149
63179
63299
63313
63353
63377
63389
63419
63421
63463
63473
63487
63499
63527
63577
63607
63611
63617
63629
63647
63659
63697
63703
63727
63737
63743
63781
63793
63857
63863
63949
64007
64019
64033
64109
64153
64171
64217
64223
64301
64303
64381
64433
64451
64553
64567
64577
64579
64661
64663
64709
64781
64783
64793
64811
64817
64891
64901
64937
65029
65033
65063
65099
65101
65141
65171
65269
65309
65327
65353
65381
65393
65407
65419
65423
65447
65537
65539
65543
65579
65629
65633
65647
65651
65657
65687
65699
65713
65731
65777
65789
65851
65899
65927
65981
65983
65993
66029
66047
66103
66109
66137
66179
66221
66343
66377
66383
66457
66463
66491
66509
66541
66553
66593
66617
66629
66697
66701
66713
66739
66749
66821
66851
66863
66943
66949
67033
67057
67061
67073
67103
67139
67181
67189
67211
67217
67247
67273
67339
67343
67349
67421
67429
67433
67447
67499
67531
67537
67567
67577
67589
67607
67619
67709
67777
67807
67819
67829
67891
67901
67939
67943
67967
67979
67993
68059
68087
68099
68113
68141
68171
68207
68219
68447
68473
68491
68501
68539
68543
68567
68581
68633
68659
68669
68687
68699
68743
68767
68771
68777
68819
68863
68891
68897
68899
68903
68909
68927
68993
69011
69019
69029
69073
69109
69143
69149
69193
69221
69233
69247
69257
69263
69313
69341
69371
69379
69383
69389
69463
69473
69491
69497
69539
69593
69623
69661
69691
69697
69737
69739
69767
69779
69821
69829
69833
69847
69859
69899
69931
69941
70019
70061
70139
70141
70181
70183
70207
70223
70229
70297
70379
70381
70393
70423
70429
70451
70457
70459
70487
70549
70571
70583
70589
70607
70619
70621
70663
70709
70753
70783
70793
70823
70891
70901
70913
70937
70949
70979
71069
71143
71153
71167
71171
71257
71261
71263
71287
71327
71339
71341
71353
71411
71419
71429
71473
71527
71537
71549
71593
71633
71647
71663
71699
71713
71741
71777
71789
71807
71887
71909
71941
71971
71983
71993
72047
72073
72101
72103
72109
72167
72221
72223
72229
72251
72269
72287
72353
72367
72379
72383
72421
72461
72469
72497
72503
72617
72623
72647
72673
72701
72739
72767
72817
72869
72931
72949
72953
72977
73019
73061
73091
73127
73189
73259
73309
73327
73331
73379
73417
73421
73433
73553
73571
73583
73589
73607
73673
73709
73727
73783
73819
73823
73847
73859
73939
73943
74017
74021
74051
74099
74131
74143
74149
74167
74177
74189
74219
74257
74297
74353
74377
74381
74411
74419
74509
74527
74531
74567
74623
74699
74713
74771
74821
74857
74869
74873
74891
74897
74903
75011
75017
75029
75149
75167
75193
75217
75223
75269
75337
75353
75367
75377
75407
75503
75527
75539
75541
75553
75571
75583
75617
75659
75703
75731
75743
75767
75793
75821
75833
75869
75913
75931
75937
75941
75979
75983
75989
76091
76099
76103
76207
76259
76261
76303
76343
76367
76379
76421
76423
76463
76487
76541
76607
76651
76673
76697
76771
76777
76781
76819
76829
76873
76913
76943
76949
77047
77069
77153
77171
77261
77263
77291
77339
77377
77383
77417
77419
77447
77491
77513
77527
77543
77549
77611
77617
77621
77647
77687
77699
77713
77731
77783
77983
78007
78059
78101
78137
78139
78167
78179
78193
78229
78233
78259
78301
78341
78367
78497
78509
78539
78553
78577
78593
78607
78623
78691
78713
78737
78779
78781
78857
78887
78901
78977
78979
78989
79063
79087
79103
79139
79153
79181
79193
79229
79259
79273
79301
79309
79349
79367
79379
79393
79411
79423
79433
79531
79537
79549
79579
79589
79669
79691
79697
79699
79811
79817
79823
79829
79847
79873
79901
79903
79939
79943
79967
79979
80051
80141
80149
80153
80167
80177
80251
80273
80309
80341
80407
80429
80447
80491
80513
80527
80537
80567
80611
80621
80657
80669
80687
80701
80737
80777
80779
80783
80789
80819
80833
80863
80897
80909
80953
80989
81017
81019
81023
81047
81097
81181
81233
81299
81343
81349
81353
81371
81457
81463
81509
81527
81553
81611
81619
81629
81647
81703
81737
81749
81847
81869
81899
81901
81937
81943
81971
82007
82073
82139
82153
82171
82189
82193
82217
82223
82261
82301
82339
82349
82421
82457
82463
82469
82487
82549
82567
82571
82619
82633
82657
82781
82793
82811
82847
82903
82913
83023
83047
83101
83137
83177
83207
83219
83221
83269
83273
83299
83339
83341
83383
83407
83417
83423
83459
83497
83537
83579
83617
83621
83663
83777
83833
83873
83891
83903
83939
83983
84011
84017
84047
84059
84131
84137
84143
84179
84221
84223
84263
84299
84313
84349
84377
84389
84407
84421
84457
84509
84589
84629
84659
84673
84691
84701
84713
84731
84737
84793
84857
84859
84869
85087
85109
85193
85223
85247
85259
85313
85381
85429
85451
85469
85487
85513
85549
85571
85577
85607
85619
85621
85661
85703
85781
85793
85817
85819
85829
85847
85903
85909
85931
86011
86017
86069
86131
86137
86183
86257
86291
86297
86341
86353
86381
86389
86423
86491
86501
86509
86539
86579
86629
86743
86753
86767
86771
86783
86851
86857
86927
86939
86993
87011
87103
87149
87179
87221
87223
87251
87257
87299
87313
87337
87383
87407
87433
87473
87509
87539
87623
87629
87701
87739
87743
87811
87833
87869
87887
87931
87977
88019
88177
88223
88259
88261
88301
88337
88339
88379
88411
88423
88469
88499
88513
88589
88607
88651
88657
88789
88793
88811
88817
88819
88861
88903
88937
88993
89017
89021
89057
89069
89087
89113
89137
89153
89189
89261
89269
89273
89303
89371
89381
89393
89417
89459
89501
89513
89527
89567
89611
89633
89657
89659
89669
89753
89767
89779
89783
89819
89821
89833
89891
89897
89899
89939
89983
89989
90007
90011
90023
90059
90073
90127
90149
90263
90313
90353
90371
90379
90473
90499
90527
90617
90647
90659
90697
90703
90709
90731
90749
90793
90821
90823
90833
90863
90887
90971
90977
90989
91019
91033
91097
91099
91127
91139
91141
91153
91183
91193
91229
91297
91309
91423
91433
91457
91459
91463
91499
91513
91571
91577
91583
91673
91691
91753
91771
91811
91823
91873
91943
91967
92033
92051
92143
92153
92177
92179
92189
92219
92221
92251
92269
92297
92377
92381
92383
92419
92459
92503
92567
92581
92593
92647
92657
92669
92699
92753
92767
92779
92789
92861
92927
92993
93047
93059
93097
93113
93131
93139
93179
93229
93251
93257
93263
93287
93377
93383
93407
93419
93463
93487
93497
93503
93581
93607
93629
93739
93851
93887
93901
93949
93983
94007
94057
94099
94109
94207
94229
94261
94273
94309
94331
94343
94349
94379
94433
94447
94463
94513
94531
94583
94651
94709
94727
94771
94777
94781
94793
94811
94819
94823
94847
94873
94903
94949
94993
95021
95063
95087
95101
95143
95153
95177
95189
95219
95233
95257
95261
95273
95287
95327
95339
95393
95419
95429
95527
95549
95581
95621
95629
95633
95651
95701
95713
95731
95737
95783
95789
95819
95857
95869
95873
95989
96017
96059
96137
96149
96167
96179
96211
96233
96259
96263
96269
96331
96353
96377
96419
96451
96457
96461
96469
96497
96527
96553
96581
96589
96697
96703
96737
96749
96821
96851
96857
96953
96989
97073
97103
97127
97171
97177
97301
97327
97367
97379
97381
97459
97463
97499
97501
97549
97553
97577
97579
97583
97607
97673
97771
97829
97847
97859
97931
97943
97967
98011
98017
98057
98179
98207
98251
98257
98297
98299
98327
98377
98389
98407
98411
98429
98459
98473
98543
98621
98663
98669
98713
98731
98737
98779
98807
98869
98873
98897
98909
98927
98939
98953
98981
98993
99017
99023
99103
99109
99131
99137
99139
99181
99233
99251
99257
99259
99371
99377
99487
99497
99527
99577
99581
99607
99611
99623
99661
99709
99713
99767
99793
99817
99829
99833
99859
99901
99971
99989
