100
6 2 0 2 0 2 0
3 1 0 2 0 0 0
6 2 0 1 1 2 0
4 0 0 2 0 0 2
139 5 8 57 5 8 56
1000 501 0 0 0 499 0
998 250 249 0 249 250 0
5 2 0 0 1 2 0
304 2 8 142 0 11 141
523 73 79 110 70 82 109
8 2 1 1 1 2 1
510 190 16 50 188 19 47
7 2 1 0 1 2 1
547 100 0 70 0 377 0
397 138 0 140 0 119 0
999 1 0 499 0 499 0
999 500 0 0 0 499 0
6 0 1 3 0 2 0
700 16 22 312 14 24 312
12 3 1 3 1 3 1
14 3 2 3 1 3 2
33 12 2 5 9 3 2
4 1 0 0 0 3 0
5 0 2 0 0 3 0
8 2 1 2 0 2 1
548 245 21 10 244 21 7
6 2 1 0 1 2 0
4 1 0 2 0 1 0
5 3 0 1 0 1 0
999 332 1 332 1 332 1
822 12 374 27 9 374 26
3 0 0 3 0 0 0
999 1 249 250 0 250 249
996 250 248 0 248 250 0
431 40 67 109 40 68 107
544 217 22 35 215 23 32
726 44 60 259 43 63 257
624 124 146 43 123 147 41
355 20 44 115 19 45 112
3 2 0 0 1 0 0
7 2 0 2 1 2 0
598 84 40 175 82 43 174
372 42 37 108 40 38 107
997 249 0 249 248 3 248
7 2 1 0 1 3 0
13 3 2 3 1 3 1
7 1 1 3 0 2 0
63 3 27 2 1 30 0
706 271 0 186 0 249 0
4 0 2 0 0 2 0
8 2 1 2 1 1 1
1000 250 0 500 0 250 0
8 1 1 2 1 2 1
3 1 0 1 0 1 0
1000 0 0 500 0 0 500
15 3 2 3 2 3 2
4 0 0 2 0 2 0
976 205 258 26 202 260 25
3 1 0 0 2 0 0
6 3 0 0 0 3 0
529 231 1 34 229 2 32
999 167 166 167 166 167 166
544 237 0 139 0 168 0
16 3 3 3 2 3 2
4 0 0 2 0 1 1
5 1 0 2 0 0 2
503 193 21 39 190 23 37
929 365 73 28 363 73 27
779 144 203 44 141 205 42
999 500 0 249 0 250 0
893 20 51 377 19 52 374
4 1 0 1 0 2 0
497 37 182 31 34 182 31
7 3 0 2 0 2 0
4 0 0 2 1 0 1
1000 333 0 333 0 334 0
5 1 0 2 1 0 1
4 2 0 1 0 1 0
436 108 51 60 106 54 57
9 2 1 3 1 2 0
952 282 0 606 0 64 0
141 18 3 50 18 4 48
425 51 17 146 48 19 144
5 2 0 3 0 0 0
540 276 0 50 0 214 0
4 0 1 0 0 3 0
7 2 0 2 2 0 1
7 2 0 2 1 1 1
999 250 0 499 0 250 0
999 500 0 0 499 0 0
6 3 0 1 0 2 0
1000 500 0 0 0 500 0
1000 1 0 500 0 499 0
998 166 166 167 166 167 166
7 0 1 2 1 2 1
5 1 1 1 0 2 0
999 499 0 0 500 0 0
1000 250 249 2 249 250 0
999 333 0 333 0 333 0
7 2 1 2 1 0 1
