99
6 2 0 2 0 2 0
3 1 0 2 0 0 0
5 3 0 1 0 1 0
191 36 0 84 0 71 0
289 110 0 99 0 80 0
206 97 0 20 0 89 0
6 3 0 0 0 3 0
448 182 0 112 0 154 0
5 2 0 3 0 0 0
921 118 0 374 0 429 0
117 38 0 48 0 31 0
171 64 0 50 0 57 0
464 186 0 102 0 176 0
413 194 0 157 0 62 0
786 334 0 145 0 307 0
4 0 0 2 0 2 0
390 22 0 258 0 110 0
305 72 0 93 0 140 0
3 1 0 1 0 1 0
1000 500 0 0 0 500 0
475 233 0 131 0 111 0
8 2 0 3 0 3 0
872 295 0 281 0 296 0
999 1 0 499 0 499 0
488 126 0 231 0 131 0
174 73 0 54 0 47 0
4 2 0 1 0 1 0
340 160 0 71 0 109 0
175 82 0 57 0 36 0
159 9 0 78 0 72 0
564 166 0 161 0 237 0
152 19 0 72 0 61 0
516 135 0 247 0 134 0
1000 250 0 500 0 250 0
762 338 0 322 0 102 0
454 77 0 204 0 173 0
80 39 0 16 0 25 0
257 117 0 110 0 30 0
111 13 0 26 0 72 0
803 398 0 77 0 328 0
268 114 0 82 0 72 0
385 313 0 12 0 60 0
3 2 0 0 0 1 0
3 0 0 3 0 0 0
4 2 0 0 0 2 0
632 159 0 164 0 309 0
66 11 0 17 0 38 0
1000 1 0 500 0 499 0
961 225 0 257 0 479 0
521 225 0 232 0 64 0
632 84 0 251 0 297 0
900 28 0 227 0 645 0
6 3 0 1 0 2 0
445 167 0 197 0 81 0
853 404 0 424 0 25 0
833 403 0 117 0 313 0
921 136 0 451 0 334 0
790 300 0 180 0 310 0
4 1 0 0 0 3 0
544 237 0 139 0 168 0
430 81 0 134 0 215 0
999 500 0 249 0 250 0
1000 501 0 0 0 499 0
365 149 0 44 0 172 0
774 244 0 340 0 190 0
894 398 0 198 0 298 0
905 341 0 279 0 285 0
789 329 0 306 0 154 0
356 133 0 100 0 123 0
953 495 0 96 0 362 0
103 46 0 7 0 50 0
557 70 0 212 0 275 0
999 333 0 333 0 333 0
636 370 0 265 0 1 0
368 133 0 128 0 107 0
805 148 0 371 0 286 0
706 271 0 186 0 249 0
513 251 0 195 0 67 0
326 131 0 153 0 42 0
1000 333 0 333 0 334 0
436 190 0 204 0 42 0
4 1 0 2 0 1 0
106 53 0 29 0 24 0
284 134 0 116 0 34 0
718 207 0 219 0 292 0
410 162 0 87 0 161 0
999 500 0 0 0 499 0
654 11 0 303 0 340 0
7 3 0 2 0 2 0
110 17 0 43 0 50 0
23 4 0 12 0 7 0
5 2 0 2 0 1 0
128 9 0 60 0 59 0
410 142 0 96 0 172 0
999 250 0 499 0 250 0
743 297 0 175 0 271 0
979 387 0 187 0 405 0
4 1 0 1 0 2 0
210 117 0 85 0 8 0
