142 1 3
4
-1 0
-1 20.1
30.1 20.1
30.1 0
4
0.0 0.181975
0.0 1.000000
0.1 1.000000
0.1 0.181975
4
0.0 1.289833
0.0 2.000000
0.1 2.000000
0.1 1.289833
4
0.0 2.073823
0.0 3.000000
0.1 3.000000
0.1 2.073823
4
0.0 3.296511
0.0 4.000000
3.1 4.000000
3.1 3.296511
4
0.0 4.007886
0.0 5.000000
0.1 5.000000
0.1 4.007886
4
0.0 5.180327
0.0 6.000000
0.1 6.000000
0.1 5.180327
4
0.0 6.000380
0.0 7.000000
0.1 7.000000
0.1 6.000380
4
0.0 7.244745
0.0 8.000000
0.1 8.000000
0.1 7.244745
4
0.0 8.010668
0.0 9.000000
0.1 9.000000
0.1 8.010668
4
0.0 9.036682
0.0 10.000000
0.1 10.000000
0.1 9.036682
4
0.0 10.056770
0.0 11.000000
0.1 11.000000
0.1 10.056770
4
0.0 11.071558
0.0 12.000000
3.1 12.000000
3.1 11.071558
4
0.0 12.106005
0.0 13.000000
9.1 13.000000
9.1 12.106005
4
0.0 13.203723
0.0 14.000000
3.1 14.000000
3.1 13.203723
4
0.0 14.217317
0.0 15.000000
0.1 15.000000
0.1 14.217317
4
0.0 15.129357
0.0 16.000000
3.1 16.000000
3.1 15.129357
4
0.0 16.178146
0.0 17.000000
0.1 17.000000
0.1 16.178146
4
0.0 17.029900
0.0 18.000000
3.1 18.000000
3.1 17.029900
4
0.0 18.224098
0.0 19.000000
0.1 19.000000
0.1 18.224098
4
0.0 19.029607
0.0 20.000000
0.1 20.000000
0.1 19.029607
4
3.0 0.009694
3.0 1.000000
3.1 1.000000
3.1 0.009694
4
3.0 1.193263
3.0 2.000000
6.1 2.000000
6.1 1.193263
4
3.0 2.016022
3.0 3.000000
3.1 3.000000
3.1 2.016022
4
3.0 4.106709
3.0 5.000000
3.1 5.000000
3.1 4.106709
4
3.0 5.139586
3.0 6.000000
3.1 6.000000
3.1 5.139586
4
3.0 6.266046
3.0 7.000000
6.1 7.000000
6.1 6.266046
4
3.0 7.107419
3.0 8.000000
3.1 8.000000
3.1 7.107419
4
3.0 8.293952
3.0 9.000000
3.1 9.000000
3.1 8.293952
4
3.0 9.183892
3.0 10.000000
6.1 10.000000
6.1 9.183892
4
3.0 10.161201
3.0 11.000000
6.1 11.000000
6.1 10.161201
4
3.0 14.064453
3.0 15.000000
6.1 15.000000
6.1 14.064453
4
3.0 16.265828
3.0 17.000000
3.1 17.000000
3.1 16.265828
4
3.0 18.102698
3.0 19.000000
6.1 19.000000
6.1 18.102698
4
3.0 19.063002
3.0 20.000000
3.1 20.000000
3.1 19.063002
4
6.0 0.118168
6.0 1.000000
6.1 1.000000
6.1 0.118168
4
6.0 2.295312
6.0 3.000000
6.1 3.000000
6.1 2.295312
4
6.0 3.052661
6.0 4.000000
6.1 4.000000
6.1 3.052661
4
6.0 4.175314
6.0 5.000000
9.1 5.000000
9.1 4.175314
4
6.0 5.257226
6.0 6.000000
12.1 6.000000
12.1 5.257226
4
6.0 7.054565
6.0 8.000000
6.1 8.000000
6.1 7.054565
4
6.0 8.097808
6.0 9.000000
6.1 9.000000
6.1 8.097808
4
6.0 11.054990
6.0 12.000000
6.1 12.000000
6.1 11.054990
4
6.0 13.276059
6.0 14.000000
6.1 14.000000
6.1 13.276059
4
6.0 15.115782
6.0 16.000000
6.1 16.000000
6.1 15.115782
4
6.0 16.240645
6.0 17.000000
6.1 17.000000
6.1 16.240645
4
6.0 17.051257
6.0 18.000000
6.1 18.000000
6.1 17.051257
4
6.0 19.199335
6.0 20.000000
6.1 20.000000
6.1 19.199335
4
9.0 0.089211
9.0 1.000000
9.1 1.000000
9.1 0.089211
4
9.0 1.215243
9.0 2.000000
9.1 2.000000
9.1 1.215243
4
9.0 2.121108
9.0 3.000000
9.1 3.000000
9.1 2.121108
4
9.0 3.155913
9.0 4.000000
9.1 4.000000
9.1 3.155913
4
9.0 6.049376
9.0 7.000000
9.1 7.000000
9.1 6.049376
4
9.0 7.094334
9.0 8.000000
12.1 8.000000
12.1 7.094334
4
9.0 8.111119
9.0 9.000000
12.1 9.000000
12.1 8.111119
4
9.0 9.110231
9.0 10.000000
9.1 10.000000
9.1 9.110231
4
9.0 10.246873
9.0 11.000000
18.1 11.000000
18.1 10.246873
4
9.0 11.246187
9.0 12.000000
9.1 12.000000
9.1 11.246187
4
9.0 13.175723
9.0 14.000000
9.1 14.000000
9.1 13.175723
4
9.0 14.231739
9.0 15.000000
12.1 15.000000
12.1 14.231739
4
9.0 15.186440
9.0 16.000000
9.1 16.000000
9.1 15.186440
4
9.0 16.003285
9.0 17.000000
9.1 17.000000
9.1 16.003285
4
9.0 17.035775
9.0 18.000000
9.1 18.000000
9.1 17.035775
4
9.0 18.075685
9.0 19.000000
12.1 19.000000
12.1 18.075685
4
9.0 19.288299
9.0 20.000000
9.1 20.000000
9.1 19.288299
4
12.0 0.292319
12.0 1.000000
15.1 1.000000
15.1 0.292319
4
12.0 1.223854
12.0 2.000000
12.1 2.000000
12.1 1.223854
4
12.0 2.197980
12.0 3.000000
12.1 3.000000
12.1 2.197980
4
12.0 3.292223
12.0 4.000000
12.1 4.000000
12.1 3.292223
4
12.0 4.196471
12.0 5.000000
12.1 5.000000
12.1 4.196471
4
12.0 6.081278
12.0 7.000000
15.1 7.000000
15.1 6.081278
4
12.0 9.009751
12.0 10.000000
12.1 10.000000
12.1 9.009751
4
12.0 11.055654
12.0 12.000000
12.1 12.000000
12.1 11.055654
4
12.0 12.150427
12.0 13.000000
12.1 13.000000
12.1 12.150427
4
12.0 13.292749
12.0 14.000000
15.1 14.000000
15.1 13.292749
4
12.0 15.270433
12.0 16.000000
12.1 16.000000
12.1 15.270433
4
12.0 16.013057
12.0 17.000000
21.1 17.000000
21.1 16.013057
4
12.0 17.254465
12.0 18.000000
15.1 18.000000
15.1 17.254465
4
12.0 19.252171
12.0 20.000000
12.1 20.000000
12.1 19.252171
4
15.0 1.084071
15.0 2.000000
15.1 2.000000
15.1 1.084071
4
15.0 2.239499
15.0 3.000000
15.1 3.000000
15.1 2.239499
4
15.0 3.082626
15.0 4.000000
21.1 4.000000
21.1 3.082626
4
15.0 4.127040
15.0 5.000000
15.1 5.000000
15.1 4.127040
4
15.0 5.108544
15.0 6.000000
21.1 6.000000
21.1 5.108544
4
15.0 7.295860
15.0 8.000000
21.1 8.000000
21.1 7.295860
4
15.0 8.168459
15.0 9.000000
15.1 9.000000
15.1 8.168459
4
15.0 9.148636
15.0 10.000000
18.1 10.000000
18.1 9.148636
4
15.0 11.253789
15.0 12.000000
15.1 12.000000
15.1 11.253789
4
15.0 12.109796
15.0 13.000000
15.1 13.000000
15.1 12.109796
4
15.0 14.096076
15.0 15.000000
15.1 15.000000
15.1 14.096076
4
15.0 15.000195
15.0 16.000000
18.1 16.000000
18.1 15.000195
4
15.0 18.092432
15.0 19.000000
15.1 19.000000
15.1 18.092432
4
15.0 19.071782
15.0 20.000000
15.1 20.000000
15.1 19.071782
4
18.0 0.136072
18.0 1.000000
24.1 1.000000
24.1 0.136072
4
18.0 1.229770
18.0 2.000000
18.1 2.000000
18.1 1.229770
4
18.0 2.118084
18.0 3.000000
18.1 3.000000
18.1 2.118084
4
18.0 4.012350
18.0 5.000000
18.1 5.000000
18.1 4.012350
4
18.0 6.123150
18.0 7.000000
18.1 7.000000
18.1 6.123150
4
18.0 8.058836
18.0 9.000000
18.1 9.000000
18.1 8.058836
4
18.0 11.182694
18.0 12.000000
18.1 12.000000
18.1 11.182694
4
18.0 12.190961
18.0 13.000000
18.1 13.000000
18.1 12.190961
4
18.0 13.223168
18.0 14.000000
24.1 14.000000
24.1 13.223168
4
18.0 14.162602
18.0 15.000000
18.1 15.000000
18.1 14.162602
4
18.0 17.101538
18.0 18.000000
18.1 18.000000
18.1 17.101538
4
18.0 18.293460
18.0 19.000000
21.1 19.000000
21.1 18.293460
4
18.0 19.247121
18.0 20.000000
18.1 20.000000
18.1 19.247121
4
21.0 1.136191
21.0 2.000000
24.1 2.000000
24.1 1.136191
4
21.0 2.048618
21.0 3.000000
21.1 3.000000
21.1 2.048618
4
21.0 4.180212
21.0 5.000000
21.1 5.000000
21.1 4.180212
4
21.0 6.279887
21.0 7.000000
21.1 7.000000
21.1 6.279887
4
21.0 8.236168
21.0 9.000000
24.1 9.000000
24.1 8.236168
4
21.0 9.081918
21.0 10.000000
24.1 10.000000
24.1 9.081918
4
21.0 10.012196
21.0 11.000000
21.1 11.000000
21.1 10.012196
4
21.0 11.216046
21.0 12.000000
24.1 12.000000
24.1 11.216046
4
21.0 12.020820
21.0 13.000000
24.1 13.000000
24.1 12.020820
4
21.0 14.031928
21.0 15.000000
21.1 15.000000
21.1 14.031928
4
21.0 15.286351
21.0 16.000000
27.1 16.000000
27.1 15.286351
4
21.0 17.142800
21.0 18.000000
24.1 18.000000
24.1 17.142800
4
21.0 19.105259
21.0 20.000000
21.1 20.000000
21.1 19.105259
4
24.0 2.128107
24.0 3.000000
24.1 3.000000
24.1 2.128107
4
24.0 3.157703
24.0 4.000000
27.1 4.000000
27.1 3.157703
4
24.0 4.204165
24.0 5.000000
27.1 5.000000
27.1 4.204165
4
24.0 5.145394
24.0 6.000000
24.1 6.000000
24.1 5.145394
4
24.0 6.218844
24.0 7.000000
27.1 7.000000
27.1 6.218844
4
24.0 7.159880
24.0 8.000000
27.1 8.000000
27.1 7.159880
4
24.0 10.297702
24.0 11.000000
24.1 11.000000
24.1 10.297702
4
24.0 14.270449
24.0 15.000000
24.1 15.000000
24.1 14.270449
4
24.0 16.285686
24.0 17.000000
27.1 17.000000
27.1 16.285686
4
24.0 18.026798
24.0 19.000000
24.1 19.000000
24.1 18.026798
4
24.0 19.067762
24.0 20.000000
27.1 20.000000
27.1 19.067762
4
27.0 0.213322
27.0 1.000000
27.1 1.000000
27.1 0.213322
4
27.0 1.131683
27.0 2.000000
27.1 2.000000
27.1 1.131683
4
27.0 2.016833
27.0 3.000000
27.1 3.000000
27.1 2.016833
4
27.0 5.025901
27.0 6.000000
27.1 6.000000
27.1 5.025901
4
27.0 8.151044
27.0 9.000000
27.1 9.000000
27.1 8.151044
4
27.0 9.134492
27.0 10.000000
27.1 10.000000
27.1 9.134492
4
27.0 10.127209
27.0 11.000000
27.1 11.000000
27.1 10.127209
4
27.0 11.079463
27.0 12.000000
27.1 12.000000
27.1 11.079463
4
27.0 12.222378
27.0 13.000000
27.1 13.000000
27.1 12.222378
4
27.0 13.217977
27.0 14.000000
27.1 14.000000
27.1 13.217977
4
27.0 14.264124
27.0 15.000000
27.1 15.000000
27.1 14.264124
4
27.0 17.261306
27.0 18.000000
27.1 18.000000
27.1 17.261306
4
27.0 18.248114
27.0 19.000000
27.1 19.000000
27.1 18.248114
