36 1 3
4
-1 0
-1 6
7 6
7 0
4
0.43 0.11
0.43 0.96
0.79 0.96
0.79 0.11
4
0.43 1.03
0.43 1.70
0.75 1.70
0.75 1.03
4
0.33 2.10
0.33 2.60
0.87 2.60
0.87 2.10
4
0.28 3.36
0.28 3.80
0.61 3.80
0.61 3.36
4
0.40 4.35
0.40 4.91
0.65 4.91
0.65 4.35
4
0.33 5.18
0.33 5.96
0.92 5.96
0.92 5.18
4
1.40 0.19
1.40 0.88
1.55 0.88
1.55 0.19
4
1.11 1.38
1.11 1.81
1.58 1.81
1.58 1.38
4
1.20 2.13
1.20 2.79
1.55 2.79
1.55 2.13
4
1.21 3.34
1.21 3.68
1.76 3.68
1.76 3.34
4
1.10 4.14
1.10 4.81
1.58 4.81
1.58 4.14
4
1.23 5.27
1.23 5.81
1.93 5.81
1.93 5.27
4
2.35 0.12
2.35 0.58
2.86 0.58
2.86 0.12
4
2.32 1.13
2.32 1.78
2.95 1.78
2.95 1.13
4
2.19 2.16
2.19 2.95
2.75 2.95
2.75 2.16
4
2.39 3.44
2.39 3.84
2.95 3.84
2.95 3.44
4
2.24 4.15
2.24 4.77
2.56 4.77
2.56 4.15
4
2.07 5.04
2.07 5.68
2.85 5.68
2.85 5.04
4
3.05 0.39
3.05 0.93
3.73 0.93
3.73 0.39
4
3.04 1.26
3.04 1.73
3.79 1.73
3.79 1.26
4
3.13 2.41
3.13 2.81
3.75 2.81
3.75 2.41
4
3.15 3.16
3.15 3.64
3.68 3.64
3.68 3.16
4
3.19 4.32
3.19 4.76
3.81 4.76
3.81 4.32
4
3.30 5.33
3.30 5.66
3.60 5.66
3.60 5.33
4
4.14 0.08
4.14 0.98
4.78 0.98
4.78 0.08
4
4.31 1.06
4.31 1.99
4.88 1.99
4.88 1.06
4
4.38 2.16
4.38 2.95
4.93 2.95
4.93 2.16
4
4.34 3.41
4.34 3.96
4.78 3.96
4.78 3.41
4
4.42 4.15
4.42 4.65
4.60 4.65
4.60 4.15
4
4.33 5.39
4.33 5.88
4.99 5.88
4.99 5.39
4
5.31 0.43
5.31 0.82
5.82 0.82
5.82 0.43
4
5.36 1.30
5.36 1.79
5.88 1.79
5.88 1.30
4
5.16 2.13
5.16 2.88
5.72 2.88
5.72 2.13
4
5.10 3.34
5.10 3.62
5.66 3.62
5.66 3.34
4
5.21 4.30
5.21 4.99
5.67 4.99
5.67 4.30
4
5.15 5.02
5.15 5.86
5.55 5.86
5.55 5.02
