100 1 3
4
-1 0
-1 10
11 10
11 0
4
0.0552 0.0187
0.0552 0.5624
0.5679 0.5624
0.5679 0.0187
4
0.3529 1.3708
0.3529 1.5672
0.8537 1.5672
0.8537 1.3708
4
0.3980 2.2907
0.3980 2.9556
0.9407 2.9556
0.9407 2.2907
4
0.3977 3.4035
0.3977 3.8455
0.6600 3.8455
0.6600 3.4035
4
0.3373 4.2341
0.3373 4.8328
0.9465 4.8328
0.9465 4.2341
4
0.3850 5.0792
0.3850 5.8944
0.5692 5.8944
0.5692 5.0792
4
0.4443 6.0400
0.4443 6.9601
0.6713 6.9601
0.6713 6.0400
4
0.2176 7.1242
0.2176 7.6810
0.5623 7.6810
0.5623 7.1242
4
0.2385 8.2067
0.2385 8.6381
0.6195 8.6381
0.6195 8.2067
4
0.3842 9.2791
0.3842 9.9451
0.6145 9.9451
0.6145 9.2791
4
1.1089 0.2603
1.1089 0.8601
1.9278 0.8601
1.9278 0.2603
4
1.0331 1.4107
1.0331 1.6814
1.6053 1.6814
1.6053 1.4107
4
1.2353 2.1667
1.2353 2.9401
1.6449 2.9401
1.6449 2.1667
4
1.1801 3.0968
1.1801 3.8021
1.8305 3.8021
1.8305 3.0968
4
1.4036 4.0157
1.4036 4.7199
1.9437 4.7199
1.9437 4.0157
4
1.2302 5.1371
1.2302 5.9711
1.7906 5.9711
1.7906 5.1371
4
1.0154 6.0243
1.0154 6.9249
1.8921 6.9249
1.8921 6.0243
4
1.0199 7.0780
1.0199 7.6237
1.8962 7.6237
1.8962 7.0780
4
1.2580 8.0804
1.2580 8.9627
1.7265 8.9627
1.7265 8.0804
4
1.1162 9.2494
1.1162 9.8301
1.7979 9.8301
1.7979 9.2494
4
2.3336 0.1362
2.3336 0.7636
2.6627 0.7636
2.6627 0.1362
4
2.0277 1.4248
2.0277 1.8175
2.9876 1.8175
2.9876 1.4248
4
2.3082 2.0511
2.3082 2.8161
2.5640 2.8161
2.5640 2.0511
4
2.2751 3.3599
2.2751 3.5629
2.7061 3.5629
2.7061 3.3599
4
2.3941 4.2367
2.3941 4.8371
2.8635 4.8371
2.8635 4.2367
4
2.1734 5.3239
2.1734 5.9708
2.6434 5.9708
2.6434 5.3239
4
2.0352 6.1901
2.0352 6.7270
2.5999 6.7270
2.5999 6.1901
4
2.3931 7.1450
2.3931 7.6161
2.7321 7.6161
2.7321 7.1450
4
2.2099 8.2469
2.2099 8.6114
2.9607 8.6114
2.9607 8.2469
4
2.0460 9.2095
2.0460 9.6613
2.8726 9.6613
2.8726 9.2095
4
3.3265 0.4402
3.3265 0.9493
3.5804 0.9493
3.5804 0.4402
4
3.2810 1.4119
3.2810 1.6986
3.8895 1.6986
3.8895 1.4119
4
3.0331 2.0272
3.0331 2.7214
3.9730 2.7214
3.9730 2.0272
4
3.2680 3.2687
3.2680 3.7995
3.8831 3.7995
3.8831 3.2687
4
3.2517 4.2031
3.2517 4.9478
3.9338 4.9478
3.9338 4.2031
4
3.3408 5.1259
3.3408 5.9758
3.7625 5.9758
3.7625 5.1259
4
3.1548 6.4402
3.1548 6.8333
3.8135 6.8333
3.8135 6.4402
4
3.3769 7.1680
3.3769 7.8323
3.7796 7.8323
3.7796 7.1680
4
3.1327 8.0123
3.1327 8.6257
3.7035 8.6257
3.7035 8.0123
4
3.2033 9.2570
3.2033 9.6159
3.6443 9.6159
3.6443 9.2570
4
4.2841 0.0522
4.2841 0.9316
4.9597 0.9316
4.9597 0.0522
4
4.0203 1.3245
4.0203 1.9564
4.6930 1.9564
4.6930 1.3245
4
4.0465 2.3045
4.0465 2.6203
4.9090 2.6203
4.9090 2.3045
4
4.3149 3.2184
4.3149 3.5840
4.9305 3.5840
4.9305 3.2184
4
4.3898 4.2468
4.3898 4.7705
4.5686 4.7705
4.5686 4.2468
4
4.3084 5.2029
4.3084 5.8710
4.9306 5.8710
4.9306 5.2029
4
4.3133 6.3323
4.3133 6.9298
4.9756 6.9298
4.9756 6.3323
4
4.1147 7.2995
4.1147 7.9834
4.7679 7.9834
4.7679 7.2995
4
4.1466 8.3154
4.1466 8.6061
4.7854 8.6061
4.7854 8.3154
4
4.1558 9.1524
4.1558 9.9455
4.8660 9.9455
4.8660 9.1524
4
5.3930 0.3330
5.3930 0.8883
5.8699 0.8883
5.8699 0.3330
4
5.3496 1.2682
5.3496 1.6239
5.8874 1.6239
5.8874 1.2682
4
5.3263 2.2815
5.3263 2.6457
5.5510 2.6457
5.5510 2.2815
4
5.4330 3.1457
5.4330 3.5792
5.6307 3.5792
5.6307 3.1457
4
5.4008 4.4076
5.4008 4.9116
5.5605 4.9116
5.5605 4.4076
4
5.4164 5.3657
5.4164 5.9210
5.8327 5.9210
5.8327 5.3657
4
5.4376 6.1563
5.4376 6.7189
5.5933 6.7189
5.5933 6.1563
4
5.3474 7.2683
5.3474 7.6889
5.9644 7.6889
5.9644 7.2683
4
5.4027 8.1168
5.4027 8.7165
5.6118 8.7165
5.6118 8.1168
4
5.4345 9.1395
5.4345 9.6699
5.7666 9.6699
5.7666 9.1395
4
6.0325 0.2030
6.0325 0.7384
6.9882 0.7384
6.9882 0.2030
4
6.0951 1.2326
6.0951 1.7828
6.8969 1.7828
6.8969 1.2326
4
6.1491 2.1760
6.1491 2.7524
6.8800 2.7524
6.8800 2.1760
4
6.4444 3.2925
6.4444 3.8843
6.8581 3.8843
6.8581 3.2925
4
6.2235 4.1175
6.2235 4.5895
6.8882 4.5895
6.8882 4.1175
4
6.4042 5.2246
6.4042 5.7353
6.9484 5.7353
6.9484 5.2246
4
6.1055 6.3850
6.1055 6.5591
6.6206 6.5591
6.6206 6.3850
4
6.4099 7.2176
6.4099 7.7614
6.9568 7.7614
6.9568 7.2176
4
6.1648 8.2779
6.1648 8.8312
6.9043 8.8312
6.9043 8.2779
4
6.2765 9.1935
6.2765 9.8696
6.6170 9.8696
6.6170 9.1935
4
7.2765 0.3966
7.2765 0.6923
7.7754 0.6923
7.7754 0.3966
4
7.4003 1.4315
7.4003 1.8248
7.9755 1.8248
7.9755 1.4315
4
7.3234 2.3432
7.3234 2.7539
7.9150 2.7539
7.9150 2.3432
4
7.3594 3.0904
7.3594 3.9770
7.7047 3.9770
7.7047 3.0904
4
7.1549 4.3311
7.1549 4.8287
7.5583 4.8287
7.5583 4.3311
4
7.3653 5.2712
7.3653 5.7650
7.9664 5.7650
7.9664 5.2712
4
7.4160 6.0341
7.4160 6.7341
7.5874 6.7341
7.5874 6.0341
4
7.3363 7.0908
7.3363 7.6939
7.5978 7.6939
7.5978 7.0908
4
7.0349 8.4020
7.0349 8.9512
7.8874 8.9512
7.8874 8.4020
4
7.0633 9.3243
7.0633 9.6881
7.9157 9.6881
7.9157 9.3243
4
8.0436 0.4035
8.0436 0.5884
8.7942 0.5884
8.7942 0.4035
4
8.2147 1.0535
8.2147 1.6930
8.9144 1.6930
8.9144 1.0535
4
8.2487 2.1171
8.2487 2.9697
8.6769 2.9697
8.6769 2.1171
4
8.2005 3.1701
8.2005 3.7310
8.8190 3.7310
8.8190 3.1701
4
8.1163 4.1757
8.1163 4.5871
8.7134 4.5871
8.7134 4.1757
4
8.3941 5.1567
8.3941 5.6860
8.9404 5.6860
8.9404 5.1567
4
8.0616 6.4037
8.0616 6.9612
8.6639 6.9612
8.6639 6.4037
4
8.3204 7.2897
8.3204 7.7689
8.9214 7.7689
8.9214 7.2897
4
8.0208 8.4228
8.0208 8.8379
8.9835 8.8379
8.9835 8.4228
4
8.0686 9.3134
8.0686 9.8230
8.9742 9.8230
8.9742 9.3134
4
9.3699 0.3987
9.3699 0.7812
9.6636 0.7812
9.6636 0.3987
4
9.3474 1.4189
9.3474 1.6304
9.7246 1.6304
9.7246 1.4189
4
9.0968 2.2450
9.0968 2.9879
9.6027 2.9879
9.6027 2.2450
4
9.1863 3.1782
9.1863 3.7340
9.7414 3.7340
9.7414 3.1782
4
9.0926 4.2953
9.0926 4.7498
9.7329 4.7498
9.7329 4.2953
4
9.4168 5.4476
9.4168 5.7270
9.7323 5.7270
9.7323 5.4476
4
9.3136 6.3601
9.3136 6.7622
9.5893 6.7622
9.5893 6.3601
4
9.4246 7.1486
9.4246 7.8505
9.6363 7.8505
9.6363 7.1486
4
9.2559 8.3354
9.2559 8.5522
9.7204 8.5522
9.7204 8.3354
4
9.3735 9.2316
9.3735 9.8527
9.7041 9.8527
9.7041 9.2316
