44 9 3
13
976465 987249
994114 975955
1050000 875000
1050000 125000
975833 15451
875000 -5000
125000 -5000
23037 27624
-50000 125000
-50000 875000
91743 995696
125000 1005000
875000 1005000
12
624277 879200
610708 752546
682315 820522
634468 737420
651827 717773
611667 689157
596798 748032
544231 732131
511729 756210
516782 852653
591713 897948
602441 888672
8
659120 54355
613932 15250
680639 176
710047 36980
748035 35162
754486 93447
705529 80970
679556 133094
13
305789 706341
344023 672029
407194 688888
396789 613641
414700 617859
417288 590541
420666 566995
384887 585727
379213 567392
365026 615064
317319 582473
299907 616566
317922 636525
10
995529 518443
962791 507923
928547 540278
935839 571212
929145 579321
926034 644371
994429 616601
995369 557720
983916 561692
980970 521838
13
797705 489649
754152 514407
758380 555438
698112 584532
766915 568217
728027 620464
746978 649105
805600 635314
828638 654596
867475 575388
897504 539065
868996 472205
830088 510715
10
135105 161817
104518 169953
111177 245699
68924 319543
22994 321332
4776 207975
28623 144558
53424 86431
90703 56717
128209 129614
7
218042 272283
183430 231959
195066 205432
146588 205578
141083 272275
135103 280856
137300 286720
12
37550 608243
73701 573146
35954 556651
76855 479958
102494 473601
138190 445307
80233 455463
35602 413193
6313 545419
16676 620713
11000 637745
57305 616365
8
713300 685042
711817 687487
726336 703185
762423 733357
727141 742398
679967 720248
681852 665913
698478 669835
11
539497 110857
586597 93938
606452 104151
632627 158274
602534 220655
600936 175821
576354 205770
582497 179439
571980 185246
558257 134817
569351 119527
9
917068 933204
915786 868970
907745 864826
910888 856248
896390 871384
864357 867525
861558 970886
899154 983757
925293 974924
14
401421 167956
406516 179205
428364 229846
474761 243844
545822 253286
558684 217681
542832 189905
516300 162251
488752 216717
455301 198684
480880 168114
484558 137891
443596 113060
406369 152802
18
312843 843384
375218 806035
313993 805994
349177 722960
372677 795658
400094 747960
411252 699324
438692 698979
447280 686061
512173 690687
525041 733811
459743 708100
457575 758961
453119 787101
445010 797300
410588 861995
410188 883183
336487 861438
8
964593 797311
924429 723301
877777 806227
939138 822934
928922 861449
946789 942882
996883 851441
982944 783337
8
543250 58747
487665 42238
511767 23305
475026 13252
545991 14711
598363 14669
613401 76830
597288 85142
9
671697 376670
629043 408012
637475 364760
616884 321477
689029 303902
742535 314578
817532 417757
712820 376481
663679 434973
13
441870 452242
459910 431212
508277 395987
524898 427004
547905 418559
596086 415393
638259 459504
578993 426264
537671 485546
518102 512190
466112 547298
455897 498546
493581 499779
10
498642 327641
548818 354468
564305 360255
595450 363660
595173 358412
546272 313923
530847 290421
516512 294288
496542 301155
468389 312517
12
931624 99677
935872 71980
873610 43827
871099 72345
857578 46752
801159 40043
818437 78482
845287 146892
867493 203031
929963 181854
922186 132318
897634 97582
16
900329 296464
883736 295084
873719 401421
831003 318131
856181 277221
850249 272866
854973 268959
864313 235061
932268 229083
956973 237821
962489 322753
973513 351299
958966 374253
947419 321107
924749 274158
907611 301477
11
209673 533846
203496 555234
157466 543402
190947 493877
182380 454503
192702 486584
197268 477957
237490 507530
252684 469624
300083 461970
245670 517230
13
624463 594048
642633 584143
694724 499201
717995 453303
653341 464590
590271 495501
536534 536267
496842 601644
502407 613509
492104 628119
491962 648561
518241 676150
542808 656460
11
662248 280696
697809 156151
717218 156897
743818 108338
732678 169352
769805 173533
833169 171768
825218 202346
780499 287227
729430 269591
698899 295354
8
792244 834627
770214 859302
697640 884504
748218 891410
792180 955026
787561 890105
809267 853284
837246 825388
6
243202 115305
218353 108218
180849 131664
150486 144081
160076 160824
211161 165177
12
214453 191408
298448 198329
328933 200120
343601 259745
354585 300849
340749 352372
288442 326202
270865 310003
281418 295275
267746 252528
308475 245597
293671 212775
12
239997 713470
243322 687820
264792 696169
276775 646138
243715 669692
247014 627669
268028 561842
221954 628056
226536 679645
185060 655448
225574 695443
228995 709042
11
243775 784928
280506 745902
265650 709960
249772 735215
224869 772604
203060 734399
139718 721930
151633 825508
160528 837059
234626 793046
271164 817083
11
480828 982850
464033 987321
245691 992777
302800 966663
302665 928972
356916 910474
413728 901216
520621 902763
559112 905697
518647 943816
450673 975665
10
251609 852992
200080 912893
103381 964697
181277 994039
192835 996879
206694 994079
227244 972598
217145 958797
257595 959591
297048 929515
9
434699 339738
395081 363470
380003 378989
331561 387719
357360 430525
428096 464507
422830 405867
451106 410283
416779 387790
8
88252 587925
96760 605923
108316 654394
127960 654307
183869 604889
173312 570952
163187 583185
110797 573566
8
47333 342031
81007 357543
104309 339049
146026 392660
145265 429650
99966 397206
91929 388604
48276 368408
12
182288 71195
307915 52839
320685 32680
372026 33106
399843 32745
395818 121105
364289 96380
361588 120011
356428 145580
326692 140353
285691 122669
246942 93659
7
103685 839814
101937 729894
69909 693083
67997 672944
60930 683146
46782 744487
45557 808735
9
257798 339004
279150 404668
327917 385860
297588 426451
285130 442531
250937 463855
219478 461808
246862 418993
233605 375485
3
858907 717421
858931 811436
776209 719991
4
884638 426855
915946 493417
871444 445614
848637 401025
3
382464 521367
356907 522121
341540 499925
3
935945 707094
966973 687516
999778 709563
4
295192 866873
300737 885130
335117 896628
334040 870043
8
779061 988782
787630 993968
546726 985341
584003 958921
603236 952073
623514 957809
690803 890380
718427 937838
4
978169 67856
966696 100941
968234 109961
997615 56866
3
215000 166844
268149 139502
272543 145978
