98 12 5
15
125000 1005000
875000 1005000
913273 996715
977482 971067
1050000 875000
1050000 125000
985756 24484
945482 13669
875000 -5000
125000 -5000
9972 4289
-50000 125000
-50000 875000
8021 988200
16183 999204
9
431291 566447
449215 603497
481889 582850
546590 565512
501615 532404
492589 544560
439388 509036
435752 561897
411615 535730
10
428768 601605
431719 601482
422566 638566
358748 617720
351307 629866
322490 628502
317764 558990
340476 535944
365496 556956
372989 585126
14
797942 191079
728644 110017
705676 134071
683174 131340
691778 157805
657779 179608
658545 194489
668262 196428
673988 206671
668335 214783
710761 222317
722647 236369
793383 220666
715402 174138
11
416569 488188
428672 473830
445368 431178
453165 428715
457879 402888
451933 355843
424300 396308
423158 403114
388979 389588
415217 416897
415559 453903
12
215209 660096
189741 678945
167287 634300
174235 622335
204905 592489
204543 571194
217580 591395
237946 592761
214534 636342
265046 631597
277406 675478
200900 694473
15
314936 269144
321912 326566
289236 286370
290838 333961
272700 305986
257623 328701
274635 332433
247078 365654
237432 401660
323703 440614
361078 408290
387849 372300
371170 317793
348404 317101
391824 277081
5
266853 192323
308629 160998
309460 121554
280336 113312
267066 145666
13
94987 382887
127310 350412
130072 393403
144670 430146
177631 390940
193033 414504
176523 436962
149065 442506
157196 448797
138293 454558
109184 439844
119008 424760
95371 426074
12
743166 809880
713440 818988
708023 850259
718126 871432
728289 890458
739671 938681
772154 899242
797260 910087
782727 878388
780816 865677
776422 853964
757334 824250
13
707967 433900
687783 427133
660613 398099
654078 417310
672690 433925
685075 442514
684237 442874
672640 464244
718840 473008
745104 478270
767283 459596
740641 431240
713237 425126
8
875117 37249
864880 18675
889849 23148
938780 24061
934118 39095
949423 77019
913579 93169
890782 86683
12
747225 704001
753423 738281
743222 703927
706340 700518
696611 720612
653324 704217
672614 677988
690520 663189
672339 645875
692256 624353
723817 599487
736859 633348
9
203699 517015
262591 491250
228318 457977
213780 448948
189082 464497
174965 457269
146022 464470
166267 479117
201639 502751
9
624119 470109
657994 471108
641334 510789
647657 536712
686402 544164
661771 572125
624243 545411
605592 524820
621244 520552
13
632827 276581
626823 304054
619809 311344
598084 286433
583258 312172
604011 365267
633435 358276
658439 381859
679678 348187
667868 329417
708564 330560
704057 303270
657631 292866
11
637089 861818
596897 876459
558552 895900
528211 937588
509212 890443
561865 870756
532216 836974
541051 822699
595966 819763
578281 795488
629065 813567
13
937050 849910
934562 829410
948727 825303
932897 810499
944586 788881
895721 767733
947901 759056
958022 775734
975754 806128
972740 844785
958303 860996
910777 871038
903583 865437
8
179771 378404
196512 384017
207945 393632
210832 395307
236854 377169
225011 373046
245663 358239
214001 353675
10
708757 744541
686689 762089
673999 776362
649461 812570
713219 808387
730547 803711
735759 773057
770256 769765
750514 761963
722035 764055
8
604811 149892
558531 123389
611793 122436
548753 77710
546934 118715
536484 138591
538898 176851
560346 186419
11
490950 803093
513238 754512
531222 697272
555076 629383
554419 694403
586993 697081
576694 727209
611671 736789
591739 741518
564611 779186
535327 808007
15
950168 934321
911447 890256
903918 879301
880782 864134
876624 856957
868869 867806
838984 892199
864532 905950
833434 927751
858808 930750
901168 976748
902353 984345
902477 975841
892542 921144
924702 947883
9
856827 576996
908007 544752
881793 628548
836670 691019
835411 636337
853699 597805
839160 564648
861273 540880
860734 554955
14
718291 41518
699974 48574
691536 53782
689577 21071
627086 20002
622709 44241
602486 24679
592740 40376
578175 30796
563921 12700
715785 11481
730577 45105
766554 39589
736665 61600
7
639300 218645
592243 182008
561523 220858
539549 203601
532362 231433
589825 276326
616541 254269
14
270417 51463
262007 43630
306314 40715
335619 15803
353170 39717
346570 46544
397409 81957
430429 57228
420118 118449
396732 83725
394004 137003
371298 129527
324960 106522
284810 96792
13
63841 257059
73868 227366
51745 203102
73362 175736
44136 174070
24959 115238
1576 173919
7333 186036
4872 211843
32511 214801
21167 224876
3724 251109
47109 244015
4
324808 649080
322335 651348
285286 652550
328215 672633
9
916266 238014
936580 259338
870414 268835
833245 249015
851053 189523
853321 159081
864413 165713
892101 151216
907301 169498
12
81172 699136
117032 703626
141540 713180
157674 678280
170836 725163
193490 751250
206544 776544
142037 772823
126717 772234
109087 803969
65351 769075
81612 758881
11
931470 365625
899950 331421
944605 303009
969789 343217
976228 369472
985518 369750
997565 291001
991029 471686
979803 394000
970519 377283
952194 348662
9
756406 424560
755717 421120
776411 414839
780121 425259
843086 425949
799408 447507
821373 469154
787933 474292
778581 447716
11
800533 493201
781954 521721
729538 550823
746191 594502
745028 615850
749681 631383
786921 659992
817766 636037
779245 629482
781275 559171
800933 517417
10
496803 6742
491771 8545
485467 1710
360253 6121
425284 36334
442146 45987
469501 59410
476020 39597
530605 28752
482489 16681
12
798197 86869
836814 123508
815062 170282
838386 131076
856494 145879
870378 143581
880039 140586
867448 135818
848980 124167
866322 81416
858059 66934
844892 61626
10
445306 782905
473815 745001
441008 733443
404279 727069
379939 777689
414222 771108
382185 785485
403396 801891
423878 773597
427803 766171
8
88274 523053
66281 522832
84354 506911
93501 469845
126307 524358
154675 562001
94260 558932
63687 539909
10
980478 178116
956165 116489
925547 108110
938076 135748
950616 190897
939088 248137
962565 238680
975441 244252
990604 262667
985751 225726
6
22828 639259
37860 694469
58888 736781
39662 739898
12437 715843
12048 684364
16
838098 360998
845160 350404
854707 370033
878401 401454
870431 357058
910370 376384
910472 382484
913598 394396
938893 410201
909766 403476
923537 441062
884500 431714
849297 410310
822316 381049
834848 375527
824374 377676
6
391872 977481
363039 967160
343788 949060
350176 903508
319327 937526
303638 975097
13
366750 169745
342066 156446
327598 184497
277228 221902
303487 264833
334154 214335
340891 190553
345464 199284
369437 218124
406404 210771
420183 203848
445860 180582
385538 149336
8
698911 978817
739368 939078
759099 961506
804232 952195
807018 956002
832884 965754
801344 985559
693565 984673
9
67629 936689
71157 937969
132578 944323
77541 901051
108615 874263
81545 883806
78399 878710
47662 896848
43454 910101
9
210291 110047
238860 146358
236112 199117
183764 177939
150678 240751
153451 185448
110371 176658
128161 138318
166612 132176
11
510168 863584
512063 841527
511899 833420
485094 812740
484670 811296
476637 824854
462609 797375
436976 838086
415099 891519
446537 878818
459758 835384
6
679569 590272
685418 582274
701115 570753
673856 575791
662844 580173
654617 590285
8
104842 606343
83952 603434
82291 619181
34669 610015
962 574381
47583 585976
58788 601386
90123 598779
12
58782 270694
96893 291822
131200 263973
139785 284651
138917 296692
140224 333302
114185 333497
81646 358351
22325 364593
15302 346197
25648 332833
62784 333437
11
891018 633252
952528 576104
931832 539708
973401 505692
971109 539844
983065 520849
986842 488580
990337 538595
992481 614186
962577 639093
958038 615722
9
788846 350422
762694 374462
741085 372675
738855 378014
730294 374170
716910 395855
726444 403612
758926 398424
779701 393355
8
615317 405473
529467 385627
474277 408003
506161 451185
509626 479556
505458 511200
564343 524813
579902 451378
10
232484 814215
249190 822098
275875 818149
313864 820794
267895 850638
286306 880875
249014 903939
198396 913149
225568 869182
232794 858249
8
202070 3788
224940 36814
218168 37833
177623 74652
223982 98471
227791 106328
250062 66151
255103 38398
12
443085 711569
403024 715030
376188 716396
327293 762541
293345 731182
332895 680435
370849 692669
393391 669916
429193 675329
428123 679766
456893 685522
433508 698210
11
501070 275211
556140 333650
476687 297314
453384 322318
450685 288191
417461 312836
425224 265531
472839 243142
499890 231160
495051 255117
480230 254880
10
163899 819876
151615 850353
123913 870230
115783 870646
101907 873067
78867 869813
77839 870197
65979 832607
130569 829396
155702 815211
13
737800 273815
805827 272616
771064 314223
782967 337201
767654 354427
753757 356446
719345 354174
697655 395091
706085 347428
706261 335617
717372 335006
736016 284612
724946 257563
10
609284 555685
590924 584786
609638 620129
619356 650727
584640 662321
598631 645824
593088 618543
546083 609755
555216 563226
602231 547649
8
401276 940868
476161 965462
463722 982020
440414 982747
406950 966057
386265 969490
385671 928977
397848 906677
7
237806 279941
232371 265707
231493 224864
208102 245319
152696 245872
172126 293747
182943 306904
7
4317 418588
13580 436675
58755 495045
60242 449735
58610 440924
66263 399148
35085 421608
12
549833 952448
577793 957260
655863 969505
651028 956834
666713 930175
643462 895609
634110 926137
622571 933883
625909 928188
606047 938577
609071 894633
568532 942032
13
323926 510207
331347 506649
320796 476916
340638 446962
374558 421066
391598 450496
388700 495455
391052 527421
381821 525217
369365 521110
358324 511106
350136 516932
328143 526075
9
101703 60835
102598 105339
125450 135599
141256 102452
160852 80066
149959 52416
160579 30145
143702 8692
122288 54909
7
718053 906584
714035 900703
696747 873981
678742 868091
674994 878981
683592 915406
701251 905596
8
354649 888377
358117 887050
386739 860758
392071 810230
372144 785223
324116 795159
351517 840314
347015 863462
7
137975 601412
151649 584617
174052 589821
173080 597044
167899 612391
165090 612001
129209 613997
11
842781 861715
862493 852495
885561 843500
913832 815070
921498 809178
904379 800455
885278 798409
873465 786266
870171 777231
835863 783312
821120 823987
9
928734 440156
954009 443556
986991 467514
988046 476151
974471 489388
971589 492438
961395 490818
904912 457796
927739 443014
4
450959 899837
492762 906053
496299 903353
474665 893645
7
40014 84268
53528 100388
60156 114434
81790 116052
101367 144393
93549 107846
73658 83924
6
904221 509134
859337 495812
840927 527894
850494 481469
845633 452002
890458 488403
4
476438 965554
530876 965932
521934 980702
478311 993893
6
32133 791194
30527 782137
29613 752822
4158 773922
599 837491
10725 805589
7
236154 777368
254928 779604
297927 756611
264909 761627
256529 748501
219128 764408
228736 779176
6
810422 685311
786963 710478
825527 719377
869751 712895
836499 700296
813579 703894
6
144249 944047
142553 878684
195747 914654
247339 957699
253935 987395
128695 969208
6
532851 119549
532754 138399
519898 137870
426249 133305
508492 107542
528197 98795
3
809586 232379
809410 194207
831510 195969
9
289682 513189
294546 518647
266625 546413
264663 574560
265602 586367
252968 578855
242052 547092
273314 507600
272419 502899
5
531853 619937
483783 630405
441962 663438
489284 642507
495897 672013
4
570127 331735
596240 365410
558854 362494
550744 353089
5
45205 19538
11276 49178
13338 77299
34412 52557
45988 21521
10
920735 719447
892694 704439
910022 676160
913799 665472
926772 653116
965622 678505
981320 662065
992789 699662
990518 763297
967748 709854
8
619654 408163
617879 382701
650006 388665
652801 410255
652572 413176
651530 422672
639410 428375
589440 453901
5
822242 670085
820900 672270
818076 650299
830521 637484
823722 664649
7
650138 67897
683793 103775
651949 96932
655147 141560
636410 104403
627605 46369
658626 38463
4
129881 257185
116823 256446
93837 239656
97862 230250
3
107333 640365
100528 626039
117231 618945
3
495115 221412
470549 209439
521407 202982
3
950349 387330
928490 388516
947154 379768
3
9684 943137
11558 950296
1181 959402
4
797947 39822
761699 29133
835993 10715
853226 47783
4
835756 269829
830752 348496
815911 276625
816647 254214
3
459052 221108
424289 216625
423898 205197
3
964783 50091
955377 28651
964344 23716
3
790362 94718
762608 89692
775283 78435
