969967515
218629940
778930632
712122787
517624327
266999895
857055489
659279003
551451241
487273084
849107885
299367740
559764457
532325647
190062372
147424197
273021008
778257293
642395431
473477460
97842961
129947337
11490046
914304770
347755460
824482294
923640273
92367832
168058695
578661202
54184146
155455862
840673556
884749442
170607548
867672744
840016878
110999272
840335700
549038681
669214729
334695816
369280018
14442517
509732116
283621622
164991924
987798655
857339268
565504563
184017727
208641186
700872602
476772153
246943069
262879140
97686981
396461881
924503485
542138985
27129820
453147064
344871569
653518632
692785562
591386322
887587057
764281917
188122796
592642185
577285965
536168137
665546768
548159507
351043007
569002067
792588950
254199740
836655297
643977579
113304139
958097284
569924449
974481529
933841243
950364184
777242105
469731497
929328040
509761191
635085798
795243037
443873659
732490511
738498541
6483664
90234925
476019081
448691108
901295272
308967453
822905878
197658107
889186799
329688477
38583364
814084283
602498017
654497897
151276316
882069912
836235233
865688846
975496985
781197580
693900414
890304305
420692469
992120599
211563759
489458386
115234043
75888437
785087801
10952705
921514823
941494169
470141228
149099630
389901715
797350888
579046066
691761496
941578431
105885619
492337343
910312009
931026367
479790748
549209720
647097648
904330770
850551898
197826880
674392387
780342106
43360343
689586068
149382025
420763037
612097273
848020020
644194635
873611790
578790655
197129313
435397456
5779488
362780024
193099700
4505270
541264547
671878337
145701632
156237436
186813
999688177
881179774
298464873
313851269
17658023
840089164
479835734
67096788
247757998
829263530
358110648
182791617
672901049
561580860
456410436
358362974
727613112
607800365
95319345
684097363
234085857
418030730
181322768
637159106
210475636
409582700
561214086
975942689
561288827
347301992
793574841
860308325
279547155
751594971
