64
30.35913 -55.79981
33.69590 106.46830
-47.92496 -111.88281
-21.94634 37.32879
-8.98339 61.22287
24.19899 12.38005
18.63150 -21.60107
4.87630 176.50227
-63.83015 -16.62679
-29.50166 -14.04400
19.46675 -22.98793
33.84487 -55.36630
-75.46766 65.14474
-64.29187 -25.46800
-33.41787 157.87215
37.32014 -102.20533
41.62755 -12.98922
-34.16175 71.16576
68.25835 -62.61749
17.89874 -9.15419
-12.52842 107.36693
-11.22996 -119.15453
3.81145 -10.40460
77.74655 154.27563
33.04350 160.13632
27.24348 -24.41309
-7.25551 -35.96050
-54.51562 147.92732
39.65444 -164.47230
27.56288 -137.91097
39.42077 -178.66442
72.48883 75.82519
-1.67611 37.82168
58.98855 -132.97454
-17.01857 104.63989
-42.98417 -128.52446
59.15062 -64.08870
-33.83825 -59.59980
51.02793 -169.93891
5.85905 -72.95534
71.93758 53.91972
-2.99655 119.82962
-17.40557 -21.70097
37.84171 67.67771
-59.74922 -24.63469
-46.50447 -100.85666
30.40868 -146.37425
-19.09721 102.69184
3.51433 112.25281
-25.85187 99.08214
5.98302 -83.41538
16.04092 107.91592
-15.05290 61.62427
-43.51365 173.49152
-26.12481 -112.25036
-1.64061 85.07492
-40.20710 114.14349
-41.30132 -112.85985
-15.42063 0.48183
-23.59249 -73.71763
17.87549 157.87903
-0.05762 2.38129
-9.75370 -83.77349
-85.58759 -12.83034
