1000
-8.96467 -17.99814
12.96961 -114.09483
9.87282 142.42031
23.33959 135.76182
-38.50805 137.68434
-31.32778 16.76042
15.95346 -160.05987
1.42878 167.46463
-8.25425 56.02435
-12.84344 -126.50534
28.81572 -152.11230
19.74149 -13.54377
-69.60272 109.19451
15.26270 -126.51002
36.79698 158.36665
-55.79732 -129.85275
-45.04664 -32.04624
55.73083 -4.48515
24.80365 -76.49457
-27.96505 -156.30091
27.54308 -144.21461
0.58756 -120.12874
-54.59095 -148.55560
3.34809 -4.93055
-33.64596 18.26946
-11.63164 -47.47737
32.34940 -21.19677
27.44497 -116.12986
37.24127 34.40056
-28.50494 107.07797
-45.78053 -16.25338
-14.75441 89.53481
-10.57828 -86.70963
-51.31827 157.63869
-9.13790 17.95468
-23.06277 -91.10026
-12.14473 103.62290
-36.05156 173.20232
15.75187 -77.29159
41.95781 170.97338
54.21403 13.82498
-30.94661 18.13094
5.37726 -132.32291
48.67148 81.37338
36.40204 -160.18788
-12.20719 30.83584
22.35575 71.45095
-23.97330 -153.06790
-88.50494 -147.45341
43.26968 171.51848
-51.89625 -127.75927
-39.23907 -169.69927
18.76447 168.59808
26.11349 -4.35330
-52.25672 -7.08936
-32.68689 124.08048
-9.36352 107.81576
-73.17585 -82.80371
-43.08818 -5.95093
-18.44583 53.58680
-55.53334 67.16119
-7.41877 -113.44539
29.63964 -116.10585
42.15634 146.14587
11.88310 -93.18554
-22.03307 91.37759
14.15929 -54.86971
4.24485 -128.63442
-71.15909 -79.63117
-80.97115 -99.98682
-11.55428 149.47566
-0.81206 158.22453
-7.60406 -95.41673
1.29226 -72.48424
-16.09485 -107.31378
14.17211 86.14041
20.15091 -127.75393
13.23397 30.07473
8.48166 128.06341
27.36021 -69.20399
-32.44829 -37.76150
-57.10531 -164.32366
32.21362 -25.04561
46.17965 -139.50233
-3.95460 177.81473
-7.17212 -138.29200
12.62324 -130.13633
-14.56340 -89.62629
-13.78279 141.66574
-28.05808 -68.04359
-43.64932 116.42504
-30.52288 -29.60653
29.28331 23.41201
24.25673 156.64109
-18.46743 80.73641
-41.35402 154.43047
69.34844 -100.28502
19.48547 -157.63150
81.80835 -11.70531
3.08315 -108.96561
39.09735 160.57378
-44.71015 -31.81578
-22.78026 -166.05662
50.42315 -84.58245
22.83664 36.73503
-22.74468 -116.00467
-25.34402 -114.69488
-35.19015 -77.44416
-64.80427 -36.18748
-4.16266 53.42540
-10.21483 148.41093
-29.91133 -18.27462
-22.43044 126.55654
-14.67449 -0.94721
-11.71250 -151.81390
-14.57186 3.42204
-21.11793 30.51207
3.13647 -112.73891
32.08377 -81.75794
-24.05400 61.68850
-34.21582 142.13841
-63.34302 -85.85058
-15.17471 136.16855
55.15991 150.10347
5.72531 -33.92598
56.55619 132.29917
-2.12139 38.68891
-19.03042 109.59089
-68.28265 107.40713
-30.61283 86.87403
-55.02958 170.83439
69.48327 1.50718
63.12635 153.76064
10.59256 -108.87275
-24.65473 33.01470
-25.51669 159.45674
71.43628 -154.28321
31.79431 94.25492
-56.80930 75.29820
-3.69155 -104.78338
36.63595 -49.23989
58.27421 -147.84865
-23.25410 87.00645
19.32258 12.58913
-8.48394 -146.78460
70.86317 141.98964
14.94885 25.74607
54.96742 -100.78394
51.62907 14.22764
-8.04772 -73.44773
22.53170 67.72282
-61.55924 157.72254
-54.67498 115.59435
51.33653 59.01801
-58.48506 120.06612
59.21905 66.80554
32.11859 157.80502
-59.13511 -128.74417
-42.09877 164.74937
-53.43769 -112.34332
75.53089 -16.40159
31.14124 18.37779
71.02004 -104.93402
-32.00837 73.22973
45.62323 164.76694
29.49099 -149.45784
-48.11613 -109.83803
-64.70536 -107.28345
31.98005 -59.34178
-47.71031 -98.28177
34.50644 -106.03797
6.21248 -110.47591
46.15788 112.85925
72.44694 -143.59532
-28.25269 111.94253
49.43693 -121.29015
0.79121 -90.54933
40.13237 70.72504
22.59193 63.81672
-81.77076 171.59851
-39.75111 -147.54187
30.51229 94.38524
-42.73237 -60.87485
44.27629 -165.39580
-11.85763 -112.53025
33.72829 -106.59211
-27.87121 -47.23010
25.75202 -89.99210
76.62523 98.26404
4.56806 156.73409
-21.87744 -10.15046
8.56228 82.29700
-9.63659 89.17731
-40.55824 -93.90842
34.38806 103.63234
8.90264 77.57504
45.58132 -120.27403
-30.04334 -82.25424
31.59163 -19.86183
25.48104 76.97664
58.76639 -1.62692
-39.93323 -137.58881
-4.63044 -111.94038
3.62709 -152.59053
-46.45507 141.14439
-17.32591 106.38096
-7.76651 -44.03217
-60.25954 -128.95188
22.77718 153.45320
23.82023 98.01358
-10.65988 38.47727
47.29210 -7.71839
29.16070 63.30101
19.44799 148.17376
-12.20478 -61.54898
17.07917 -93.20385
-11.83898 174.58940
14.76111 153.38804
67.51971 -22.44140
-27.92425 157.13858
76.54946 -71.11582
26.49128 111.31890
-21.39782 -53.94728
7.46058 142.25775
9.86085 9.93367
-21.97960 -143.33695
-28.30589 101.73969
-61.30985 139.16296
52.24289 8.29652
-30.90282 -9.88975
70.56991 63.11811
-0.16714 -59.44983
-16.08373 22.10943
74.69126 -77.31178
-3.23397 -49.63293
-85.43826 153.55240
-27.96235 -104.97989
-27.26923 -138.06665
-43.35462 44.95224
-71.46966 -155.47666
-7.24159 30.86563
-65.01071 143.64613
77.84475 -170.01270
34.84382 27.51178
-66.94392 -95.04988
-42.61015 91.17814
9.93790 -29.35155
-53.17466 135.45410
11.58773 127.21945
11.69235 -40.81729
-6.30474 -11.62109
23.25057 69.17548
-3.13284 146.36469
52.44516 34.10663
-4.68487 -159.81688
-37.90499 35.94700
7.79373 133.07154
1.89241 9.98239
-40.80983 -50.42848
18.42391 -158.30956
9.62265 40.85218
10.24173 172.25990
-17.04650 166.35534
-9.33712 -137.37134
45.66446 152.52021
45.06811 167.21967
-19.15211 73.66859
59.65741 114.86589
1.73483 4.94202
-23.84302 -62.20555
-44.16675 -20.67317
22.99167 -177.00538
-61.88525 141.30191
62.31606 60.76792
71.34140 -141.83499
-7.39119 107.00768
-19.17199 21.75639
-69.31980 -118.42583
5.21837 -33.81643
-40.11874 -17.73619
62.91395 163.32100
5.16565 30.81383
65.95424 -144.99694
-57.92295 87.17961
-12.41961 156.09340
34.61510 -56.71353
36.41053 -5.52723
-38.63876 59.69217
13.91964 -117.52438
-26.51396 109.98640
-30.31754 164.21530
16.61477 122.54578
-23.68665 -130.65884
-30.90726 161.67429
-11.06743 141.44071
-55.35418 -151.13293
7.96154 -111.68496
-78.92352 75.63872
-65.58978 25.03576
1.22596 -173.97879
45.08628 -73.11659
-37.97718 1.55443
21.82129 -65.91563
-3.09008 -107.57493
-10.57838 -50.14921
3.23708 163.89323
-21.22165 3.19636
11.89120 -54.43100
-11.32004 174.56448
-47.26925 2.00277
10.50753 -156.49282
-74.50669 -42.22008
11.81606 107.46537
-6.27094 -82.14789
-64.21313 -66.86123
24.42334 57.50494
-37.57950 66.71034
-50.00751 56.30228
40.74523 134.81216
48.53915 156.19232
26.88075 42.69210
-10.21746 -98.64162
-49.01384 100.43789
-34.72303 -158.51967
67.61789 -69.47250
28.55237 68.34655
-36.60375 -44.75144
52.58665 162.23223
-25.77309 4.05423
-31.46583 56.24628
-5.63795 7.22699
15.26756 -176.21396
63.70301 -35.20145
-8.54939 -98.45631
-1.27135 12.92642
40.09233 -16.24699
73.01378 -51.47569
35.74138 124.51513
-5.61155 -163.78921
12.90358 -2.37049
66.19643 -10.96364
-28.97830 -125.75104
10.15539 40.50194
-57.71696 3.28999
63.72466 -163.12796
9.81389 166.67524
10.54591 41.32725
50.31438 -116.54173
-36.45076 -42.97653
-37.20513 -10.25673
82.77401 17.19031
21.42762 19.68906
-60.07420 151.58488
-42.12846 -86.97771
-11.86769 -110.35434
81.03079 -101.38887
40.82341 -159.67531
-1.88937 -31.85489
65.14530 2.65636
-53.29980 143.13838
-9.18886 -77.45415
17.45007 -64.82774
-59.51652 -35.95683
-18.13175 42.94942
14.71074 7.29363
28.63666 -38.23130
41.12894 62.14297
-20.08882 56.99343
12.57064 -77.38797
0.49483 70.20872
39.07959 -46.04037
-0.97770 155.02761
9.03915 125.67272
26.40038 13.69848
30.84590 57.99610
-3.47085 -104.77272
-74.40425 -172.96983
39.75213 98.63187
-46.10767 16.46544
41.12008 111.18260
79.04609 116.48750
-31.35283 -148.88797
52.56187 -67.08959
28.68477 94.37953
56.98375 -148.37182
-18.50197 -60.67025
29.17715 -73.63483
37.27206 -32.97217
-14.91831 77.93266
-20.18551 79.52732
-9.85471 -80.87610
-61.46407 162.89302
-4.67939 129.30694
-27.21017 149.39162
-11.65922 136.47537
-13.88044 -143.39306
-55.24769 -125.28380
52.29840 131.04925
66.73919 -160.18950
-42.77659 28.09325
16.34323 6.90211
32.32850 73.12631
-34.83429 161.93310
19.78553 28.26801
3.73176 105.24313
-3.20322 48.22053
16.42901 -71.57046
-49.17464 91.15556
-0.15723 -20.63539
-44.45252 142.50943
-40.39710 89.78816
-28.89173 -132.46257
-8.54295 -89.54322
-86.55926 -175.38183
24.01488 -136.83317
47.82328 -117.40522
-33.59884 39.79633
-19.31576 -0.16199
28.16980 81.58041
53.37526 175.27749
-47.59774 28.48891
12.92768 123.25341
62.12663 41.21783
19.29498 44.47658
-37.13042 46.54962
-57.86736 141.99380
14.42163 -13.51943
10.45509 173.57944
48.90824 -37.12584
0.90284 -56.49431
50.07122 65.89448
13.80848 130.06381
-45.61779 -33.26986
-8.66568 -116.21701
74.18798 -119.74823
25.72901 141.54793
30.56236 93.33598
-22.88395 116.12503
-13.71977 72.75832
-50.01025 -93.65043
-61.02707 63.40745
1.96308 -65.29538
-8.81517 -44.85361
43.48759 -82.25063
32.32395 31.42306
72.39231 163.14627
-39.01227 -76.43048
-62.44218 -30.73289
38.55757 -73.98823
18.88943 -171.42233
38.56752 12.26248
8.17213 -174.99953
-62.08481 2.94487
17.27671 -65.25079
23.28145 -146.83241
15.22356 154.67942
-63.25555 54.15322
26.07772 -111.89630
-24.20979 75.22134
53.53519 -164.26106
-12.51781 59.59511
12.02055 77.54460
-47.21919 108.84209
-34.27800 149.91388
9.51920 -31.18339
-21.82228 -43.96900
33.01029 -63.33156
-6.63058 41.82114
58.54273 177.73906
4.53430 107.84295
-43.47925 -41.31657
-15.80739 -100.00565
12.86274 -24.06408
-0.55465 -129.50534
-32.92485 -8.58260
-0.06438 160.60656
74.99493 -152.55080
-40.41505 168.54627
-15.54829 -30.79834
-39.06723 39.20977
-63.85560 60.11226
-15.01428 53.70833
4.17105 46.42774
25.86833 -101.00895
30.36544 3.87848
-18.64857 68.76610
-29.67571 -92.46146
-30.32374 121.61951
-21.16863 55.08321
-67.49762 -50.14702
-18.64154 -127.39457
-48.50416 68.01494
-2.07539 -119.66287
-22.72392 90.49113
-77.41067 -145.74866
-1.70291 -147.09314
-61.10765 -103.14606
-52.34876 39.12131
3.65861 141.01650
-17.04321 32.17347
-13.92448 -57.63830
-37.17342 125.97798
-5.39715 -156.71012
-4.58655 140.02712
26.60651 89.53760
-23.32514 19.80805
28.14738 90.88273
-31.69484 -131.02962
-40.47779 -170.99032
-30.70209 52.39506
17.51677 100.79661
16.03886 -166.26761
-12.91811 57.29804
-8.57542 -141.53921
-55.92952 -126.93974
52.88294 -175.04385
16.98874 155.95367
-11.96631 -34.01339
12.83801 -61.89161
33.41828 121.66423
-58.45133 -147.28203
-49.78397 48.79974
3.03928 -135.03879
26.88238 43.85479
-14.41656 99.06178
33.94730 136.01681
0.12593 -108.79771
-8.69528 -64.33464
75.48140 -63.19587
-37.07091 162.75100
54.96243 -94.55948
-25.30319 -170.21694
-26.95286 -28.59051
6.43066 48.37813
4.50047 73.18189
-13.37689 -34.35509
-14.30829 73.06398
-22.47144 -49.10698
-18.68948 95.41002
-61.21747 -106.62227
33.71880 -134.55107
-4.87069 119.37743
81.42428 122.61994
-63.51966 -176.88431
-65.77585 -177.97988
62.03962 -135.73594
13.16920 96.23456
58.97536 110.24552
75.25700 69.73799
-17.30468 161.22407
-10.02283 -166.96725
2.68809 -130.22022
-42.50047 37.54432
-2.50635 14.19539
-35.92394 37.68482
-12.24026 18.91136
76.22728 40.58041
-20.00890 -18.48915
33.06162 -178.16357
-19.44874 -120.35314
33.17977 26.86784
63.94828 110.99462
-39.67983 84.74510
26.57209 -41.26108
-26.75803 -12.47756
13.99283 -51.12437
-27.36038 -114.79975
-12.43872 96.50158
28.21499 -123.56683
69.83645 35.28224
15.48494 -7.72541
-49.90281 -163.49251
55.74312 32.26828
43.52730 -94.56503
-6.99298 -127.35734
-23.44485 81.46879
45.20469 20.27042
48.16493 166.95583
57.68279 102.77461
75.77044 52.82692
-38.26836 77.58907
-18.76148 162.86485
40.11468 -33.61423
-17.82558 77.33159
-6.65651 -169.31731
19.02683 35.49687
69.51038 39.69509
-75.96873 -44.26843
-15.63704 -9.41541
-21.88622 72.54371
-76.03660 169.77017
-10.37972 146.51358
-71.91783 -2.91412
-42.61528 -128.98178
-4.57792 161.19797
-54.27646 77.99108
23.29975 117.58755
49.22767 160.34351
-48.58787 80.80778
-30.73124 -72.38250
10.50899 2.24279
43.54714 37.45222
43.59976 91.45661
-59.70111 36.28449
-57.73498 -159.54737
-3.13065 172.83133
-55.97136 95.59143
2.62995 80.49271
-84.58466 -19.76513
2.07775 -73.02541
11.68193 2.78495
45.97172 163.77974
67.25661 -9.67897
-19.40575 103.20149
-15.50031 176.16177
-58.42497 -108.64077
-33.79072 121.70291
-22.91881 -62.47720
4.20169 126.53208
-13.07832 -167.78084
42.41265 149.57167
-31.13705 -58.42880
-78.48456 -47.07167
-18.45477 -133.07964
-38.58539 -26.46589
15.35593 -147.52566
29.45391 -71.87683
-56.56334 -125.29403
38.98323 169.93675
-12.71578 34.71744
-52.70130 177.22867
16.81784 39.02548
25.76598 -103.34608
-44.72415 62.57583
-2.08337 -123.75000
-8.49071 105.39443
-68.65481 -170.95234
17.78793 134.28230
-19.85126 -160.53824
31.40490 -131.32672
-47.92158 111.27027
68.14905 144.43212
6.07515 -87.61006
33.33402 126.58037
-42.54572 -66.63832
-22.56547 129.30527
28.17433 -173.17605
-50.73731 -60.65085
8.71278 48.19163
-5.83739 -13.34807
-68.93155 88.93522
34.03018 176.64522
-57.95679 46.87641
-35.41575 -31.97245
20.07640 -103.61649
40.03098 164.24362
20.54476 172.07256
-35.89631 -56.52358
-54.46042 -23.37967
28.59740 143.30026
37.94878 -3.35890
-60.49312 124.63116
46.45586 -11.57213
1.85818 59.17629
-30.19520 42.00712
77.32118 -154.23371
19.90709 -110.98120
-23.16526 84.98333
10.40389 -87.80145
9.67345 -171.70099
60.57930 -53.91981
2.56446 132.42713
-56.25951 1.16593
-21.77686 -0.03553
8.41360 -161.98297
56.36861 -51.54703
-13.52336 171.11145
2.20017 54.08660
-23.06143 -135.51414
-31.06747 -6.47121
68.81604 -145.46789
22.16487 -113.53761
-5.75055 123.73694
-39.05029 -158.02024
-41.59336 -18.98045
9.07821 166.95598
-2.24021 -69.21250
20.40913 124.77509
82.64009 -163.39020
10.33597 -20.94886
65.24003 -120.25408
56.41742 140.42676
8.18621 -35.38779
23.32651 -178.68609
-29.65188 19.01631
-0.61730 -68.87285
44.42237 -76.36861
-33.35823 -163.78874
-10.19313 123.93705
37.99418 100.31469
15.65915 -38.13881
25.12787 -162.10708
-28.69729 156.30124
-19.17570 -14.27596
-24.10159 -178.34892
-19.79123 92.26016
-11.56764 91.56000
11.29468 -10.94118
27.71827 -21.78496
48.80889 -102.80831
48.95236 122.81183
-19.06427 -21.29454
-16.30252 -2.64242
-9.25653 91.21012
60.53885 -46.09221
44.47387 -177.68206
-8.65469 -157.41563
1.66905 33.32512
2.83211 51.98034
-67.29326 55.90371
-23.82246 26.84351
53.46962 147.96701
-2.50725 78.49245
-20.60737 176.18576
-19.74685 109.22183
-54.11343 33.39847
-53.22930 4.16792
31.84865 -59.46315
-29.09743 153.30700
15.22217 -120.40473
28.83907 -171.45188
-62.77988 76.15803
12.60593 97.39676
39.13494 174.79083
25.92769 -59.57482
-52.12858 -115.29087
1.29545 -17.89125
42.54690 -106.83613
-11.59397 -84.24185
25.28511 141.79796
-35.74432 -153.54331
-53.87829 55.38395
61.26792 167.72211
4.01251 -2.32657
31.97539 55.13884
-29.35103 115.54496
-29.03013 -25.41106
-5.89866 -135.82573
-2.41062 -54.16800
38.20343 139.17976
10.20780 -152.63672
35.99785 -56.19099
-7.35797 110.43813
25.57959 133.83775
-21.70824 63.90161
-32.51236 -48.16485
35.61898 54.15052
-14.94950 -118.71203
54.22274 -121.36560
-50.41040 174.49071
-1.81012 21.84322
31.69984 -147.79098
1.95343 -74.02062
2.13871 -100.31784
-23.95234 -136.73936
10.01251 61.30847
-23.59962 114.42261
43.20426 53.84839
-10.85535 1.45742
-76.55121 51.25409
38.26649 -170.87271
50.74806 152.99628
28.18846 65.98999
-52.56072 112.05845
-12.10990 -1.01124
-54.02324 -1.78737
49.15432 -170.63273
-11.13110 -51.13723
4.34556 -168.05196
72.13751 95.41825
60.86686 125.26668
-51.43678 -29.22562
-1.25218 -175.37861
-41.20574 12.18953
-8.11845 44.60051
-61.34220 16.39884
-35.28645 119.64716
12.02428 -15.72702
-26.63038 -108.82360
-29.49459 51.73025
42.24268 167.94369
44.89959 -9.82114
32.15159 23.23174
27.41863 30.14398
-21.51376 179.64820
-38.97426 -31.37340
10.97627 65.99659
-32.16402 -107.96898
24.69944 52.55160
-56.97022 -159.87916
-23.51830 -1.83900
-9.61358 -75.20684
-36.83765 149.77852
-2.35439 94.25174
26.16151 149.61324
49.22573 -114.46186
10.06161 76.80817
64.09650 -24.29753
-27.48216 -105.20600
7.08029 152.69214
-49.57309 -168.30573
-33.32368 4.62494
13.10007 103.36162
-5.71831 82.83782
12.51817 28.38178
-31.52575 113.54971
61.36859 -77.98537
15.41520 108.85568
-6.63937 119.42357
-35.57234 47.56566
-57.46881 -36.38523
70.00004 167.24783
-47.77082 144.86807
60.52114 142.45146
-69.55869 82.83691
35.17831 -33.02924
20.28611 52.29514
29.77682 172.52455
18.61214 151.74713
-16.08130 87.44911
-4.10539 -23.04653
-65.35596 81.78095
76.62301 -171.67161
-14.73723 74.94822
8.62602 -52.53921
-16.21761 -86.78697
21.33142 -121.19881
25.93048 105.79987
-58.59125 51.43618
24.13302 75.37417
-25.30212 -153.81367
13.66154 89.51396
-41.93099 44.08874
-7.52835 -26.38622
-47.90176 85.65661
29.30033 -2.88240
-20.95841 -19.60655
24.68277 -5.43140
-48.51450 46.09613
-37.77268 57.20188
48.42557 -56.52358
69.72400 -8.20460
74.26838 -72.88024
-64.97617 115.07232
40.05332 -75.75223
-4.48464 49.27399
-2.89100 -27.91645
-9.57686 -36.70038
15.17685 -118.81963
36.26231 -55.24895
9.40238 115.49108
-42.91873 101.69861
-74.93207 74.81318
-13.03900 48.21459
-11.50201 171.86335
-57.29042 -79.81865
-26.40258 -136.83695
-51.82395 138.06412
-19.12233 140.20421
11.67141 19.27907
-5.92953 163.97175
10.57632 -131.77497
13.66206 -40.93775
-33.88104 121.41252
-17.07395 162.28589
-5.47186 35.94929
-12.56021 89.43823
12.69225 102.35241
31.86442 -71.18541
-30.92065 -132.92604
-75.79905 30.52781
54.36161 -42.59403
-37.78211 -131.38962
12.12401 -70.49979
18.77009 -108.44127
-50.65051 70.23134
-10.01911 -20.74384
-11.90928 -135.89363
3.22473 22.10335
-20.44798 121.62155
-18.00360 -18.72081
27.23733 133.16944
-0.48579 3.21913
18.65193 36.55275
26.22474 -16.32987
-64.02746 -142.58797
16.91495 56.62572
4.08067 102.70751
13.92602 -94.38793
-68.28378 -39.01189
-37.81348 -168.67427
-48.76291 -68.59880
-35.30218 -163.62493
14.59745 -55.38187
-38.04357 11.86396
-79.00845 -153.04376
30.38509 -159.15794
2.53579 164.17681
-31.37955 22.21355
21.67505 -117.17910
-45.14844 62.19343
-35.49516 -93.85498
-31.44589 8.03678
-56.68800 36.36505
11.75673 -83.98925
-17.60345 -70.01992
-6.65354 -122.32949
2.80455 -22.56336
48.08880 112.19230
-42.13608 14.22908
-24.38483 158.80085
5.28671 169.82850
-34.73437 -121.68743
48.22993 147.14988
32.40456 58.25854
9.83148 23.81494
-34.12849 -64.53465
10.43535 107.58143
12.10374 -19.43512
-41.45000 -52.08142
53.37523 164.00172
-33.08140 -4.11605
2.26975 144.08897
-34.57178 46.48862
-7.47446 118.80608
68.61865 -120.40921
43.04028 87.03148
-63.71222 -165.29313
31.94499 -128.77294
3.18332 178.56706
-26.16020 -83.81156
-20.24361 -167.38434
5.30109 13.72837
8.80580 86.86754
32.28083 103.37448
9.76245 32.52390
-78.35010 -68.78546
-28.82974 -8.25749
13.26201 -147.78167
-11.75210 -113.57820
-52.13331 -177.11311
-3.84316 134.03989
-31.00464 -128.20018
5.64400 -93.18903
32.13325 143.44873
-80.36018 -51.26686
19.74366 152.95765
-62.56307 8.26076
9.38596 79.91120
-83.90543 89.42623
-46.09011 -98.21355
31.83451 107.67204
-32.81975 46.28978
-5.05126 -4.39068
-29.93965 85.00385
9.24828 -165.30886
31.10507 12.36935
-31.96870 -146.10459
58.55351 158.43709
37.59053 -178.24476
23.65129 141.17471
-23.64145 160.14258
21.29367 -5.03883
-19.28175 -77.20964
53.98258 171.39349
-13.66104 -118.73561
-79.81708 -4.53974
48.66271 42.05782
3.93583 -79.43300
-8.53622 -106.63893
-26.44185 -4.65158
-12.69761 -74.62216
34.16569 127.80753
-2.34635 -47.65543
28.64313 -160.26889
-64.26115 33.53165
-26.81975 -148.48838
-25.72831 165.71324
21.26148 -63.05865
-40.60121 -46.72244
-29.71742 177.76916
49.83672 175.60988
13.97438 -3.48693
-62.51823 -131.65738
-21.15298 -157.60183
21.06613 84.02313
-37.97034 120.64497
8.11321 -94.41113
64.61658 -4.64881
-22.21854 164.79591
