100
60.99574 55.79981
38.91716 75.48233
-30.05787 -48.39462
52.04577 55.45478
56.76213 164.23143
-15.80420 -68.59337
-34.02069 169.16755
-7.11541 -61.48936
45.45898 47.22851
19.65796 50.94740
-36.06348 -154.29363
55.88083 175.33981
-17.94858 135.35590
38.17298 36.98578
17.75071 -122.23773
14.95838 -96.06146
-53.96038 -128.75433
-40.37129 167.97708
22.04821 -139.53369
-24.14511 -16.45492
-36.16484 3.27394
60.55266 41.06196
-10.49094 -59.70438
47.47270 -130.34522
-49.99454 -168.33772
-46.80507 -139.28769
-15.85875 -159.24133
27.25237 166.60669
-27.75073 -128.66626
0.28271 7.64705
-38.32860 -14.75576
-6.38197 152.77861
26.71099 -54.50469
-19.54574 122.44474
-33.00095 -156.09673
-48.26686 23.15905
25.42854 178.64206
-6.04847 8.66640
-41.73319 -30.52720
-65.88069 -7.16172
-20.58590 -17.17033
-38.04527 -137.57067
3.32569 2.88168
7.96062 -175.36578
36.16481 -114.51176
-23.27854 149.87834
-7.61668 -114.77985
-32.12767 79.52733
-54.49301 129.96530
-27.58354 -77.01482
75.67985 -73.56118
67.33029 -70.39181
70.80846 37.85232
38.03996 93.01260
-53.79398 -135.61947
76.88259 116.40702
-4.94427 -124.45035
-36.43990 -119.53899
15.73907 121.91133
-24.76237 -22.00751
-33.55507 58.03855
1.57379 108.12055
-49.58808 83.41148
58.70198 -48.15838
10.10170 99.90541
42.25966 26.68935
64.05302 -43.07449
19.04866 95.34000
-7.83598 171.49989
-1.32543 -82.15911
42.44406 17.75126
58.07071 14.29582
6.88169 2.52109
30.44319 -122.10457
-31.55955 -86.37395
35.05170 -139.38255
50.96347 150.62855
60.07259 171.22692
-43.89096 -44.16631
-1.33307 -100.08254
-8.36865 88.55232
-65.63262 117.53922
-77.84952 -139.29240
-3.05551 -125.22989
-13.75331 71.55788
-2.12110 -99.16779
-47.20880 -33.47688
66.24905 77.94889
55.74426 89.06057
-68.11549 60.12607
-17.22483 -178.90149
-24.29326 74.14015
34.10670 -123.27293
-26.30301 164.78372
-8.27716 -173.06907
-13.48446 -14.16840
32.50245 -51.53247
15.90174 136.49825
20.84492 93.56509
83.94718 104.17531
