200
7.83109 -167.39944
28.77516 137.45427
-79.62855 -175.37101
27.64691 19.20279
58.35352 -41.78569
-65.20791 93.35346
-53.27811 147.63031
17.09027 54.49391
-30.51271 -80.48209
42.74199 -79.03541
-48.14186 108.31776
16.61981 73.92760
21.84834 -5.06642
-24.83893 -87.92178
36.41586 77.98204
72.63418 -108.34920
7.88480 102.77589
-28.38044 -25.64555
-31.17538 14.29872
-77.49563 -1.85346
8.99003 -148.54008
47.70567 80.62898
18.36243 38.89517
-51.49176 78.89648
-8.24843 128.61035
-20.81952 90.46152
1.18484 87.32033
-4.95988 129.24794
-14.95514 159.72167
67.00064 76.53102
-6.30426 17.42692
1.05847 -1.12823
-30.52999 130.14806
2.79071 -28.39382
-2.33318 5.37651
-38.12208 79.79203
-45.42631 53.18055
82.59908 -127.86600
12.74240 50.64939
-62.02352 -138.74895
14.65806 125.00978
30.77929 17.22992
-41.01668 -46.28362
-65.71741 -49.27881
-18.52795 65.24238
70.79460 8.40834
-58.77369 -177.96865
-7.03849 125.85634
69.49487 94.54032
-24.14521 -84.82090
-49.50490 -93.26958
-21.72143 -73.77634
32.42217 85.39623
0.38586 -106.02955
-4.22984 -88.88125
75.65758 53.74282
52.66300 -7.26268
-46.55699 -106.18071
-53.42362 -120.94767
-22.43295 -125.42776
-56.44573 -102.28049
-1.68907 -103.35797
24.99740 109.04154
-58.05420 22.49771
-46.26930 62.41779
-53.07047 82.93962
-14.35452 83.54543
-29.51597 -51.55979
-3.85756 145.63405
-66.82469 173.17627
-10.88433 -32.53078
-66.87007 132.08808
-44.35826 -33.09266
61.17431 157.75736
-78.32967 36.92065
-39.52424 -122.82874
4.24997 -114.23781
86.75103 152.62612
31.43570 83.91723
-23.14989 -121.58125
53.43550 -55.56179
48.70776 -115.86546
-37.59527 0.43371
36.30510 164.12559
-46.20524 -20.71235
28.45716 -47.94023
44.69982 -101.35304
-36.86124 115.19428
53.41551 -153.62846
-1.96419 46.24619
-80.02822 -169.69184
27.55513 36.41408
-47.56391 28.24887
73.39868 161.82277
19.79496 -15.32162
-11.93654 112.59483
-13.11346 -3.80612
-37.83846 62.26925
-30.30078 -42.89687
6.13778 -6.05776
25.37627 -116.44314
-12.11121 73.17910
-51.63283 -130.47943
-26.55433 5.54842
31.99675 90.85128
54.90862 1.06596
-2.33002 112.06432
24.90493 21.59047
59.23855 -101.88929
36.72044 -64.19018
39.93270 -108.00195
49.03807 176.88759
-12.93383 -73.74776
20.54946 85.19230
-71.80831 -51.55984
83.15811 -145.56817
14.67275 -0.94265
4.73772 -51.81703
10.63816 -13.11677
-67.57310 173.29099
39.13966 -128.43243
-48.50387 -155.25548
10.87125 -156.31400
-14.80416 13.00815
-20.97549 -45.11837
30.92172 122.10751
-58.21431 -79.18632
-25.91638 76.50594
-20.62573 9.15710
-77.71312 -105.55948
12.75702 91.29346
24.07420 65.72462
30.61253 42.49463
0.27059 125.72118
-64.36502 -67.94816
17.31321 -119.19972
43.07721 125.43330
-12.86778 104.79285
-41.07138 -104.45564
11.44340 -179.74211
2.99007 163.68668
45.44004 -21.38642
-15.10401 110.90893
-49.09847 -168.22279
-47.14938 109.60728
15.74526 109.14111
-46.29039 125.67369
5.42325 -12.62353
26.73738 -153.89846
63.21916 130.62546
-52.22186 -46.01991
1.62476 13.47878
-28.59204 178.92675
-34.30390 -66.45106
-50.00581 -155.39032
-3.63379 70.62205
61.03198 -101.85459
44.86015 83.96871
15.59353 50.59784
17.08314 -38.02081
-3.05939 -72.41598
18.95166 -1.99096
-30.47357 -141.48480
-65.71803 -94.23068
-43.19086 136.84334
17.84954 -1.44637
-26.51271 -109.01774
-18.69493 -113.69926
-51.35927 -1.17986
-19.15658 76.91457
41.00052 -166.34075
-21.16497 16.74594
52.02991 -100.52883
31.25934 94.66615
68.46995 119.32282
-46.10188 23.35044
-47.01062 152.75338
-58.66194 46.22062
-81.03541 73.57461
1.17845 21.62846
67.75776 30.69850
-15.43510 57.28177
-36.45669 28.34375
41.75482 94.54713
-76.32499 -167.00835
-43.22993 -73.98801
-52.49973 178.88348
-32.89630 5.30908
72.16526 33.85256
6.93837 94.21153
11.99225 -58.34243
8.74534 -0.23623
-64.05098 10.02433
-7.45765 -167.81395
49.60962 141.47114
52.36023 126.32673
-35.37634 14.62886
10.38762 -72.17809
-14.73799 113.27471
63.97995 -108.97871
