400
72.11419 -43.19926
26.40210 152.94725
63.59101 -27.11510
-6.72469 -169.86020
20.79506 86.71003
-34.52088 133.84017
-21.22682 52.24600
-36.99070 173.48972
43.40500 -112.40974
15.32367 68.46889
-16.48885 173.97061
-58.15120 -41.42546
-73.28960 -40.17200
55.12533 60.85133
-56.52919 38.03699
7.38257 -111.42114
60.88322 -19.34156
34.59555 -74.05121
49.38307 52.75682
-38.17658 -178.20310
-41.08243 -96.49358
-52.47427 0.52073
26.05945 63.54506
-41.48218 -138.79310
-29.19845 112.84737
13.76708 -32.10118
5.40320 -31.03926
16.10805 -60.09174
-44.92430 141.81866
8.59233 -176.24799
-28.83033 115.47259
33.42741 -39.60494
-48.36214 -3.68875
-20.82411 -156.10346
-66.16669 -44.25518
-35.81080 3.95027
30.14687 111.81517
49.98969 18.00090
-3.31781 -19.05647
-22.07075 8.35424
64.71779 160.55481
-11.90348 -34.06994
-56.60035 -58.57495
-42.37914 72.24293
72.79710 -69.81909
51.19032 63.04084
27.66029 166.23415
78.45900 137.43859
21.98181 -94.31593
37.18906 3.22759
-11.11677 -98.19668
-43.89216 15.37752
-3.77935 97.28221
20.75455 114.20992
6.28808 -77.19670
27.87628 -141.92323
-28.98632 112.03424
-49.38303 -102.84114
68.18011 -1.66242
-21.85683 -151.28282
36.61829 127.63975
-2.50523 -156.22760
45.93674 25.44906
13.04372 40.16173
33.56653 143.04588
-9.63330 -172.99781
74.86185 115.20041
-44.22081 91.71526
71.80311 -40.83241
-40.04197 -122.98989
5.46565 44.89872
39.66548 -18.46386
-64.67330 -41.99610
27.93323 -132.27715
-36.39250 67.74430
3.49236 61.30971
23.48124 89.54560
1.79516 -122.02408
-42.43484 -64.06189
0.82472 143.04408
2.31360 -1.59032
-19.45573 -174.21663
79.05196 -54.63477
-14.27452 -33.53554
-20.05023 -43.77991
6.02024 144.86666
3.59475 151.67792
1.22192 34.50563
-11.70717 145.69928
10.90263 132.77622
-41.07801 -77.38943
-54.97442 26.98257
-34.24426 -23.87068
17.97937 161.08253
-2.33205 -155.88476
17.44320 -35.71437
-66.62589 -171.87454
41.65980 133.71200
16.28204 12.98764
22.64643 -123.61602
47.99990 -128.29787
-16.28049 109.60840
-46.66521 70.15240
-57.61850 -58.75599
52.68674 -19.73675
40.24919 -118.51556
-22.43977 79.67015
58.21775 110.29981
-14.46934 10.35383
-3.97396 -150.24510
-38.17039 -19.94297
59.51305 46.15013
-54.86396 109.15285
-1.20521 175.74379
17.43096 -14.45327
-2.40977 132.85901
-6.89624 54.97946
21.36611 -9.09158
53.66263 131.36306
0.37816 54.49064
-43.01171 115.93484
21.91213 -42.48335
7.13830 91.18351
28.01254 -121.69252
-17.01241 162.19483
15.89924 72.13489
44.00261 -165.20414
-24.91059 -21.62478
-8.56560 -79.66432
-38.64864 24.78817
-29.94847 102.65645
-5.04785 107.97927
34.32677 -147.32452
-55.77490 143.63633
1.41977 49.33224
11.15958 126.32263
46.12376 136.90237
9.79330 103.28743
48.23467 -78.77652
-24.24061 88.10914
80.78732 133.26860
-24.24367 -39.45246
-58.33997 -149.64857
-62.41245 -39.53537
-69.25835 175.83701
21.56507 165.26233
15.92668 162.82689
-21.92811 26.21069
-40.18261 -27.02330
48.17655 -104.24214
-38.51606 -132.62809
-22.76963 85.51360
38.03184 67.02213
50.47380 -48.52691
-11.94795 -13.18226
3.92255 -32.78031
-1.79271 -116.18893
-22.03408 -49.27599
7.73760 15.47663
-8.54957 157.07598
22.22803 -167.27107
39.64042 52.34744
-17.43369 69.45103
-16.59505 -70.30776
21.87580 -167.73900
-31.60674 -74.01943
21.60221 96.57936
-6.78739 92.93157
-61.58790 41.93987
49.10460 -102.39919
40.03614 47.98822
-59.93349 101.42853
-21.35270 -172.90196
-16.03087 60.62880
-24.40250 -87.44579
-12.90841 54.11607
-65.60567 66.56728
-39.79316 -155.99303
67.29342 175.03777
-44.04208 -162.66153
-26.15770 -46.19298
7.47655 -143.13202
32.45186 -138.68748
-49.29089 57.41242
-59.56441 46.48852
3.65048 -27.21717
-27.45708 -110.56132
-23.79488 94.55177
5.61201 94.48277
23.61795 -153.99953
24.24122 -51.45786
-24.82428 11.55424
3.58331 175.61761
-50.85661 -54.39888
26.60334 -121.07726
-26.23200 -34.92351
-23.21629 -56.07156
70.08000 80.66817
88.45820 -8.60194
33.09357 20.44348
-56.34701 -115.42895
2.99574 15.94095
23.95623 -109.64747
-61.02966 9.10138
37.68996 -52.68745
-20.65454 108.73835
40.23788 85.32603
-21.75140 -47.63746
51.28590 -23.76549
-4.49014 144.70422
-0.78057 -55.10056
43.65110 76.69456
-23.78353 61.46303
8.29979 -68.37430
38.45868 160.78618
-19.43466 38.89030
27.86060 -71.92617
-40.77046 -139.85987
14.14498 87.47390
68.99031 -163.45221
-29.47764 40.07228
-49.96495 128.29115
-2.55240 82.29828
32.80573 105.39019
63.58657 48.73224
-28.57356 6.50581
-30.14008 91.42437
-25.03611 71.92808
-43.38684 162.13228
15.15307 130.06982
6.23802 167.32733
8.76646 50.89823
28.73705 -74.30871
-11.28690 97.92363
-69.72896 40.35594
-40.70383 -159.49911
44.29511 -57.81117
-77.69410 155.22684
39.24936 -43.55563
71.21877 -66.62216
1.30305 144.92092
39.62660 -112.05070
66.30375 48.26042
-27.67991 70.55696
52.16076 -0.12651
31.85076 70.09493
-43.67096 38.30651
-57.24056 -139.00130
-46.24385 -78.12092
46.73301 35.81527
-29.51831 66.37129
-19.17644 -154.21739
27.01843 -15.98426
54.21307 -89.81329
-17.63311 132.67761
38.53022 -174.28387
45.15741 -64.68203
-33.07590 -68.46425
-25.41698 69.63397
-54.84004 118.43703
-62.50671 -97.16826
53.59917 -155.82711
-13.76007 151.33226
-17.71015 66.34866
-41.73251 20.48853
2.67203 -151.57208
-46.05936 106.79057
24.13134 91.01296
-3.90524 -14.39586
-30.38236 70.44974
-14.24804 39.62482
33.09316 178.95081
-30.59067 15.88083
-21.07582 -82.50654
39.89095 125.19203
-45.40777 23.53643
36.42753 152.28564
-5.97243 174.56004
-0.37638 20.13792
65.02072 -13.07004
-42.93875 -113.02880
28.30161 177.89103
4.39763 13.94561
-42.40249 -38.02026
-34.84982 34.95124
18.87669 40.35712
9.45478 -16.47391
-31.13598 126.43587
-20.68241 -169.05719
-7.63938 45.78788
-83.89330 176.25668
-40.83532 167.19634
-40.62442 -101.63376
-24.23559 52.88553
-41.56351 89.81409
-22.64464 58.43403
-21.81201 117.37851
48.96436 -145.41709
15.07337 -66.79481
80.77808 57.71045
-21.55227 165.50417
53.67014 10.86987
43.26778 -114.62711
-22.49494 11.93379
45.60212 100.86973
-66.13076 -132.78061
42.86761 -113.91507
-62.49121 107.98403
74.93170 -12.98539
61.88395 -84.16939
-80.56559 -24.04823
34.90236 137.45550
-47.61364 151.71698
63.55450 160.42747
37.75440 52.20200
18.88178 170.81361
-58.34426 20.78236
16.70793 97.55632
-63.41352 -146.13032
-45.13340 170.36121
3.36268 149.79110
-4.49657 125.63034
35.16425 -70.94679
40.51353 -37.34557
19.06869 -71.79039
45.14838 -113.66764
76.35112 107.13706
-10.37517 74.51700
10.78355 73.55591
-6.95551 76.28823
-32.27886 -96.53973
26.13868 -151.69507
20.64726 -172.93188
-27.95151 5.32935
31.05803 -170.73500
-44.74338 42.27609
46.16359 10.59548
-31.25151 -28.98433
37.47037 34.89650
-33.52493 30.88500
-10.68081 -33.91681
8.46099 -93.73156
-33.09184 -149.80137
-43.38705 11.34560
45.73755 -22.88008
39.91995 170.26589
-55.00933 75.28480
-44.75110 -81.21771
-58.21410 -136.79944
35.91684 -37.72320
46.13451 -9.44079
14.40783 107.10142
-29.55327 -98.78443
33.86049 -103.89445
14.67754 -169.65684
-86.30787 47.59703
0.75916 -62.87359
25.49415 -81.89695
-28.59549 72.57076
-35.85053 74.72012
-33.20319 -82.56488
11.41376 73.97933
21.26187 -70.51734
-74.52654 86.46189
29.16924 79.59425
1.44290 -166.04791
-4.88669 111.05676
25.78612 -26.52149
-17.07598 58.06463
42.08603 76.76114
25.93684 -18.30271
-15.72851 -81.17494
-19.28289 43.27565
-48.37301 -20.50218
47.63849 166.09520
-64.03507 -129.89343
14.19223 148.43319
35.96678 59.18311
-36.84836 103.20014
-18.12348 -157.76347
28.81711 176.68979
6.17697 -106.48485
-63.78212 54.69187
5.87771 173.54173
4.54835 -140.67850
-25.42470 159.29868
-52.33642 98.13172
24.73459 -95.75565
-67.16032 102.25396
45.35729 76.41445
76.92240 101.54623
-17.57215 -55.80222
8.22876 158.25387
64.80354 -92.65165
55.18964 -134.13179
-25.09654 86.56510
-10.90587 146.12945
45.13374 -77.86236
60.99251 8.01742
-27.51334 -148.69528
