600
35.62694 -154.79889
21.79315 -176.06677
40.86270 -90.60330
46.10907 172.01380
-39.60743 -16.29853
6.63542 -145.18641
31.12531 -138.52262
-23.12959 51.48136
-67.38179 -176.26504
-34.37324 3.47748
39.65119 -54.72369
61.59776 87.86844
22.48161 -110.38317
-44.31867 -1.60246
18.07224 -41.85312
28.46647 -117.56501
20.27496 96.42355
40.84288 -170.86252
-43.42812 129.67302
5.64115 -170.90237
-16.49655 7.59941
8.12684 -159.69576
43.46070 112.84484
-24.96876 145.82775
55.42891 81.32140
-35.11523 82.77342
13.95361 92.24157
-84.11784 -78.77111
23.42883 106.01262
37.38663 38.19400
50.62079 -48.43606
-22.60063 -116.55835
50.70550 88.63762
56.73297 -51.52274
-41.51022 -143.51856
-31.37610 -147.73324
68.64648 -130.91559
18.32750 -50.26529
-37.93441 -158.46817
39.71930 -57.43938
11.92000 -128.35513
20.96175 -136.66964
53.90133 -83.15760
-11.48105 -44.71358
-29.91239 20.05798
26.67990 172.30584
-63.77458 134.63975
-54.64499 160.60309
-48.62028 -112.02842
39.15662 179.32455
70.47499 -108.05087
41.32113 -166.31474
46.88220 121.05416
-71.87369 -165.31115
28.43086 -53.82758
-32.34210 -173.25532
72.94694 -9.37192
-55.60048 -96.16199
23.02899 -123.09192
-20.71145 157.00705
-32.94482 -132.51977
-4.13924 98.03313
-43.58559 -141.73591
21.97374 75.48978
-63.64898 -55.69793
-64.59195 35.12732
-37.46388 178.51037
63.25980 18.26537
79.90540 -53.76533
-5.24620 4.67780
41.55974 -160.24230
-14.23235 40.43227
43.36438 -59.80298
-20.29504 7.65382
10.29492 129.39161
-32.98672 69.58661
-72.33924 137.11242
5.57759 48.67552
68.85387 -0.02012
56.04298 -47.70528
30.97962 106.35262
-30.12859 69.08103
9.52971 -164.77171
4.36593 -68.85781
24.52659 -89.91503
-39.66991 170.48044
51.38090 -62.26017
-47.41439 -126.87168
-12.39717 24.35477
39.49209 -54.16372
-0.08431 107.21539
38.17815 8.11953
-12.24575 -128.10978
-82.14131 159.60205
-53.07115 -77.01104
-43.39808 27.66725
-17.46011 -148.01137
-51.16970 -83.40250
-8.61671 124.75666
70.26944 1.26745
-38.87997 -152.00732
-24.92302 -177.53299
-37.87712 111.41606
21.13641 172.63519
-42.35660 119.08718
17.56977 2.32141
69.41873 14.88180
-16.98133 -72.28151
-27.91714 -125.15994
36.60312 37.64507
59.56663 156.17500
-67.67689 144.67522
-0.32730 114.95408
-49.91867 -3.15321
53.00652 59.75985
-6.42459 -30.28665
-60.09012 166.82366
68.09271 76.35931
2.71765 60.32273
-7.55430 176.88992
43.71969 -115.33064
38.13768 -176.93910
-0.25275 -133.82148
-4.58705 -31.09386
-9.31136 -143.17878
-11.88180 -27.81035
-12.46705 22.76021
-22.92291 142.11378
14.93355 102.69283
4.62076 -74.51655
3.48018 125.38243
66.95508 -167.51142
42.32045 -166.96280
-29.33718 179.46664
-7.03823 -76.10694
-0.83443 -102.63266
52.80182 159.84051
72.87928 100.27659
-26.63883 -27.41828
21.80766 -96.18837
58.97880 72.43244
-41.06290 -75.58452
-1.85603 49.23644
58.51306 -142.16054
41.35313 -51.70352
34.05242 -82.49523
15.60022 -122.86672
43.68131 103.87915
-56.66596 -133.27299
26.75242 146.02267
-16.70383 54.15555
51.46356 -130.41675
53.65256 -156.78713
-33.97524 -12.67861
65.66476 -88.76613
19.38912 120.41497
8.99618 -144.85762
-32.42749 44.23462
-7.68418 -54.76579
75.12468 -172.73046
-49.32130 3.01876
-47.36120 161.02422
6.63109 131.32268
75.07160 -22.46193
29.12059 -56.90369
-10.67834 140.83443
-0.15620 147.77356
16.64867 146.19323
67.44463 128.17932
67.52104 -101.02672
38.14692 116.64615
7.22555 -89.20628
-41.98903 42.35178
7.68399 -7.44591
64.17343 -140.98302
50.44090 115.64733
46.95237 -105.80492
-12.22943 159.57966
47.99196 17.96409
-7.27848 -171.24152
55.71914 160.02406
67.31733 176.04040
52.95877 -112.74993
23.20482 -16.85698
-40.03781 113.48226
-26.04871 66.32452
11.73870 30.54909
-7.13167 -86.96285
22.92258 -144.25681
73.80236 69.57834
54.70407 -37.68873
25.87464 35.13516
-0.80978 146.80418
-3.84854 172.43127
-10.36166 73.82594
-65.47119 2.57600
-1.41653 162.52762
27.38030 26.36070
-29.49104 107.64476
-9.16379 -80.71213
-15.65947 42.50506
-10.31872 84.76436
65.56755 -110.41177
-34.20528 -44.79593
56.37166 131.92316
-19.53750 -132.04744
-71.39439 162.20663
-32.44437 -74.74227
-0.99888 155.30741
-35.74900 129.14068
-47.51110 -143.90795
44.83901 -71.44309
-50.63320 -57.92431
11.95942 -116.19161
-18.81431 -33.32554
-52.24069 -125.14108
14.07316 130.24569
18.43587 77.88943
28.09411 50.83547
-11.56160 -56.58861
-0.22148 3.00958
76.30903 122.63373
31.02180 156.88309
-68.25735 -122.32063
40.85576 -84.20062
-26.33486 76.55822
-29.52501 94.86281
49.35831 -25.66030
-11.21021 -9.14631
-41.57466 -36.58337
-71.18140 12.59092
-34.47414 14.11554
-26.00738 -42.16933
11.01257 159.51183
-40.10427 130.35965
-5.76087 64.85140
-20.94026 46.46592
-53.52084 -62.53766
11.12561 -134.05301
79.04739 143.75967
-1.53900 -133.09751
7.06867 93.18158
69.44237 -144.49729
33.19061 -63.79143
-26.54394 88.23236
7.24641 -42.87733
15.29861 135.75382
30.38965 72.48383
66.74589 -129.67413
-6.52688 -109.72892
75.52574 -79.62617
-48.94399 -79.75310
72.04539 38.13206
7.95459 71.49335
-13.24834 35.17944
12.15167 135.79308
31.19151 -118.76417
78.66883 77.68463
-30.26403 -90.38685
-26.08368 26.18817
7.52794 68.83855
36.57377 73.53523
-14.84986 36.33995
-67.45055 118.44199
-60.69378 64.49909
69.02364 74.69184
4.43156 95.74991
-6.11014 -141.03606
-2.02371 -127.94990
59.47532 26.23131
69.55428 19.52549
-9.93125 -179.70125
-39.29175 57.68785
-37.67830 85.25161
48.01896 -83.81698
-31.17331 171.36018
16.64268 -131.22411
72.19663 76.89809
-39.84618 2.15314
22.92437 -14.62542
-55.49090 -140.91220
-80.83947 128.86530
20.82564 -39.03524
-47.05443 -116.28697
12.35835 -164.66804
-15.16650 128.00024
17.90071 -132.82502
51.30485 104.18797
30.75680 -31.87958
-13.73493 -52.81261
30.14471 172.24289
83.08242 -87.68718
49.93873 128.69122
62.67999 -30.85155
55.79642 -12.97704
-32.06653 -11.42163
-11.62696 -78.97598
57.39553 -71.73182
-52.82872 -156.18462
-0.08508 100.48070
41.13411 -154.03609
-19.55447 7.76472
-4.92336 141.61005
-15.84504 -147.90245
-66.66354 -69.46991
-36.21557 -33.88933
88.27252 45.12208
8.28273 53.84569
-49.02700 -70.46877
-18.87595 -175.44534
-36.64541 171.80357
46.62707 77.56364
65.39221 16.96645
34.09007 79.56901
6.20268 132.51426
20.70580 133.04405
-50.42264 -83.90831
37.08164 -36.19502
72.69323 67.51717
26.35737 45.63825
-28.47993 -5.90856
-51.08340 -69.12698
53.03398 -13.81856
65.48902 -77.73694
-53.83400 48.98224
39.19372 -172.99624
26.68473 176.50756
8.31966 -136.24459
-1.15764 170.38868
-67.13099 69.60758
-22.87826 -61.95082
-72.14972 -159.86803
-53.07485 -127.02174
-21.22533 90.73413
-85.40923 -109.51453
-14.75076 -97.23160
-32.25318 -130.09491
31.03168 -97.81784
-73.81371 -31.33207
-73.82792 139.79984
58.00415 -146.26575
-3.63511 15.59528
21.18933 -86.36693
-4.19142 8.66040
-33.84909 -69.62937
28.98806 -70.93099
-29.02268 -56.03438
-61.58198 -92.99239
-49.88258 14.47486
-28.49942 -148.56771
8.31788 -120.56376
72.61591 -162.03603
-38.14927 104.67201
8.50235 141.74447
-34.49250 90.11066
-19.63491 117.93506
-26.09901 -95.14083
70.49677 174.78374
-0.95247 49.26596
0.51339 -142.47379
66.21004 -80.86130
63.96855 -92.28970
-45.41183 61.00283
-48.26547 -48.04226
24.17806 55.49404
10.16819 -123.44238
-30.27860 94.75217
57.37138 1.31682
-52.17417 12.91376
-12.53039 74.57700
-56.26484 -27.54859
-58.54761 117.55925
29.92602 -169.25866
79.49013 110.89804
-0.18054 10.06217
2.70030 -1.51986
30.60100 161.29885
-46.77195 -167.66730
43.89343 -165.71143
-40.90683 171.88522
40.43640 156.62236
-5.83721 -0.61923
19.46654 134.09805
-26.00181 147.15433
87.48772 -23.24294
-23.07872 85.97570
17.54346 -79.12380
28.73835 165.17218
-44.44387 -145.85314
21.05811 -42.54792
-4.26333 40.73879
-29.61110 137.09619
47.29796 148.60489
26.79611 108.02944
28.68544 -163.92941
17.69428 9.91238
68.95968 175.65837
3.98943 -128.22516
-26.36301 -48.05155
-32.29988 150.23423
-52.82958 50.69921
1.43518 141.46221
25.65186 125.08778
-67.35757 30.49934
-31.16176 27.16693
34.66389 -132.75326
-47.76267 18.22603
11.49393 -18.70052
27.10930 160.00306
24.94962 87.57431
-26.87706 77.23655
-0.79506 -58.38679
17.28661 -12.48980
62.82912 -79.72095
-32.44019 7.86093
-10.31624 130.02936
-22.44037 -107.83032
53.25669 -120.13239
-38.36719 64.53233
6.04339 142.12552
-28.20322 -110.08143
82.35398 -80.15060
57.31723 165.15547
-60.21487 11.47853
-64.62511 37.59203
-2.10649 173.15235
18.52537 26.14743
-8.46853 -154.79597
2.46447 -62.46444
12.27380 49.24018
57.12440 72.55712
16.69695 -178.92169
2.81486 77.10128
-7.74929 -33.45250
-46.94785 -8.13263
-24.38975 23.95559
-46.38636 166.03468
7.88734 -21.37706
-73.73837 -43.11652
-15.74600 25.63647
50.72719 135.03635
2.68123 128.96995
5.77143 13.58306
21.41101 -55.26736
-13.07272 -91.94492
55.51914 -58.87812
4.82435 -70.10271
40.74056 -20.16151
40.17451 -146.87708
-36.99806 -54.44137
67.46631 -83.26902
-48.24392 96.52300
59.57060 120.12380
-51.28290 -107.93760
21.03131 -97.22775
31.65170 79.37355
14.07004 -14.13061
7.91279 -127.38229
-66.29646 27.87153
-43.71728 114.01713
47.85989 -112.58118
-28.66293 42.15765
-21.00360 76.85737
-18.94473 -154.06063
-33.86446 51.38451
-66.72005 156.46330
-25.08584 134.64594
-15.57873 -56.62242
-19.52754 -70.47160
11.34901 -30.21699
1.24823 143.97417
8.14162 5.45389
-28.32573 105.02043
-59.21524 77.39501
-61.58716 -35.45189
9.62387 2.79659
-18.56845 -64.34628
6.65393 34.60964
13.76417 22.64108
0.22443 -21.80558
-86.83685 21.42277
-43.49630 -156.73641
-3.84138 83.66617
-5.02899 -6.00457
-10.55454 -15.14119
-24.35734 74.08968
43.80663 -93.51128
-8.76663 -22.32942
-10.40947 -162.20086
4.05346 -62.85838
-10.78373 90.16232
-41.45258 75.26654
45.43961 -39.63137
2.39366 64.98081
-34.77131 -117.91704
-83.35471 123.19131
-61.57298 31.87528
66.24864 139.80368
15.50384 124.14574
26.04611 20.86414
34.77561 -9.07135
-48.09545 153.64360
61.37740 19.78470
14.86117 18.68421
-14.33879 66.46882
-23.28501 -140.54275
-31.25042 170.12556
-35.22927 154.88324
2.38934 31.24172
26.81983 60.61457
-15.17632 -72.47815
74.01458 -133.25925
28.22573 -86.75146
20.04561 47.81405
-18.69172 -115.21541
0.72856 169.60798
23.66786 131.86571
0.09846 126.32776
43.96803 -162.19628
44.41457 21.47058
15.96150 155.43843
31.25892 -137.47393
22.68998 35.76493
81.74375 48.03167
7.51378 71.06362
51.55817 125.20124
-59.28604 47.34751
24.68487 145.92549
36.37766 7.34422
32.63398 70.60764
-8.14492 -59.12163
53.37154 -162.77173
74.59411 151.32088
-52.86241 -26.00094
-26.92216 -59.31538
33.46933 78.97461
27.30778 82.00185
35.63151 175.09912
9.95187 6.02243
-59.92652 -7.13686
39.53977 145.95805
30.09520 16.79731
70.89387 18.44661
-19.63024 101.95169
-84.90479 171.34626
-20.89297 -52.72617
37.71576 28.47327
-27.92678 144.74547
-65.40049 140.84615
-6.56400 -137.59932
-4.60397 -127.92829
-46.67699 176.52812
-53.84188 -99.54886
-9.96535 -61.47658
54.67188 -145.48792
-7.94040 88.31912
58.79023 -122.94987
-48.91158 40.04892
-65.33823 53.79800
-65.24871 -88.53400
21.62785 -137.03026
22.08494 149.05206
-59.76878 30.90011
-7.65986 -143.26003
-11.66383 -33.33894
-29.17226 85.09413
-9.49123 118.39332
10.68765 36.55041
-49.16924 83.28918
-54.54441 144.04268
23.34431 -77.07896
44.87160 -57.93073
33.97177 -49.49896
-4.99760 -112.60294
41.16064 -44.50988
-7.62619 -13.53751
-36.73918 -153.52872
26.12231 11.40287
25.54711 -78.06455
-27.23558 61.50003
53.01039 -42.82456
24.13596 -149.14335
-17.75414 3.02043
-1.34240 155.01101
21.81445 -5.83475
-41.55549 127.93016
-6.49704 -112.98583
12.40851 14.80213
-76.70304 152.47609
-54.54078 162.12809
-6.69404 147.45728
-18.25587 120.36473
61.20164 -72.28138
27.56077 -137.87004
27.86524 -127.38908
11.81373 21.69575
-43.26574 -39.21518
9.02493 -50.42469
-67.78249 149.73873
-19.57659 -125.90442
