700
-37.01883 -30.59870
19.54525 -160.57379
32.24576 57.65261
8.02127 -17.04919
60.02012 112.19719
27.17308 -104.69971
73.01823 126.09306
45.36724 170.47718
15.77096 151.80731
-78.23948 150.98178
-64.27891 10.92915
-14.82297 -27.48461
-71.35801 -145.48875
32.80795 147.17065
61.93413 -81.79818
-20.44330 -120.63694
-66.49513 -25.69390
-17.63243 140.73182
36.10696 168.13112
27.16084 12.74800
64.50670 59.64590
37.48743 120.19600
54.30492 137.49473
-17.57732 -71.86183
28.62352 65.55841
1.04160 -39.78928
18.33802 -26.11802
-39.11116 91.88920
-2.89465 88.10961
-9.43425 145.41499
23.61284 49.60961
8.51694 -155.03506
32.31212 -45.19919
25.59042 -179.23238
27.59586 166.84975
-29.23711 136.42501
8.39045 -72.28097
5.08928 95.60161
-63.27831 131.82597
-58.60365 89.66381
59.06055 -92.81011
-21.11563 172.03050
39.00815 -95.44893
2.20362 76.80816
50.74664 -115.00348
16.49265 -133.06166
24.97939 118.84255
16.66261 172.18534
43.41883 59.11533
-20.79712 -92.62697
-29.33085 -112.97797
19.69844 -77.16088
7.34723 132.94014
-37.06654 54.92831
41.25284 -42.14303
74.52739 -8.92137
-18.88376 109.92500
-59.10816 -92.82242
7.04315 -3.80667
-20.14202 131.15199
62.37642 97.40047
-4.95742 45.16350
-23.16885 134.67161
-33.47512 93.15380
22.29716 24.93017
-15.73817 139.18989
37.22587 -149.83465
43.49543 161.54042
0.10228 119.76821
10.63321 68.51164
71.34761 -82.81281
-43.46681 -110.11966
28.80925 -68.70642
-48.98194 77.61930
34.38348 160.21526
8.79360 -106.27494
-38.94165 -19.10416
-60.44386 134.02533
-15.28552 -147.99924
-49.73042 -143.07996
-14.36420 160.32409
24.43280 10.72986
-14.03777 140.15981
-49.68747 93.48106
52.56987 -112.98259
81.89632 3.28733
8.08367 -169.22921
-6.60726 152.43967
51.20789 -36.31749
59.24784 32.36631
19.04652 -160.48220
-41.55886 -1.31198
-2.10878 179.77067
21.08486 158.86181
55.21232 142.42583
-10.39742 -120.64195
-82.34827 43.92022
29.94293 -11.95975
39.42602 -179.35883
-51.31424 -116.29082
-18.24665 -163.86204
-29.46753 -141.10369
-33.86770 -47.95211
-2.11269 108.33078
-24.09689 8.49914
7.45479 -117.26011
36.52103 -17.51237
7.86746 16.42782
25.00135 -12.91683
-4.06830 -48.40985
-23.43265 -115.76602
-54.93065 13.93776
-36.84660 -62.14530
59.63467 87.39829
2.76718 96.86641
58.55924 -111.85948
49.44831 -137.25424
-52.23037 119.08476
41.93987 -155.19744
53.08250 58.08957
-38.47915 129.03662
-15.08562 -64.16697
-3.94215 113.67603
40.18121 -165.79453
-5.53247 64.13442
-26.47539 -77.78297
-42.15688 -63.25762
-21.94008 43.98305
27.45287 13.87140
25.66519 55.83110
-41.24914 136.74542
25.10580 -125.25677
46.71554 3.21806
42.72613 -162.61821
53.49587 41.17347
-6.81223 142.88969
56.55387 171.30958
-40.65609 98.77117
72.65232 -1.73916
-13.73770 171.66288
-12.01017 42.01436
12.70776 -93.65056
-38.53507 148.67894
46.24396 -13.47312
27.29942 14.52621
41.00675 -26.37402
-47.20745 -85.71352
12.86716 142.71338
3.97903 -6.39783
17.61399 -88.84493
-6.87882 -32.45263
21.52034 -58.38193
-5.73300 91.30824
50.90317 5.24555
-31.98948 53.44193
27.63058 17.01261
-48.57350 -159.19196
22.53398 -89.01008
-15.53857 -89.88700
31.60517 22.36633
-19.06932 -91.83633
-24.98883 -144.63739
18.84537 -17.74150
-24.06824 1.46099
-27.15015 -1.48603
79.76920 68.26136
54.27515 -6.62934
29.26476 -7.17594
55.59234 171.29904
0.46278 79.65952
37.22055 -29.02488
-22.24787 -4.52369
10.28657 -30.02135
-41.40357 -41.48326
-26.31159 12.24837
-47.04182 146.41296
33.47287 168.00897
0.13000 -42.63399
40.79311 119.42724
-57.39920 4.46849
-32.69376 83.13258
-42.92795 -24.37339
-4.07097 80.21884
75.94056 -53.99169
-32.26527 -33.02086
18.02684 113.09536
32.39242 101.10429
0.88851 2.27984
-27.68856 -83.62659
-49.45189 -178.63272
-78.81962 -30.80416
-7.78616 46.92562
71.36093 -47.60254
-45.47092 -74.15365
-29.58386 171.27754
-8.25769 -158.67424
9.20810 91.82721
-51.28282 179.20697
49.61870 -14.23189
-30.78979 48.71006
-81.36867 121.47207
44.84438 -60.82393
9.36104 -110.79393
36.45533 -71.74458
-3.25174 -135.77153
-18.98190 -72.44034
-48.12364 -159.35307
-38.27458 -88.29467
35.71208 -115.15615
-56.84662 121.35890
-5.69891 -8.31165
-16.70576 34.48809
-73.33757 62.38202
-49.58319 -140.10027
-52.62958 -130.38140
-1.11845 -27.15678
7.53201 51.33162
-11.48553 -173.23592
35.74605 -147.48375
-50.12027 176.84319
13.90092 -15.52177
57.16180 -60.19498
52.68481 14.17550
-41.61959 -56.17603
32.23762 -150.66704
35.00994 111.58443
-29.21888 -83.41797
20.47453 -74.45448
2.97192 -94.78560
-7.24385 -119.90997
-28.30379 -64.77728
-67.70683 175.72420
-63.91277 153.90036
22.60635 10.30593
-29.81749 -4.63850
10.10830 -2.97335
6.58814 98.60447
-45.85652 -171.41990
-1.54187 0.69830
-0.04013 68.95059
71.50360 -92.10672
59.96244 -164.20228
-3.05906 -60.87614
3.06133 -130.96563
-3.73796 132.41180
-4.28105 -99.36346
-15.00881 -175.52252
10.32852 -1.77360
47.67090 -155.45073
-32.31596 -2.50101
44.32607 27.37510
1.89898 -42.52095
-53.14796 65.19021
-11.42098 152.14667
-11.08692 -13.56964
-84.69292 110.83156
-35.28705 34.19476
48.04213 150.75907
-32.77740 -170.39725
48.52534 160.06374
-21.09732 -28.15804
-30.57439 -171.78360
-15.39680 -21.15620
-13.48687 -35.51134
1.42124 86.50437
-38.51483 7.82379
-31.60553 -89.77042
-21.35067 -77.06057
78.83797 -4.72692
33.02465 4.12210
31.90858 -170.52418
-32.12042 0.97272
-44.06336 78.59137
15.24580 169.13069
52.59721 171.67852
35.42367 -114.72795
-60.14634 87.02101
-31.31937 28.06711
2.41811 173.16075
7.52989 -15.40311
-63.56580 -154.85390
16.38404 104.35243
-30.33473 114.47433
13.83729 24.57967
-23.15678 95.52232
-33.65587 171.82180
-38.39519 -11.00057
-34.80181 93.06402
-3.22823 36.70922
45.26123 77.88714
14.50363 -9.76401
-10.60143 -35.12894
-31.76362 63.85370
-27.52074 -72.72009
-25.32213 115.62740
23.33783 133.65055
62.06418 2.84677
62.43233 -34.88919
42.43263 159.12048
-29.72019 -58.13417
-56.05660 46.19379
-64.80497 -173.78785
-28.12775 89.72863
51.42072 132.17943
-47.26844 -154.63974
34.81986 15.55631
9.15843 124.64065
-19.90387 26.77652
-37.97636 -99.21046
4.22781 -41.08331
36.72289 -90.27053
53.53875 -132.38229
47.14499 -50.40882
23.14529 39.13979
-8.28344 172.67038
-39.15748 -65.84073
15.63218 -136.25365
-13.84628 -103.07070
-6.93721 174.34092
1.16482 163.27676
-48.12513 96.24160
60.70452 13.49436
65.57830 -165.25445
-73.73798 -97.93262
38.73235 109.36855
-23.98837 -22.66055
-54.31720 -148.80719
17.88395 -61.62539
-7.11461 38.80507
42.72309 -113.73275
-18.42973 -44.65637
20.60578 -163.95452
-22.05141 -104.06667
43.73366 133.43652
-48.86317 101.09571
75.94057 13.01455
57.01863 159.55989
1.87195 47.76540
14.79040 115.55365
-9.46786 14.25726
-39.43493 -22.44022
-9.71057 70.25870
54.60397 125.35029
13.52257 7.31780
-11.16215 86.99598
-36.43550 168.47057
42.99143 58.30603
-75.29244 -98.87972
-46.22623 -89.88799
-0.51739 156.01004
-8.24966 3.87476
-43.86219 63.39524
18.66581 -153.59977
70.59415 -95.43608
-77.45794 39.99441
-0.29084 153.10408
-41.79830 68.72555
11.46239 -56.87592
12.37897 37.61356
-43.92556 108.92925
40.26701 99.99049
14.41146 4.57579
48.62745 126.76291
-39.60406 64.70566
21.75664 43.44394
-48.39869 77.86039
16.63568 86.59987
2.62325 15.23597
74.15457 -9.66167
-41.34252 73.48493
-27.78210 147.82846
58.86248 36.92634
65.98492 84.47419
-8.70935 -3.40185
-21.97367 -67.95435
-28.67243 -117.33307
-21.03900 -12.26832
-22.74361 -101.09251
-41.31296 59.83279
9.97897 -23.29043
47.04573 -33.41135
52.52760 52.31359
71.52190 -6.19886
16.92969 133.96063
27.31667 35.47484
38.80480 49.31421
-8.74576 12.24844
-29.20869 115.63609
24.23511 90.09331
10.55742 -102.02911
23.66930 10.33506
24.19151 -126.45460
-75.74912 143.78041
12.93225 -151.63002
18.02776 -178.82821
41.91130 151.58602
-30.35857 10.42283
48.58872 -153.40656
-5.93289 103.91396
25.43277 119.69898
-1.56344 39.74993
8.77054 124.37823
-18.54956 44.29911
-37.41393 -150.05849
-21.82795 -133.31402
65.86737 -177.50981
-28.98419 175.77691
73.79546 -81.23650
-41.21749 -65.15655
39.88781 -78.69191
-0.06180 -9.62555
60.31995 -166.90574
-18.31698 58.24685
24.68865 -13.63617
-53.18464 -28.31260
-26.68220 -111.82929
-67.61337 -160.92366
-28.79654 -90.13979
8.77168 -21.20565
16.23641 60.41351
-32.61949 14.56116
53.05969 -29.29960
58.45731 -45.82894
-3.91709 -70.27196
42.17906 129.83143
15.11324 -14.63729
-44.38231 16.23072
69.21467 -162.70212
-51.19979 33.87021
-56.78522 112.80656
18.75966 160.89146
-46.45625 -11.67532
-39.92923 -130.49151
59.45202 35.85637
-17.90919 -36.03653
53.01782 -126.64632
35.74037 147.86000
0.32674 12.99846
-51.19544 165.85219
37.22382 85.81474
59.52984 -62.87087
-27.15194 -99.59638
32.48700 178.97389
-3.10459 117.98682
-2.06104 -61.10292
58.92851 -93.37202
64.91830 18.31535
15.53578 157.19564
-21.12086 -128.65487
7.44617 -173.68661
20.40170 30.61385
-1.37255 -61.35764
-35.04502 90.82907
29.27907 172.73410
60.22365 -19.62891
73.57937 98.20002
-32.74662 92.94035
-51.89241 146.48921
-16.81294 129.70898
-54.81241 134.44759
-29.87147 -69.53711
11.08842 141.00439
-72.23376 -95.14645
-22.59992 101.93300
-22.12188 120.74253
-51.43218 106.35522
18.55505 -94.84844
-13.31406 -122.01153
27.55258 171.58106
9.63393 94.29799
-8.95652 -82.34851
-74.13026 -20.91100
11.52476 72.74930
-8.43817 -154.33007
11.79782 151.26543
-61.03271 132.24909
-85.82973 3.60259
-35.11195 -111.90620
37.69312 99.28122
57.71265 83.44826
31.78418 31.09514
-35.52061 75.87477
-1.83735 -105.64344
-27.17235 60.24433
29.27486 -10.38627
-22.90848 -107.24122
63.55953 -93.24882
-13.91777 103.65781
15.91495 -17.87984
55.29049 -59.68054
-46.07417 -144.22690
-43.13746 -106.54636
-77.07666 -149.63925
-3.74115 -18.64161
19.16465 145.12505
-14.61901 55.62020
38.42938 178.11995
81.31769 -65.36691
-16.47339 -51.63657
14.83566 113.69147
60.18234 -111.21309
52.25553 -33.27281
39.40744 155.66100
-19.12516 -40.98006
-4.23090 -17.76399
37.19532 -10.45505
-15.73267 60.31485
-3.66863 173.40502
-39.12549 -109.31629
45.29567 -31.44031
22.26578 60.84054
16.86222 -51.51134
53.01760 -50.73908
-16.27224 -89.52426
-71.34188 -118.14650
45.14448 -6.55498
-7.23149 -42.11230
-2.89726 -3.75753
-25.07210 42.87989
9.35613 -43.48100
83.31171 -100.24168
-17.56119 -0.90551
-11.38708 -96.93600
-40.14567 -43.01255
-74.61589 -11.93684
-50.62068 -142.09487
58.84309 98.31120
-12.97786 93.36046
10.76874 -100.29080
-48.26641 3.64348
36.75796 22.01890
29.67231 -74.63303
-62.90634 106.34303
68.45184 82.59383
10.37164 153.80894
-40.10730 -39.35782
-12.57439 79.76738
-9.12728 29.04759
-71.89602 118.36933
-60.24447 -122.00821
6.67513 -104.16923
-40.17679 42.44234
72.91897 134.48994
-77.35191 -147.75731
31.66668 -5.98528
-33.13746 -163.47861
-28.96234 135.41359
21.28328 -133.87952
-26.11412 -56.93089
-41.30734 -62.89347
23.34638 -47.68803
27.78155 -80.15896
13.03564 -155.27556
-8.08963 -132.55859
-1.99356 -99.69473
57.49984 -109.03282
62.16168 -172.06730
-8.67409 -154.58560
-2.59094 -4.19239
-15.32781 -6.48879
24.40912 -96.05574
30.43663 49.53770
43.81843 44.36136
30.78793 -27.76029
13.63981 61.87640
-17.76584 -128.96050
15.15499 -119.90494
-24.50406 51.53820
-26.69800 121.57518
38.59080 -63.14743
-39.49879 30.25943
-9.32869 5.67883
38.73497 150.94285
-23.15130 161.90654
74.40635 -155.22174
-44.34672 10.21407
46.78397 -20.07893
-28.91532 -129.70889
1.98943 -122.85476
64.03898 -120.66825
-33.76431 -12.72115
-50.69002 -161.14130
68.80891 -6.13823
64.94471 -44.40884
48.56632 133.29461
-24.58269 14.82184
-58.28571 -74.81560
-35.54771 -89.96551
-17.29424 -67.99679
17.21226 -40.26800
9.78560 -116.96449
-51.25953 126.90194
24.80853 -144.93957
-55.31079 44.35202
-9.75343 124.75768
71.91316 35.76958
-24.52888 179.98551
-43.86998 -177.73264
-61.86136 -137.49401
6.94677 -112.52394
-4.47591 40.35265
-72.40081 137.87600
-19.03509 -20.80468
-56.60631 -101.91529
-65.30433 -9.69055
-62.71328 65.12199
-15.93661 -35.16102
62.95625 65.36981
-26.32828 -162.50433
47.01665 92.55098
-27.69870 80.54526
-61.07455 -126.52301
80.66195 61.78261
29.06979 132.49172
-53.58454 -86.09145
-49.64067 -105.55308
6.53490 -18.24050
-8.65588 142.76831
8.09192 142.24957
-76.38734 5.44389
6.43067 -172.31056
18.34936 -23.59830
-22.30467 109.89449
-4.70695 59.18619
-3.23980 -141.63170
-15.55762 170.93406
28.16284 57.63667
-24.09537 151.64867
40.43820 34.94365
-5.88984 -46.56218
21.61944 23.20866
17.27959 -115.08226
34.84953 -55.47026
-45.56458 -162.57359
-28.97645 -54.30050
31.42875 35.22139
-44.29718 -163.24761
-7.26755 -98.54828
60.23901 -165.86364
-52.24097 121.37867
49.21975 -70.46382
-48.76981 15.93282
-9.84000 -67.40277
-8.61629 -22.50905
-8.19386 -58.26515
20.03697 -111.54776
-69.00427 -168.27396
-31.55193 43.30721
-39.17451 -75.41652
-62.48413 -92.03652
10.26274 145.56383
-13.33270 73.29431
-39.38522 -136.98454
65.89204 2.37125
84.44524 -78.07503
-0.08914 59.13633
-23.21940 -93.26704
76.24064 38.66308
-1.72647 132.30793
-35.87779 111.31057
31.11321 175.01291
38.17310 -111.46316
-41.60304 78.01392
55.41981 -0.42221
9.45817 51.28289
10.48175 116.97578
-69.98870 170.41808
20.72179 -57.50450
60.55254 -69.65494
58.96397 73.37676
-44.10343 -97.08278
34.00793 -6.11777
3.84048 50.59172
16.47491 28.63439
-32.31179 44.62160
-13.75299 41.52149
-22.16969 -8.65804
44.14753 -70.01532
19.06572 -130.17177
19.49986 54.69338
23.42199 -28.01808
44.71927 172.21678
-46.32758 -128.14097
57.23483 71.03263
56.45745 46.97904
1.82589 -144.41309
-25.99494 -168.32755
48.67643 -15.43909
-54.39053 149.62575
43.47340 178.51887
23.32926 151.90368
-26.29667 -151.61850
43.24047 173.48579
-58.71476 -65.47845
1.76585 48.10260
21.90652 -169.78824
30.34828 152.14666
-38.38341 -36.39458
-46.82234 81.55293
33.53920 -28.80347
