800
12.31815 93.60149
17.32825 -145.08080
24.38432 -154.09149
-26.20470 153.88781
21.71104 -119.30710
52.92137 -64.21300
-37.16526 30.70875
-10.59927 -70.52701
-32.23053 119.87966
37.34157 -61.51393
-26.10049 76.58200
37.49582 -142.83767
-16.10842 179.40567
-12.57408 -64.05624
-33.05210 -121.74323
55.56772 -123.70888
-10.40344 -147.81135
47.74796 92.32616
-7.69889 -153.41077
54.55597 -163.60164
5.11925 111.69240
-67.54656 40.08775
69.45720 162.14462
-10.47818 70.44860
7.74021 49.79543
37.70378 -162.35197
22.83686 -144.47760
-15.48102 -97.45049
-29.90800 70.20659
-69.23170 -107.36402
1.61281 147.65528
42.88344 166.48823
17.16720 -179.03600
1.58997 53.05797
-24.25400 117.21806
-27.14194 60.58325
-39.75568 -13.64634
-7.87616 -118.53149
55.93027 62.12012
-20.25476 -123.23300
-29.41446 -57.26508
67.18369 120.73065
26.79877 -107.74025
16.01839 -161.67010
2.71605 109.93505
6.82164 -78.42916
-14.97236 103.04535
-37.65798 -176.23240
7.18062 -129.74092
41.18084 -4.57849
4.46215 -117.90507
0.79418 11.99299
-28.30635 144.82612
-14.78017 -84.83223
57.42296 -30.45847
27.54787 155.41258
23.37004 -130.77808
-63.01911 -89.48285
-8.39306 115.47858
-19.57466 105.29693
18.41254 -32.67929
-5.77663 -7.70613
-5.59218 51.07912
31.51144 110.81782
-20.18717 105.55827
21.14882 -116.74754
-10.47586 -118.17967
28.91669 -55.18453
-78.79836 -66.69825
27.41793 132.34549
-50.21471 -5.38332
60.45705 99.32840
16.09045 -77.60985
56.91366 147.58479
71.94202 -168.96109
58.23293 77.86351
-17.70931 -175.32075
9.38460 -140.62487
32.68896 64.02164
-20.82286 121.54536
81.53170 -145.70444
-42.12932 -47.62131
-40.59303 85.09134
23.50445 -104.18007
-55.78417 -136.05015
38.19887 -163.90578
-30.00491 83.80175
30.40712 71.75102
-13.08901 -96.98975
-66.51973 118.89634
40.85469 -68.17979
3.15935 -10.74350
7.96173 127.65112
-16.85144 158.12157
26.22684 1.86269
19.03305 91.04886
18.53297 -124.14819
-12.86880 59.48300
-35.45148 -123.47433
-30.16302 126.15092
0.08448 -175.71677
-34.22612 -104.67438
-30.03865 152.67972
-25.74202 44.02637
-8.21100 -102.08890
-2.42888 123.15837
14.71796 -49.90654
34.45954 105.13716
-43.35577 99.32629
-47.57490 -134.46476
20.02558 -27.70703
-45.38628 -116.79970
53.74210 120.75531
29.39125 177.94979
-44.59964 133.97298
-10.47140 166.56769
22.73380 -81.33213
-30.58050 161.81020
-45.29300 -10.71760
-15.63640 -60.71079
3.69296 13.40389
59.53312 48.60516
-7.64803 1.17353
-39.02150 59.50480
-1.77761 -88.55238
-43.29331 -127.75559
60.87413 -149.27544
-20.96400 -54.14767
41.63164 -74.95002
51.78204 -173.82126
38.36198 148.10841
-4.10681 -83.00212
51.50302 173.39892
-8.80443 -144.70306
-15.65477 158.45388
-12.86582 28.41204
60.72230 -177.22135
-14.99418 97.26576
20.94005 23.93996
-57.82726 79.51413
46.62318 11.59628
-64.57610 -111.71659
51.85045 -111.87856
36.28646 115.21430
14.86740 80.75594
48.79390 29.74720
15.27429 -48.56032
-14.19743 -178.45240
76.97294 120.47732
8.92081 36.28747
2.74466 -119.06082
-2.78275 13.65290
84.14112 -20.59639
6.37280 23.16970
1.68033 -164.35000
36.55228 -86.38975
20.12205 -173.52630
-44.21124 137.74522
-23.70712 -125.00821
4.68276 -142.53689
6.02445 173.30858
-6.27177 -90.29899
32.04291 -166.80567
12.59762 25.38390
36.92025 53.93162
8.82956 -4.31170
-21.93861 -161.03224
43.72437 -160.54511
46.59933 -145.58123
-65.21211 -99.65424
36.30543 -174.69591
-62.00691 80.15890
-76.87286 -102.39449
32.92725 -75.52062
12.32038 165.47976
-13.57221 177.17859
21.85739 81.82287
12.49559 115.15235
34.30569 -139.10960
26.21893 -179.82151
5.36018 6.24109
-16.54755 135.21282
-70.08286 -86.81239
-26.99616 -91.12639
-25.11185 -179.52399
-70.37994 159.86621
60.22492 171.65949
8.92628 91.52252
42.93611 -22.99638
-28.68709 -66.84379
-51.09806 -23.91960
-45.02020 58.71608
-5.20766 117.99074
39.89107 39.26142
-53.85558 -91.27086
38.49905 40.07552
20.16727 21.12679
-1.16778 -27.94677
0.90457 -136.10853
-59.82822 178.13226
17.01191 -159.56093
-24.23682 153.58778
-35.81284 -111.17608
-14.44488 -98.69323
-71.10144 -43.46622
-18.42815 -12.83324
-32.78150 -120.91277
-44.61834 -101.84707
-54.60143 -25.61970
65.47999 113.57713
32.60244 127.28466
46.05193 140.41926
58.99027 -177.31165
15.66932 -164.00893
47.14235 132.56274
48.72494 70.82753
1.08865 -27.58246
-45.60091 -64.36127
44.22407 14.19704
41.73124 50.27498
28.97008 -34.05312
45.13931 116.97632
-67.62896 -128.53209
-23.54733 9.96856
24.37497 142.86653
-24.13867 146.61063
-28.91366 98.30125
-3.39479 -123.24867
17.34365 179.57511
24.29347 156.76344
-0.10017 -142.14549
45.68619 -22.66715
39.95873 -10.02995
35.29390 -138.89997
-20.50549 -139.63664
26.83325 -70.79810
35.93430 150.74301
-39.13301 79.69785
-14.28679 135.44961
-79.47818 -5.85850
-4.38485 -51.11594
-23.05808 -61.58615
73.12692 22.74500
-26.14321 161.86018
18.45121 176.59124
-15.98792 -155.84959
-51.42429 -126.79886
-8.47015 -76.03103
34.04304 178.77266
-72.84423 104.72689
25.41818 134.37637
55.11910 -5.28881
-33.48200 92.24837
-32.30464 -127.20001
-8.94137 -62.31872
-11.64966 85.87004
19.07185 -172.84632
30.44861 -136.16649
-35.36393 109.59234
-3.54424 -66.06070
-58.31143 -125.15463
22.75736 -57.10243
-15.94517 -78.65235
27.20039 170.53533
67.16431 108.50965
-10.32098 -59.04425
60.99714 84.70925
-38.44111 -13.08508
-0.14436 118.49606
13.21403 -17.98712
6.89945 -0.57384
-62.99091 -178.35332
-49.25637 99.49488
-59.63830 -106.99023
57.71524 67.17402
-18.85267 -40.81607
-1.20338 -54.73386
0.47399 -20.76387
46.47813 -15.83164
-7.32105 -16.18080
-75.20737 -168.79560
-26.65424 79.83957
39.37348 -92.01609
-52.15449 165.44632
88.14829 -4.28732
-57.86338 -144.35664
26.77369 110.82388
4.47577 81.94007
-38.61045 105.29802
-19.99408 -151.41311
-0.07466 168.22909
39.74172 17.42930
10.47527 -0.98381
10.80130 -114.58863
18.51426 -115.76816
-42.59353 -81.27728
-1.80599 84.66953
68.51592 1.95345
8.41133 114.42557
-81.90857 143.25096
-18.48176 -113.57634
31.66655 4.65958
-58.98752 37.84721
-9.40844 52.26131
-33.42792 120.19044
-15.49645 65.00195
-42.93871 -155.84078
-55.58282 -0.29266
-28.40193 -127.95215
28.09693 93.27871
-11.96113 7.65538
61.83826 17.67178
33.84685 -117.78409
13.04008 -1.28944
-23.33998 -147.17349
22.55204 95.27449
-43.65492 171.40101
66.69500 -169.94637
53.48597 -78.83533
-23.78536 -79.08472
80.98308 -161.60823
31.48512 96.11570
-77.94235 43.30966
-56.08478 -118.12830
3.36388 169.75487
33.70748 127.67515
-4.22069 -114.12194
28.00083 12.99382
-13.15027 -92.77855
16.15920 62.92693
-14.09369 -27.36192
-20.13705 -168.04100
2.78248 -81.11159
-14.79428 176.13891
-30.62984 -48.29406
11.22739 123.26071
12.20188 89.21470
-26.75525 -166.65136
-31.94277 -97.56064
39.15650 -111.28533
-6.80494 101.38530
-15.89887 124.92212
-46.97997 -22.93250
32.73441 5.97520
9.77822 -116.37866
19.11940 47.87213
-8.68872 172.64643
70.91428 -104.76706
-42.79901 165.74916
27.32839 100.58778
-25.57160 128.31327
-19.88757 -71.17348
-47.91850 -51.87155
-15.15746 27.38338
37.88108 -10.12184
19.01850 -171.72690
-63.26502 -127.40807
-33.03652 71.46442
26.44745 25.96116
37.12769 0.33229
22.18947 -79.15772
-23.62733 101.44128
12.29979 -167.47700
-31.91902 177.45358
19.37542 31.39384
19.14111 -80.83684
-67.40215 78.44757
-48.64642 29.15512
45.55167 -32.23711
63.61645 72.39286
-5.77413 -36.79448
34.39752 -43.70657
-42.22198 -21.79297
45.55577 -117.70174
-48.17715 -145.97087
83.35665 126.85371
50.61837 174.16451
-2.55526 -34.51772
-0.78282 -74.62300
-86.96328 141.53391
54.60635 136.55493
-18.11978 105.24640
-25.87229 -146.49577
-78.29486 120.76693
-4.65884 94.19262
-20.77300 12.65273
-37.26697 103.62069
32.90211 66.10001
-28.60875 -33.96024
0.40835 -161.51030
61.31294 -20.06866
-43.33903 -30.00540
-42.32574 138.95592
-0.18446 -51.28947
7.98739 166.27298
-75.46155 -66.74034
3.20175 -154.81272
-34.72307 -178.58795
13.72900 -104.12052
-37.35459 89.16374
47.92553 28.80066
16.25480 107.29426
68.56746 -36.48956
-16.99046 29.38368
-13.07259 66.20503
-48.03541 137.73363
-13.22466 -26.67221
-16.18388 -143.77248
13.08949 69.68383
59.40108 115.04187
26.73858 -96.48765
-14.38971 84.57532
-67.77407 128.98349
-3.11122 52.44861
69.27302 -64.48612
-45.97213 6.31207
32.17127 145.98300
13.60783 -60.14719
67.77318 -106.94363
26.99552 -21.29850
-37.26588 139.20374
37.40282 21.55141
59.63562 103.18665
46.99286 -152.02245
14.26593 -137.92917
33.93224 157.57307
16.46264 6.31400
0.97976 -170.60826
23.47375 130.20486
6.55577 176.37294
-11.34130 -110.77420
15.24775 155.57106
41.85205 21.91571
-8.20722 105.16524
6.64481 -63.94043
0.60659 82.75176
-6.18655 129.68533
-7.22812 47.37399
-36.76849 14.82090
-31.24953 145.99302
71.74029 99.22190
-73.63427 31.83729
76.81943 -15.63527
-28.25350 -68.75900
8.87382 -30.26093
62.71443 -127.86593
-15.82457 106.73340
-6.71638 -25.44720
39.36136 -110.43266
59.42650 67.06815
-13.08843 144.49673
44.27319 140.76173
-0.61272 61.53434
-13.98267 93.40581
-38.53092 57.96992
-37.32460 117.02648
42.45746 -159.98870
16.77582 60.36071
19.70283 -128.45357
-70.63738 154.87804
15.21142 -26.49303
59.80325 -120.14887
26.98827 92.84973
-26.35505 -2.07338
-11.29882 -169.89944
-40.17743 56.24715
-69.98331 35.65719
-11.07039 172.59936
-47.78384 53.63373
7.92752 -141.18702
-19.46032 51.32880
-3.74936 -47.27588
60.93467 40.47817
34.44479 -26.05516
-45.36037 -22.01724
4.76263 -98.29842
18.88882 71.55146
47.20390 101.57795
80.04302 175.92137
-18.24961 -171.29790
2.97605 40.76751
-28.27369 -51.51404
0.16443 65.04696
-55.65725 126.49324
-57.01667 -5.63136
-21.47495 71.42789
-64.34692 -92.98637
-19.18673 -130.35495
46.81117 126.44117
-25.25123 -56.50270
48.29891 -18.61612
-44.87011 71.64074
-41.44124 100.35288
-9.91942 -102.26403
-50.63578 48.16715
29.24208 -11.95092
7.03776 -35.63539
-69.75489 89.46250
-56.55787 132.58112
4.18636 -153.48120
-56.63036 146.64518
19.01138 139.81079
23.07076 -68.46271
-65.74743 -100.64433
5.74509 -101.99679
-23.30507 119.63265
-1.34767 -49.49586
26.67170 -168.07319
44.12837 110.12570
76.00245 -123.49518
-78.63820 -165.84077
-22.40738 30.23657
-61.08119 -14.72671
-64.57813 133.13742
25.18785 -121.07758
-36.50837 177.28206
-40.78263 143.90969
-5.90095 -133.84282
27.27270 -112.04394
-22.00602 -108.43259
-16.77430 4.07820
61.35962 135.66290
-51.31713 130.36307
-16.20661 -134.05677
-3.38830 -94.93730
-19.21810 -49.39098
34.83639 149.27490
-60.08614 40.79543
-12.67464 152.07418
-1.82038 -63.32068
-41.41061 103.15944
10.81022 13.50566
-48.12429 61.36518
41.10236 -168.81140
54.37473 6.93325
9.21081 -157.69024
-63.40386 77.53292
-64.13526 -117.00393
-4.23280 -129.28377
-60.56555 123.12044
-23.83690 5.70349
12.02072 68.08737
75.20973 -109.46672
22.61158 -37.46631
2.63666 176.68319
-47.44900 85.76895
24.82108 -117.64608
-53.67777 -52.50451
1.65715 105.29207
52.57195 11.81238
60.79103 32.55223
-19.89511 23.15395
-47.85884 148.99773
-6.22260 156.35940
-62.30429 -53.90155
-10.08315 53.61524
65.96008 138.81527
26.87650 10.77988
54.92265 -62.18278
22.29971 75.55643
27.25311 -55.08121
39.58255 -49.97666
14.40363 57.82260
-57.45661 87.73945
42.36132 157.09175
-7.05478 16.98488
43.45296 1.79679
80.07352 66.52599
-8.15963 159.86118
3.55884 89.66246
19.36716 137.59782
75.99716 69.28838
43.84051 -8.61534
-44.36341 76.41601
-47.03647 94.06639
47.28290 33.96564
3.19461 113.37085
36.34730 89.17935
-21.21218 -167.64497
14.82302 57.16348
5.14632 17.38226
2.50101 -173.13925
9.76998 -15.29690
-9.48409 116.17130
-60.71033 -87.57603
-9.71033 -98.28648
24.31745 -36.64537
38.48856 165.26685
22.24905 71.53034
-36.41621 117.33590
27.16092 -21.38627
48.87565 133.43916
-2.12880 142.40225
-6.15345 -133.42591
-53.72734 16.90445
-17.67134 49.84342
-8.33269 39.18619
27.19932 54.95941
-56.91515 -64.72675
35.23707 -99.14346
42.48807 -92.35064
68.05154 -135.59859
42.77393 136.61575
29.27001 -55.84870
26.47309 60.35718
-37.63917 101.02510
11.96797 128.42313
-46.40776 -49.58922
44.89518 5.07541
29.98588 37.35885
25.10498 -65.37484
81.68941 -149.75543
74.85052 -82.03792
-26.96861 122.72831
45.05320 1.32629
-52.37130 133.41769
-50.91227 148.40730
-63.74167 74.35314
-33.25753 -102.98959
37.58707 -52.29769
-21.54166 174.98352
2.14974 -155.20846
4.99230 177.57244
-9.21995 -4.90242
-65.81632 136.75690
-5.19430 64.78082
-58.73465 -105.53450
6.68037 59.33444
39.94978 79.94135
-53.94467 -19.46897
40.32563 74.54867
73.97328 56.28699
-53.85100 -71.42887
-2.51751 152.47621
-19.57768 162.54967
74.81292 178.61240
-6.28005 74.18414
1.00252 99.06192
-60.20292 -164.08851
18.25815 157.14354
67.52865 110.11421
28.33808 178.76592
-48.18665 -74.13853
4.77801 147.18742
-80.77796 178.94379
-34.48302 -151.26342
11.63330 70.09201
3.42461 -111.34548
74.30263 -34.21381
2.37901 54.19297
-59.19804 126.68762
44.38475 -132.25539
-2.22957 44.30244
24.54135 110.92335
-33.73641 -86.58885
-26.95582 -145.82791
-54.34312 -124.82051
-12.39037 -113.06581
-73.33344 -159.58794
25.81787 -118.02620
-6.73018 115.55564
-33.00685 -32.76505
27.75148 48.15191
-6.14066 139.44395
-46.44923 48.19097
-62.47962 146.57262
-30.85840 76.61832
6.01327 -130.00856
-43.83628 -75.70378
-2.25958 -128.31583
29.54070 37.30488
-16.19340 40.06386
-64.05329 -85.88354
-36.96072 139.07775
-76.96817 -144.24659
6.83718 -109.50135
-84.99112 51.26512
28.49850 91.35198
48.92607 108.04744
-38.03524 -85.69482
35.15626 172.83198
-4.11852 -43.03468
54.85864 75.81833
-18.42544 -125.31833
-19.40820 -95.00746
4.23434 -160.62340
21.18880 -135.28920
-2.85247 -88.70103
27.08106 -74.71290
-54.57236 112.02963
-5.73726 -178.81558
40.46754 -54.27008
-56.01274 -136.13874
63.58497 136.78567
31.48668 38.40717
-24.93116 -16.14978
-49.74558 -164.02509
-36.67233 161.14070
-33.03463 -144.31903
34.99689 14.23592
-11.04394 128.83788
66.41809 -50.72784
19.15072 -175.99239
18.89771 66.22696
67.33517 -48.82393
-45.71801 22.75049
-29.78991 -36.06694
-8.08408 -27.97185
8.76505 -100.88715
-38.24369 -44.16626
-63.96226 155.15308
-30.43637 174.38190
26.78118 172.97510
-85.36485 -142.66789
27.73727 37.92378
-45.30177 -32.45481
6.02677 -77.35910
24.00711 62.62934
3.23906 -76.17593
-2.12868 -96.34927
21.77381 -120.30842
-59.97447 13.35833
53.72569 109.28773
35.35096 -10.93606
63.15512 117.45517
-9.72208 -38.16861
48.87372 42.06009
0.59191 31.38863
11.76677 -122.16819
-63.09776 -74.01409
21.04337 -98.71272
-52.74729 -157.67973
-38.24972 -82.98405
-17.13454 -23.95869
19.08113 149.08751
-12.41477 -166.36562
-55.15744 -21.67771
-46.88189 102.72503
48.81624 -162.84515
-37.32425 80.68265
-23.86646 13.12323
78.58980 88.36625
35.66335 106.75451
-62.18566 90.10172
6.27328 -179.98889
-18.92918 -136.58610
-31.66839 -47.12149
-39.55653 -96.56699
81.58634 82.44658
73.33733 -119.10004
39.13695 99.16278
34.30272 -145.03182
-44.74730 -74.40903
33.41784 -134.83818
21.42507 -58.06107
13.50722 175.24907
13.87084 76.88109
-60.72550 14.48584
-22.86003 -61.89905
-74.34448 -133.56467
79.32795 138.58378
-5.74817 -99.05487
33.15275 -33.65093
10.38147 112.04418
24.99109 -156.90111
7.11576 -155.35885
5.92599 53.69900
-30.69662 110.24742
-47.33255 84.20642
-52.12131 -162.38569
-7.47819 -178.02193
-10.31708 -120.72139
-15.52688 -37.79225
59.63562 -13.23811
56.21882 -120.98707
-9.33411 15.65241
-4.31985 11.18499
39.96229 -40.42801
-20.86586 65.93320
-48.09083 -26.91399
52.21115 75.72597
-29.93128 -77.41589
8.71288 57.38746
-9.74067 1.04532
-18.06174 -124.72384
36.70229 -127.31395
41.91979 159.10316
-62.87391 96.43464
20.92663 138.51117
-10.16182 83.72348
20.10525 131.80849
51.12386 35.12362
-46.53519 -52.23604
-47.00531 163.48377
8.28086 147.20747
-87.39363 116.44075
-43.88835 42.21523
-64.07442 101.32675
-11.12680 -144.58004
24.32805 -67.81638
