900
-76.22606 -142.19833
15.13771 -129.58782
16.98723 -5.83559
77.76869 -35.17518
-7.25869 9.18862
-59.43606 -23.72629
-9.47573 -64.67556
66.99896 48.46881
41.41845 87.95201
11.07763 85.99037
1.20465 142.23485
-31.78678 101.80928
23.11780 144.30009
-77.74925 84.71687
1.53514 -161.68829
-0.06472 -126.78082
33.77065 90.07121
-12.51541 43.92050
-59.00682 -114.95267
-55.80455 20.04873
-46.40050 163.73889
-27.19162 -40.02049
-69.93650 -173.20549
-3.53909 -147.24098
-12.10413 34.03245
-52.65713 75.08533
27.49006 97.16281
5.56579 73.20983
-71.21224 52.30357
17.08989 -0.14303
-20.13689 -114.29905
-51.91380 128.01152
3.19826 47.12719
-22.11343 -74.65167
45.65985 67.58637
-25.08535 -15.25850
35.10324 44.98828
-21.27058 27.33541
33.36112 -7.58573
9.27621 23.87019
9.20932 -21.72005
11.75674 69.43080
15.80033 -120.03158
30.89328 -40.14836
-42.81107 -25.12642
-2.65571 -23.79666
-69.88403 87.24815
29.43075 -164.65015
-25.93371 41.40283
-19.15134 83.46999
40.19964 -122.83217
-18.01997 101.14686
67.48008 156.71210
5.30858 135.40724
-76.91786 -18.77392
-2.22244 -40.25347
-62.00822 -11.48116
-67.54469 -86.14328
-24.49055 -125.23617
-19.00929 79.44186
-14.73208 -162.75905
-6.59702 -60.57576
11.45207 -32.51336
-23.77135 128.48184
68.49941 -173.81364
83.13235 -12.68498
-75.60420 -86.52469
16.18729 88.09053
2.08120 106.83529
47.42853 -163.82067
-28.97134 72.04617
25.33480 -51.22353
4.15265 -86.51329
25.48029 -142.44973
-41.54763 -138.13744
-26.90320 -97.99804
1.15476 28.46266
-53.51432 -55.27507
-41.01180 -83.95747
2.98369 26.17069
13.07814 -91.73297
14.16776 -105.97248
70.25369 30.02286
-26.09321 58.15880
-26.61195 -159.11771
14.28653 28.90111
59.23051 -23.16729
-60.76866 -8.93763
50.14305 -157.66200
-43.93022 -154.57362
79.09740 24.12262
50.67967 -20.17501
18.28959 75.53156
-69.97320 157.38133
3.58793 -138.70045
56.37730 -57.26033
-21.91332 67.78339
-70.83477 130.92575
11.82317 -67.58982
-12.96398 8.59265
18.42465 172.42851
-39.27110 -68.24508
-26.35241 -6.68845
-56.28146 -20.27804
7.04467 147.32307
-12.38633 3.57685
-4.99079 -82.30071
84.13538 -166.15350
11.78896 -148.43059
36.48597 139.48032
-66.55607 60.35195
-37.24745 112.46284
12.26308 -56.34407
6.81833 -91.49871
33.19055 171.07954
51.56654 84.99487
0.74949 -25.41003
-13.12151 -155.46435
-5.15081 133.76223
41.40944 -179.51115
48.68133 -102.22885
-0.91064 161.37729
-11.38643 -111.32896
5.48406 -75.19587
1.96962 118.76082
-67.76707 -177.72821
24.72528 124.70674
-19.99424 -152.27839
60.18775 -163.77145
-59.51766 -43.47361
-5.70521 159.47140
-34.57768 -40.74747
56.85853 -16.42022
-79.93799 -126.78790
41.03388 -84.26571
-19.06989 -86.06561
65.52124 -165.75228
7.70515 95.76034
-13.87067 49.61908
32.99625 -12.63463
-19.76782 -18.82181
-1.50653 -129.78262
11.29121 -12.43605
27.47455 -116.09829
3.12562 146.98567
58.05340 85.86842
-47.67196 -11.40713
-45.49743 -139.61817
-6.94196 -112.64752
0.43177 161.41987
12.44719 154.33100
-27.64096 85.68772
5.13171 -132.50102
-33.64785 41.09385
36.04423 -22.14194
46.66412 170.20790
-34.20481 172.13936
12.83578 4.50053
-32.42778 -160.12942
-21.14844 52.55990
32.45369 78.45349
11.76819 -35.96060
47.56925 44.13016
57.56813 49.30682
-20.01526 109.34928
-42.61813 -76.88477
26.16411 44.56487
63.32070 46.08572
38.90974 -102.46151
10.14796 81.03199
35.40092 39.63306
37.77816 164.84149
-7.25633 -174.76762
-14.56594 -109.55797
60.45963 -41.28885
15.21905 -152.05578
11.13102 -4.36323
25.49676 -87.06130
28.28689 -37.64644
-15.89948 -4.11150
46.63391 -70.65039
6.39926 -65.20097
10.98894 106.15638
7.01297 -128.26110
-18.35681 33.97288
-11.14791 -153.36295
-53.10644 -117.78531
17.14676 -179.23479
-9.96054 37.63383
-11.54815 44.94515
-35.12920 -17.03503
46.11760 70.50654
60.56549 -76.41597
-0.25470 152.67650
61.47767 6.18074
-37.68872 -121.17472
31.97190 -49.57362
47.68734 124.89950
-46.90113 102.01482
51.52180 -52.44555
-25.22567 -80.59393
28.28113 7.99948
41.84102 -111.55823
65.08135 -125.64188
9.47028 48.83908
-17.87617 46.77386
-19.77252 -82.47247
-51.75132 -115.39948
-12.35668 63.91675
41.05950 105.79536
-55.39492 -97.11904
-15.81933 -113.64956
42.23479 -57.00532
-44.30534 172.08241
15.11871 35.50688
-28.51429 168.81184
-5.34090 -106.49653
50.36762 44.51339
54.16816 175.87782
5.66240 -76.29322
46.75761 -52.58447
35.27088 -65.85239
-40.14993 88.76031
-7.74886 76.11315
16.97661 76.40010
37.47307 -178.36316
-28.60933 -79.97953
-27.91895 -172.04286
32.98080 93.93581
71.60680 73.43685
28.07649 140.48631
20.87336 138.94151
10.52106 -173.96026
50.45673 71.89412
-11.73324 85.36522
46.65899 -138.62285
-70.22305 -157.11844
-33.00058 -29.18440
-27.81665 -89.79907
1.96732 -80.66758
63.99367 -10.12515
20.54694 41.02999
-1.87589 106.36615
-69.16965 94.68598
44.28177 -139.22932
-28.43885 147.66428
44.05893 -78.07520
-28.28647 -150.28847
22.35486 152.99606
38.57768 -148.04520
9.18963 -118.62236
-23.10717 31.94333
-17.64768 119.30653
-60.55468 -46.54669
-6.80840 -111.06780
36.28908 60.90852
-50.24801 -19.88739
15.65796 -63.09205
-38.03620 29.58193
-60.79589 67.81487
41.15675 137.84878
-45.86364 57.57874
-16.49505 -136.14851
-58.49226 16.58199
-10.46061 130.51493
15.33084 -125.91229
15.85830 -100.81108
-61.56343 50.89040
-80.44368 -118.28096
-5.03829 -40.09633
-16.75685 169.37649
48.57577 2.32065
-55.06694 120.39839
0.64952 -23.11116
63.69178 -37.33049
50.72446 33.09580
55.61860 163.51126
32.43573 -69.59485
-36.29681 155.17596
-22.69971 -16.95849
74.09842 177.26270
55.15644 55.32670
-13.07365 61.49348
10.45707 -53.68704
23.09171 -104.09696
59.38843 -100.53509
-28.55374 -127.35167
46.62002 70.81612
53.92718 173.88682
37.28863 -20.71335
-14.65792 -13.77780
-32.50467 69.98754
62.87807 -65.82132
56.81177 -156.45717
-69.58846 12.83628
14.49305 63.79489
-71.17409 166.49228
77.05202 38.79608
-22.46790 69.73067
31.04261 -15.36392
11.27884 86.65353
-2.58987 -176.89300
49.22928 -14.03421
63.03849 -27.65681
-21.54513 35.02062
63.46281 114.44759
28.58120 -76.32221
43.67405 -27.36183
-19.63162 -156.69383
60.25096 -132.35926
80.95250 105.58128
73.53207 167.72585
22.38775 174.84064
3.33657 -41.71867
-40.41373 -107.01736
-36.97748 -103.61028
20.48196 119.05568
4.36682 123.17795
-15.77117 27.98841
-55.78685 38.55380
46.04528 -59.45807
9.93008 178.73704
-60.04329 -108.12622
-44.40590 -138.32398
-30.55259 -129.85882
-28.91703 -81.98915
41.68709 -79.43669
39.18887 87.61302
-19.33901 135.63784
-6.99839 -120.41339
-9.83871 -10.06746
73.64390 -172.12748
28.19846 -58.15652
52.93901 -141.15870
-15.41678 162.31618
-35.49541 -126.49314
-24.59075 18.86951
-68.91158 -21.06811
43.35938 49.32507
-34.93342 123.17209
23.46710 -134.78917
-22.28471 179.58554
-16.10499 -171.21528
57.95837 4.63260
32.22571 40.24669
-48.67767 -72.72631
-79.74382 -73.01316
59.01423 -110.65440
-39.55214 61.38632
68.00395 45.16553
-46.03718 -107.24821
0.72051 154.25779
11.27789 49.85666
32.26705 150.20284
11.78186 -60.23809
41.05801 -136.55789
61.68056 36.45831
45.31050 -160.19523
42.56115 14.30876
-5.68678 -108.26466
6.25714 101.69406
71.72168 -161.69323
-18.92767 -101.71692
-24.83216 -69.79850
17.02853 19.34373
-36.61430 120.46593
-7.62763 70.29527
26.93237 43.07427
27.75960 -54.81254
26.88735 71.30079
15.36078 138.58257
15.89850 -124.33948
-14.91867 -128.06012
-24.87963 127.99837
62.09935 136.01262
27.79908 11.04050
-5.45839 0.59734
17.30405 32.05708
39.26047 150.92122
-9.81563 -53.64174
63.95979 -53.47878
35.75669 158.17922
10.30114 73.20732
-14.45427 107.57323
-38.41502 152.91040
41.60551 -24.00876
70.21864 -165.00707
-25.18846 16.56392
39.18795 -158.01379
-9.72776 139.00851
-40.31188 -50.47238
12.56718 66.44381
-22.17659 134.13143
-13.31106 49.05108
-1.80899 151.37418
-37.15246 74.93330
38.10569 39.95174
6.36132 156.23065
35.31163 47.84499
20.91952 58.62849
-29.22020 17.85138
24.03792 90.21028
10.35938 -117.27823
1.32617 -151.17416
-4.62018 -94.27592
-23.56055 92.97708
1.54882 130.87866
28.83485 153.69154
-62.63992 -155.47578
-66.89440 -51.22435
64.27920 176.65026
39.35801 -23.94362
27.57278 -160.27986
-31.75148 118.53339
42.15401 -100.65965
-81.47921 124.45342
-0.59940 92.88967
72.22271 -30.15459
-17.52429 167.31839
38.92042 -103.01050
-42.21942 -96.15368
24.55509 72.40241
60.85683 -107.79776
-27.97912 126.22706
-10.28848 -45.68978
58.83677 -30.21657
-47.20399 -3.60272
-64.25261 -178.51441
-25.08780 -133.46049
-69.23404 -120.06068
-45.63542 -22.43986
-48.51807 -37.18257
-1.36034 174.32293
58.57120 174.47412
32.61134 -91.84433
-51.04582 -67.85015
-53.09622 111.51065
-14.91247 81.74951
-24.70070 -136.21039
20.94902 -153.82871
-74.28087 -98.68532
32.50590 163.27095
-36.14251 149.75556
-63.20027 104.49518
20.15020 0.58107
67.06410 -162.35983
33.29228 -164.84854
-30.11582 151.90995
-21.79242 -92.21044
-24.05666 -52.17709
-53.27445 -101.62040
-35.44253 -17.11890
33.56154 32.23961
-76.48795 14.07751
-6.53697 135.56876
-9.89667 135.85295
-6.25710 -52.91774
-39.48611 -25.76779
74.47879 -26.61611
68.49592 175.30849
-77.73641 16.55104
-27.62723 -21.30214
-8.05217 -79.15409
-30.23651 -106.07975
-0.87517 -100.54141
-30.56016 6.13907
-11.38506 166.16281
-8.84379 107.21025
3.22213 -64.31361
6.22817 -16.67204
-30.70533 -174.99388
56.21209 -73.64076
-26.85016 8.20704
-46.22269 102.21975
21.86745 164.70008
-73.54609 31.15407
-20.80461 139.50033
2.44889 -44.93789
-39.90796 -107.43848
31.89103 -66.04407
-25.01679 50.43988
-21.49203 -178.90285
2.16641 -124.26265
53.64054 -167.25786
-9.59355 -0.87644
-20.05540 -109.90300
-44.28766 -92.72392
-24.63062 -4.36772
-54.68696 -89.23781
18.95189 -53.32486
12.32693 106.99465
-46.65659 -110.17216
-20.42818 -9.65500
-16.21707 174.11355
7.20711 -48.79075
-50.40854 -79.52203
-22.11723 110.60928
-59.88068 -115.70809
37.92898 -43.20119
-6.31797 -60.65386
-32.54019 44.50344
-8.00368 -47.10562
8.56344 67.41359
30.27466 -160.30860
15.90135 173.77041
37.17219 -110.27965
12.95061 -159.30656
74.10001 -149.55141
1.34987 -30.43231
-50.36593 144.44994
-19.85914 -32.52208
71.36079 111.98448
-33.32806 21.28566
28.28507 -4.20090
-11.61772 -124.00866
5.81012 1.11911
55.03440 -30.06832
-8.92102 96.07190
-41.28381 93.03222
-65.78021 -173.38418
25.44223 108.39809
3.26849 -87.76868
39.50916 -2.33786
4.96397 134.89901
57.77535 -177.93776
6.58243 43.31292
16.66148 -159.76141
29.40779 -11.76961
-38.73168 44.43916
43.05619 -130.28484
4.51169 -175.70002
-6.88782 101.64436
-36.79301 16.38734
22.62533 -60.21663
-33.66557 -139.94243
74.65632 83.97734
25.42557 75.29845
21.03728 96.94455
53.40561 -16.93687
-60.88984 8.24908
-67.59436 115.57621
-69.77146 93.73240
77.91640 6.57661
-14.79152 72.82469
-25.65635 -0.64835
-67.92639 -24.98350
-42.54688 -10.70576
1.46828 28.87051
29.86763 -92.48497
14.37884 86.51822
-40.58666 112.79249
58.57240 126.46687
16.94507 93.27103
-4.36218 85.27740
15.30341 -8.10836
53.75107 -143.73670
70.43373 89.69784
-70.91746 176.14537
-18.54451 -120.17318
-77.62235 157.60164
30.17183 -14.10669
50.15617 -149.49102
-11.23729 71.28385
-11.41012 -156.76082
-62.64917 -107.69291
3.41060 162.93025
-62.36414 123.49852
22.63239 81.51379
9.52192 -161.85282
-29.97400 -117.52765
-44.48297 -115.06380
5.89268 132.89794
49.42787 -168.17353
84.12445 -9.07451
-25.26260 -16.64547
9.69614 57.71722
-38.12084 -113.17936
-19.33719 -51.93241
-49.31990 147.56482
-22.79428 -125.00480
47.32217 47.48566
59.42949 174.86280
-36.36973 -24.45557
49.86723 -83.24855
-29.60628 51.55333
4.51223 148.60519
-19.01019 1.52486
-10.01480 60.49921
-70.98874 -148.94254
31.11747 -85.06019
47.98936 74.19195
16.65191 139.97637
-29.59587 69.74407
37.43551 48.79616
33.84770 -90.94879
26.25072 63.91725
7.19868 -101.61313
-23.12890 -72.34854
-52.55309 8.04052
-75.24538 -85.76298
-34.82605 134.94607
53.92392 -49.07318
-18.39934 -65.96382
-10.79174 -9.78210
-11.53142 130.40490
-19.42969 136.92822
43.57500 -67.99272
-19.82753 -164.54826
-8.32931 172.65514
15.54654 -17.83328
-43.36327 148.70505
58.67675 -172.98785
70.69055 134.14156
37.38162 112.96490
12.72429 88.74403
-55.28244 12.38846
19.50133 -44.94489
20.90887 5.93797
49.67909 11.77125
11.06029 -110.03927
-57.81753 162.27759
-13.87402 73.18137
33.61265 -114.74962
-13.79156 -68.99103
13.41729 55.14551
4.99912 -41.37242
-10.45859 91.29434
39.86027 -32.97980
39.46483 124.93905
29.05953 7.62424
67.79261 125.88867
-22.01001 -132.34376
-10.74245 -87.38748
38.76962 107.52602
-10.70306 19.39984
-36.24837 -37.99658
28.65952 -48.38410
9.29371 -63.32789
-37.13428 -162.31337
-35.64837 -167.09159
-65.37835 -69.30776
-17.37268 -18.40098
42.86366 -80.87430
18.44579 -43.11610
9.69326 56.15274
31.67158 169.02093
-41.53661 -51.54202
39.99654 94.00184
33.85498 6.98891
75.90705 -159.57755
5.96685 107.81142
-21.74329 22.19491
33.82955 -134.41058
-4.70800 -140.52455
-6.08767 -95.10267
-64.83012 9.20785
50.28285 -156.37398
36.83798 95.20531
6.55448 -91.48380
-32.88251 12.63703
-48.68736 56.09837
17.00661 45.93305
-23.87605 18.28989
74.30768 -80.68988
22.71479 45.09905
2.54389 176.16945
-4.94567 -17.18144
-8.29749 157.48739
-14.83327 -81.75261
-69.34107 29.99159
-18.53966 171.69254
61.99803 86.24550
7.73655 137.64120
30.92195 -110.47889
35.87624 26.88522
28.41361 99.47581
22.64303 111.18829
14.93738 -107.28071
-54.97759 -13.73335
25.71554 133.91699
48.94825 13.68205
-57.91633 101.71385
21.02458 -80.22236
31.80054 38.33072
30.12792 123.00605
6.65030 -176.83371
-57.01608 -102.25085
-58.26844 -161.96297
-16.05108 60.94845
-18.52474 45.54038
-36.58026 -149.53483
-15.00757 43.07834
-20.08328 -85.76326
40.22439 -20.95021
-80.47531 28.71174
51.61432 137.48869
-1.81201 -120.19685
-34.99849 -1.32402
-21.16508 -10.19099
36.48104 57.27530
2.24520 45.34954
-19.23452 73.58254
67.50847 170.15442
-0.13139 -154.02450
-47.96967 -113.58643
28.21275 -122.49468
40.64173 -152.25347
-76.50384 160.54348
17.98414 118.66395
-68.94647 106.51271
-4.13867 -41.01754
-24.62042 76.54368
-66.21458 -94.83366
-35.36564 154.27112
41.91702 175.91578
84.20036 74.93156
-1.30319 -117.38737
-51.44515 -132.02277
3.03556 167.90220
31.34444 159.77722
-0.94429 133.26755
-1.78394 -99.33733
22.40952 -86.10991
-62.46013 82.62485
-46.28749 -66.66150
30.69553 -2.38507
-1.36880 23.11401
-46.96997 -14.03726
-8.11636 -164.43059
-18.33719 -97.20941
24.87960 44.91770
-57.41725 139.23915
53.08973 7.20636
-56.27725 75.41607
22.46206 -135.24365
-30.14491 -140.82825
36.93735 -19.78448
76.68624 177.94445
-46.40123 56.45650
-5.14066 111.24031
30.37200 109.78996
4.94703 -108.12490
-15.66728 137.23831
-24.03189 -136.11243
-42.88954 -62.42502
36.35034 -10.52057
29.66080 -36.26627
-21.70354 63.80364
-31.76333 14.13929
52.02064 10.03986
-36.56987 153.26303
-25.10889 79.38859
-24.58387 -161.98545
29.42294 179.49979
86.11489 2.92027
-8.74034 63.54211
24.27163 65.51581
-34.41113 -52.11309
-52.05418 -91.63233
7.65656 -159.53698
28.39569 80.21350
-51.93795 56.57708
-45.19587 -53.83577
6.24384 5.86317
-82.63500 33.17977
-58.33492 132.97481
-8.54289 -95.93920
-65.91562 -97.95210
32.56018 -137.16808
6.83755 124.43420
14.15734 -174.44732
-44.61683 16.13744
5.87401 -165.90113
1.97223 49.41017
18.10081 -60.99915
-29.05988 6.93252
-41.25605 100.27613
12.98021 -45.78262
59.29359 128.94062
5.95777 -145.74787
56.29261 -79.50367
21.07312 -53.32076
-69.25805 -58.99557
-24.45490 6.61742
50.74788 139.93833
-8.04329 -55.45756
2.59137 139.37516
41.23587 40.35381
-2.60961 14.84379
41.72952 67.72686
30.53130 -30.12391
-14.94042 12.65124
64.57954 -14.50215
59.82974 -83.18612
-6.39312 163.42784
-54.48548 42.53367
48.46696 54.10591
16.50783 176.67888
6.45591 -46.01422
51.88621 -113.84777
36.99147 30.53211
-13.87452 -164.74935
-62.28438 -95.99798
-44.19692 -8.25152
62.87701 -8.36701
5.66285 -58.32087
-34.32023 84.06311
-24.47230 -66.36407
58.82857 -39.32692
38.66247 -161.51421
25.01303 111.98187
-53.47511 -177.72234
58.68909 -138.04846
-23.34272 -107.67761
-52.42504 -132.29783
-0.13265 -165.41125
-5.72677 112.73308
20.63994 -80.58673
-62.04152 -89.69166
62.48234 -155.63424
-51.59147 122.69517
-23.12077 -179.01408
-45.48034 39.45287
10.77732 47.32529
-10.02328 87.48862
65.55493 -30.98976
-8.19111 75.58200
0.65950 -133.73491
-56.36372 30.92338
-29.24994 149.86869
18.53875 -24.01020
15.99783 171.41923
-41.01823 21.02680
-47.46393 -34.96018
27.28232 -22.02365
-20.66381 -97.44922
6.65570 89.97111
-52.05463 97.61439
-45.96145 -144.42858
-63.58933 -105.72070
33.15915 89.60048
5.06610 14.71549
-39.60484 -88.02551
-36.48540 41.20503
-8.64701 179.62927
-30.48114 7.89720
-2.65063 117.70706
24.55778 3.12733
11.79010 -23.31806
-34.27917 48.45642
-13.00560 90.09057
-66.51156 -79.56723
62.12512 -61.24590
36.43141 144.16226
-37.70649 14.51132
-14.26251 -111.39934
-9.79949 -89.77629
-40.79246 -53.34007
-42.87374 -8.81832
14.45727 54.35448
-13.30875 -12.78699
-25.55004 -113.28823
72.94797 -48.48033
31.95564 -130.67954
78.88156 -15.09402
17.25673 -100.16348
32.56814 -133.93080
-74.50256 -48.50406
49.32461 -24.72567
25.67828 -172.61332
-52.99024 44.64100
-15.93593 -125.08387
23.31295 0.24645
31.03232 31.37122
-29.75407 57.84753
48.20953 -41.76348
-12.60145 35.01086
2.48101 -19.91100
-16.97567 -16.69302
-40.27360 45.04895
-57.61240 32.74650
49.73572 -71.53499
14.72870 -75.66341
-30.52001 -42.03944
-18.60248 -138.11119
25.96821 -70.80496
19.49449 -160.37996
-16.12315 100.81037
33.74495 40.62138
28.80214 -132.65044
39.98408 -32.49195
-24.68766 -127.54334
-32.36380 -22.67106
12.84910 19.40088
31.77998 11.27552
-25.37842 109.35691
10.66834 74.98738
24.21838 80.52973
-30.50429 -28.74137
-30.18094 -7.99870
