51760397
51760397
51760397
51760397
51760397
51760397
51760397
51760397
51760397
51760397
51760397
51760397
51760397
51760397
51760397
51760397
51760397
51760397
51760397
51760397
51760397
51760397
51760397
51760397
51760397
51760397
51760397
51760397
51760397
51760397
632462412
632462412
632462412
632462412
632462412
632462412
632462412
632462412
632462412
632462412
632462412
632462412
632462412
632462412
632462412
632462412
632462412
632462412
632462412
632462412
632462412
632462412
632462412
632462412
632462412
632462412
632462412
632462412
632462412
632462412
430211663
430211663
430211663
430211663
430211663
430211663
430211663
430211663
430211663
430211663
430211663
430211663
430211663
430211663
430211663
430211663
430211663
430211663
430211663
430211663
430211663
430211663
430211663
430211663
430211663
430211663
430211663
430211663
430211663
430211663
