62308238
62308238
62308238
62308238
62308238
62308238
62308238
62308238
62308238
62308238
62308238
62308238
62308238
62308238
62308238
62308238
62308238
62308238
62308238
62308238
62308238
62308238
62308238
62308238
62308238
62308238
62308238
62308238
62308238
62308238
62308238
62308238
62308238
62308238
62308238
62308238
62308238
62308238
62308238
62308238
62308238
62308238
62308238
62308238
62308238
62308238
62308238
62308238
62308238
62308238
62308238
62308238
62308238
62308238
62308238
62308238
62308238
62308238
62308238
62308238
62308238
62308238
62308238
62308238
62308238
62308238
62308238
62308238
62308238
62308238
62308238
62308238
62308238
62308238
62308238
62308238
62308238
62308238
62308238
62308238
62308238
62308238
62308238
62308238
62308238
62308238
62308238
62308238
62308238
62308238
