Case #1: 
1 1
3 3
2 3
2 3
Case #2: 
1 9
1 9
1 9
1 9
1 9
1 9
1 9
1 9
1 9
1 9
1 9
1 9
1 9
1 9
1 9
1 9
Case #3: 
2 3
1 3
2 3
1 3
Case #4: 
2 2
1 1
Case #5: 
1 1
2 2
Case #6: 
1 3
1 3
1 3
3 3
Case #7: 
1 5
1 5
1 5
1 5
1 5
1 5
2 5
1 5
Case #8: 
2 2
1 1
Case #9: 
1 5
1 5
2 5
1 5
2 5
1 5
2 5
2 5
Case #10: 
2 2
1 1
Case #11: 
1 3
2 3
1 3
2 3
Case #12: 
2 5
2 5
2 5
1 1
2 5
2 5
2 5
2 5
Case #13: 
3 3
1 3
1 3
1 3
Case #14: 
1 9
1 9
1 9
1 9
1 9
1 9
1 9
1 9
1 9
1 9
1 9
1 9
1 9
1 9
1 9
1 9
Case #15: 
1 1
2 2
Case #16: 
1 5
1 5
3 5
1 5
1 5
2 5
1 5
1 5
Case #17: 
2 2
1 1
Case #18: 
2 2
1 1
Case #19: 
1 5
1 5
1 5
1 5
1 5
1 5
3 5
1 5
Case #20: 
3 3
1 1
2 3
2 3
Case #21: 
2 2
1 1
Case #22: 
1 1
2 2
Case #23: 
1 3
2 3
2 3
1 3
Case #24: 
1 3
1 3
2 3
2 3
Case #25: 
1 5
2 5
1 5
1 5
1 5
1 5
2 5
1 5
Case #26: 
2 3
2 3
1 1
3 3
Case #27: 
2 3
1 1
2 3
2 3
Case #28: 
1 9
1 9
1 9
1 9
1 9
1 9
1 9
1 9
1 9
1 9
1 9
1 9
1 9
1 9
1 9
1 9
Case #29: 
1 9
1 9
1 9
1 9
1 9
1 9
1 9
1 9
1 9
1 9
1 9
1 9
1 9
1 9
1 9
1 9
Case #30: 
1 3
1 3
1 3
3 3
Case #31: 
1 9
1 9
1 9
1 9
1 9
1 9
1 9
1 9
1 9
1 9
1 9
1 9
1 9
1 9
1 9
1 9
Case #32: 
2 3
1 1
2 3
3 3
Case #33: 
1 3
3 3
1 3
1 3
Case #34: 
1 9
1 9
1 9
2 9
1 9
1 9
1 9
1 9
1 9
1 9
1 9
1 9
1 9
1 9
1 9
1 9
Case #35: 
1 9
1 9
1 9
1 9
1 9
1 9
1 9
1 9
1 9
1 9
1 9
1 9
1 9
1 9
1 9
2 9
Case #36: 
1 1
2 2
Case #37: 
1 1
2 2
Case #38: 
2 3
3 3
1 1
2 3
Case #39: 
1 5
2 5
1 5
2 5
1 5
1 5
1 5
1 5
Case #40: 
2 5
1 5
1 5
1 5
5 5
1 5
1 5
1 5
Case #41: 
2 5
3 5
2 5
1 1
2 5
2 5
2 5
2 5
Case #42: 
2 3
2 3
2 3
1 1
Case #43: 
2 3
2 3
1 3
1 3
Case #44: 
1 5
3 5
1 5
1 5
2 5
1 5
1 5
2 5
Case #45: 
2 2
1 1
Case #46: 
1 1
2 2
Case #47: 
1 3
1 3
2 3
2 3
Case #48: 
1 1
2 2
Case #49: 
2 2
1 1
Case #50: 
2 5
3 5
1 1
2 5
2 5
2 5
2 5
2 5
Case #51: 
2 5
1 5
1 5
1 5
1 5
1 5
1 5
1 5
Case #52: 
1 9
1 9
1 9
1 9
1 9
1 9
1 9
1 9
1 9
1 9
1 9
1 9
1 9
1 9
1 9
1 9
Case #53: 
1 5
1 5
1 5
2 5
1 5
1 5
1 5
1 5
Case #54: 
1 5
1 5
1 5
2 5
1 5
1 5
1 5
1 5
Case #55: 
1 1
2 2
Case #56: 
2 2
1 1
Case #57: 
1 1
2 2
Case #58: 
3 5
2 5
1 5
1 5
1 5
1 5
1 5
2 5
Case #59: 
2 2
1 1
Case #60: 
2 2
1 1
Case #61: 
2 2
1 1
Case #62: 
1 1
2 3
2 3
3 3
Case #63: 
1 3
1 3
2 3
2 3
Case #64: 
3 3
2 3
1 1
2 3
Case #65: 
2 9
1 9
1 9
1 9
1 9
1 9
1 9
1 9
1 9
1 9
1 9
1 9
1 9
1 9
1 9
1 9
Case #66: 
1 5
1 5
1 5
3 5
1 5
1 5
2 5
1 5
Case #67: 
1 1
2 2
Case #68: 
1 3
3 3
1 3
1 3
Case #69: 
1 5
1 5
1 5
1 5
1 5
2 5
1 5
1 5
Case #70: 
2 2
1 1
Case #71: 
2 5
2 5
2 5
2 5
2 5
2 5
2 5
1 1
Case #72: 
1 9
1 9
1 9
1 9
1 9
1 9
1 9
1 9
1 9
1 9
1 9
1 9
1 9
1 9
1 9
1 9
Case #73: 
3 5
1 5
1 5
1 5
1 5
1 5
1 5
1 5
Case #74: 
1 1
2 2
Case #75: 
1 1
2 3
3 3
2 3
Case #76: 
2 2
1 1
Case #77: 
2 3
2 3
1 3
1 3
Case #78: 
1 9
1 9
1 9
1 9
1 9
1 9
1 9
1 9
1 9
1 9
1 9
1 9
1 9
1 9
1 9
1 9
Case #79: 
1 1
3 3
2 3
2 3
Case #80: 
2 3
2 3
1 3
1 3
Case #81: 
2 3
1 1
2 3
2 3
Case #82: 
1 3
2 3
1 3
2 3
Case #83: 
1 3
2 3
1 3
2 3
Case #84: 
2 5
1 5
1 5
1 5
3 5
1 5
1 5
1 5
Case #85: 
1 3
1 3
2 3
2 3
Case #86: 
1 5
1 5
3 5
2 5
1 5
1 5
1 5
1 5
Case #87: 
2 3
2 3
2 3
1 1
Case #88: 
1 1
2 2
Case #89: 
1 9
1 9
1 9
1 9
1 9
1 9
1 9
1 9
1 9
1 9
1 9
1 9
1 9
1 9
1 9
1 9
Case #90: 
1 5
2 5
1 5
1 5
1 5
3 5
1 5
1 5
Case #91: 
3 3
1 3
1 3
1 3
Case #92: 
1 1
2 2
Case #93: 
1 1
2 2
Case #94: 
1 9
1 9
1 9
1 9
1 9
1 9
1 9
1 9
1 9
1 9
1 9
1 9
1 9
1 9
1 9
1 9
Case #95: 
1 1
2 2
Case #96: 
2 2
1 1
Case #97: 
2 3
3 3
1 1
2 3
Case #98: 
1 1
2 2
Case #99: 
1 9
1 9
1 9
1 9
1 9
1 9
1 9
1 9
1 9
1 9
1 9
1 9
1 9
1 9
1 9
1 9
Case #100: 
1 9
1 9
1 9
1 9
1 9
1 9
1 9
1 9
1 9
1 9
1 9
1 9
1 9
1 9
1 9
1 9
Case #101: 
1 9
1 9
1 9
1 9
1 9
1 9
1 9
1 9
1 9
1 9
1 9
1 9
1 9
1 9
1 9
1 9
Case #102: 
2 3
1 1
3 3
2 3
Case #103: 
1 1
2 3
3 3
2 3
Case #104: 
1 1
2 2
Case #105: 
2 3
1 3
2 3
1 3
Case #106: 
1 1
2 2
Case #107: 
2 5
1 5
1 5
1 5
1 5
1 5
1 5
1 5
Case #108: 
1 5
3 5
1 5
1 5
1 5
1 5
1 5
1 5
Case #109: 
1 3
2 3
1 3
2 3
Case #110: 
1 5
1 5
2 5
1 5
1 5
2 5
3 5
1 5
Case #111: 
2 5
1 5
2 5
2 5
1 5
1 5
1 5
2 5
Case #112: 
1 5
3 5
1 5
1 5
1 5
1 5
2 5
2 5
Case #113: 
2 2
1 1
Case #114: 
1 5
1 5
2 5
1 5
1 5
1 5
2 5
1 5
Case #115: 
1 5
2 5
1 5
2 5
1 5
1 5
1 5
1 5
Case #116: 
1 1
2 3
3 3
2 3
Case #117: 
2 5
1 5
2 5
1 5
1 5
1 5
1 5
1 5
Case #118: 
2 3
3 3
1 1
2 3
Case #119: 
1 9
1 9
1 9
1 9
1 9
1 9
1 9
1 9
1 9
1 9
1 9
1 9
1 9
1 9
1 9
1 9
Case #120: 
1 3
2 3
1 3
2 3
Case #121: 
2 3
2 3
1 1
2 3
Case #122: 
1 5
2 5
2 5
1 5
1 5
2 5
3 5
1 5
Case #123: 
2 3
3 3
2 3
1 1
Case #124: 
2 3
2 3
1 1
3 3
Case #125: 
1 9
2 9
1 9
1 9
1 9
1 9
1 9
1 9
2 9
1 9
1 9
1 9
1 9
1 9
1 9
1 9
Case #126: 
3 3
1 1
2 3
2 3
Case #127: 
1 9
1 9
1 9
1 9
1 9
1 9
1 9
1 9
1 9
1 9
1 9
1 9
1 9
1 9
1 9
1 9
Case #128: 
1 9
1 9
1 9
1 9
1 9
1 9
1 9
1 9
1 9
1 9
1 9
1 9
1 9
1 9
1 9
1 9
Case #129: 
1 5
1 5
2 5
2 5
1 5
1 5
1 5
1 5
Case #130: 
1 5
1 5
1 5
2 5
2 5
1 5
2 5
1 5
Case #131: 
2 3
3 3
2 3
1 1
Case #132: 
1 9
1 9
1 9
1 9
1 9
1 9
1 9
1 9
1 9
1 9
1 9
1 9
1 9
1 9
1 9
1 9
Case #133: 
1 5
1 5
1 5
1 5
1 5
2 5
1 5
3 5
Case #134: 
1 1
2 2
Case #135: 
2 2
1 1
Case #136: 
2 5
2 5
2 5
1 5
1 5
1 5
2 5
2 5
Case #137: 
3 3
1 3
1 3
1 3
Case #138: 
2 2
1 1
Case #139: 
1 1
2 3
2 3
2 3
Case #140: 
1 5
2 5
1 5
1 5
1 5
1 5
5 5
1 5
Case #141: 
1 3
1 3
2 3
2 3
Case #142: 
1 5
1 5
1 5
1 5
1 5
2 5
1 5
2 5
Case #143: 
2 5
3 5
1 5
1 5
2 5
1 5
1 5
1 5
Case #144: 
1 5
3 5
1 5
1 5
1 5
2 5
1 5
1 5
Case #145: 
1 5
1 5
3 5
1 5
1 5
2 5
1 5
2 5
Case #146: 
1 1
2 2
Case #147: 
2 3
2 3
1 1
2 3
Case #148: 
1 3
1 3
3 3
1 3
Case #149: 
1 1
2 2
Case #150: 
3 3
1 3
1 3
1 3
Case #151: 
2 3
2 3
2 3
1 1
Case #152: 
1 9
1 9
2 9
1 9
1 9
1 9
1 9
1 9
1 9
1 9
1 9
1 9
1 9
1 9
1 9
1 9
Case #153: 
2 2
1 1
Case #154: 
1 1
2 2
Case #155: 
2 5
2 5
2 5
1 1
2 5
2 5
2 5
2 5
Case #156: 
1 9
1 9
1 9
1 9
1 9
1 9
1 9
1 9
1 9
1 9
1 9
1 9
1 9
1 9
1 9
2 9
Case #157: 
1 1
2 2
Case #158: 
3 3
1 1
2 3
2 3
Case #159: 
1 9
1 9
1 9
1 9
1 9
1 9
1 9
1 9
1 9
1 9
1 9
1 9
1 9
1 9
1 9
1 9
Case #160: 
2 3
1 1
3 3
2 3
Case #161: 
1 5
1 5
1 5
3 5
1 5
1 5
1 5
1 5
Case #162: 
1 9
1 9
1 9
1 9
1 9
1 9
1 9
1 9
1 9
1 9
1 9
1 9
1 9
1 9
1 9
1 9
Case #163: 
1 1
2 2
Case #164: 
1 5
2 5
2 5
1 5
1 5
2 5
1 5
1 5
Case #165: 
1 9
1 9
1 9
1 9
1 9
1 9
1 9
1 9
1 9
1 9
1 9
1 9
1 9
1 9
1 9
1 9
Case #166: 
1 9
1 9
1 9
1 9
1 9
1 9
2 9
1 9
1 9
1 9
1 9
1 9
1 9
1 9
1 9
1 9
Case #167: 
2 3
1 3
1 3
2 3
Case #168: 
2 2
1 1
Case #169: 
1 5
1 5
1 5
3 5
1 5
1 5
1 5
1 5
Case #170: 
1 9
1 9
1 9
1 9
1 9
1 9
1 9
1 9
1 9
1 9
1 9
1 9
1 9
1 9
1 9
1 9
Case #171: 
1 9
1 9
1 9
1 9
1 9
1 9
1 9
1 9
1 9
1 9
1 9
1 9
1 9
1 9
1 9
1 9
Case #172: 
2 2
1 1
Case #173: 
1 5
1 5
1 5
1 5
1 5
2 5
1 5
1 5
Case #174: 
1 5
3 5
1 5
1 5
1 5
1 5
1 5
1 5
Case #175: 
1 5
1 5
1 5
1 5
1 5
1 5
1 5
2 5
Case #176: 
1 5
1 5
1 5
1 5
1 5
2 5
1 5
1 5
Case #177: 
2 5
1 5
1 5
2 5
1 5
1 5
1 5
1 5
Case #178: 
2 5
3 5
2 5
1 5
1 5
1 5
1 5
2 5
Case #179: 
1 5
1 5
1 5
1 5
1 5
1 5
3 5
2 5
Case #180: 
2 5
1 5
1 5
1 5
1 5
1 5
1 5
1 5
Case #181: 
1 9
1 9
1 9
1 9
1 9
1 9
1 9
3 9
1 9
1 9
1 9
1 9
1 9
1 9
1 9
1 9
Case #182: 
2 3
1 1
2 3
2 3
Case #183: 
1 9
1 9
1 9
1 9
1 9
1 9
1 9
1 9
1 9
1 9
1 9
1 9
3 9
1 9
1 9
1 9
Case #184: 
2 2
1 1
Case #185: 
1 9
1 9
1 9
2 9
1 9
1 9
1 9
1 9
1 9
1 9
1 9
1 9
1 9
3 9
1 9
1 9
Case #186: 
2 2
1 1
Case #187: 
1 5
2 5
1 5
1 5
1 5
1 5
2 5
1 5
Case #188: 
1 1
2 2
Case #189: 
2 3
1 1
2 3
3 3
Case #190: 
3 3
1 3
1 3
1 3
Case #191: 
2 2
1 1
Case #192: 
1 3
2 3
1 3
2 3
Case #193: 
2 3
2 3
1 3
1 3
Case #194: 
1 3
2 3
1 3
2 3
Case #195: 
1 1
Case #196: 
1 9
1 9
1 9
1 9
1 9
1 9
1 9
1 9
1 9
1 9
1 9
1 9
1 9
1 9
1 9
1 9
Case #197: 
1 5
1 5
1 5
1 5
2 5
2 5
1 5
2 5
Case #198: 
3 3
2 3
1 1
2 3
Case #199: 
1 1
2 2
Case #200: 
1 5
1 5
1 5
1 5
1 5
1 5
2 5
1 5
Case #201: 
1 9
1 9
1 9
1 9
1 9
1 9
1 9
1 9
1 9
1 9
1 9
1 9
1 9
1 9
1 9
1 9
Case #202: 
1 9
1 9
1 9
1 9
1 9
1 9
1 9
1 9
1 9
1 9
1 9
1 9
1 9
1 9
1 9
1 9
Case #203: 
3 3
2 3
1 1
2 3
Case #204: 
2 2
1 1
Case #205: 
1 5
2 5
2 5
1 5
2 5
1 5
1 5
2 5
Case #206: 
1 5
2 5
2 5
2 5
1 5
1 5
1 5
1 5
Case #207: 
2 2
1 1
Case #208: 
2 2
1 1
Case #209: 
1 5
1 5
2 5
1 5
2 5
5 5
1 5
1 5
Case #210: 
1 5
1 5
1 5
1 5
1 5
1 5
1 5
1 5
Case #211: 
1 9
1 9
1 9
1 9
1 9
1 9
1 9
1 9
1 9
1 9
1 9
1 9
1 9
1 9
2 9
1 9
Case #212: 
2 3
1 3
2 3
1 3
Case #213: 
2 2
1 1
Case #214: 
1 3
2 3
1 3
2 3
Case #215: 
1 3
2 3
2 3
1 3
Case #216: 
1 5
1 5
1 5
1 5
1 5
3 5
2 5
1 5
Case #217: 
5 5
3 5
3 5
1 5
1 5
2 5
1 5
1 5
Case #218: 
2 3
3 3
1 1
2 3
Case #219: 
1 1
2 2
Case #220: 
1 1
2 3
2 3
3 3
Case #221: 
1 9
1 9
1 9
1 9
1 9
1 9
1 9
1 9
1 9
1 9
1 9
1 9
1 9
1 9
1 9
1 9
Case #222: 
1 1
2 2
Case #223: 
1 1
2 2
Case #224: 
1 9
1 9
1 9
1 9
1 9
1 9
1 9
1 9
1 9
1 9
1 9
1 9
1 9
1 9
1 9
1 9
Case #225: 
1 1
2 3
2 3
2 3
Case #226: 
2 2
1 1
Case #227: 
1 9
1 9
1 9
1 9
1 9
1 9
1 9
1 9
1 9
1 9
1 9
1 9
1 9
1 9
1 9
1 9
Case #228: 
1 9
1 9
1 9
1 9
1 9
1 9
1 9
1 9
1 9
1 9
1 9
1 9
1 9
1 9
1 9
1 9
Case #229: 
3 5
1 5
1 5
1 5
1 5
1 5
1 5
1 5
Case #230: 
1 1
2 2
Case #231: 
1 3
2 3
2 3
1 3
Case #232: 
2 3
1 1
2 3
2 3
Case #233: 
1 9
1 9
1 9
1 9
1 9
1 9
1 9
1 9
1 9
1 9
1 9
1 9
1 9
1 9
1 9
1 9
Case #234: 
1 3
2 3
1 3
2 3
Case #235: 
2 2
1 1
Case #236: 
2 2
1 1
Case #237: 
2 5
1 5
1 5
2 5
1 5
1 5
1 5
1 5
Case #238: 
1 1
2 2
Case #239: 
1 5
1 5
2 5
1 5
3 5
1 5
1 5
1 5
Case #240: 
1 9
1 9
1 9
1 9
1 9
1 9
1 9
1 9
1 9
1 9
1 9
1 9
1 9
1 9
1 9
1 9
Case #241: 
1 1
2 2
Case #242: 
1 5
1 5
1 5
2 5
2 5
1 5
3 5
1 5
Case #243: 
1 1
2 3
2 3
2 3
Case #244: 
2 2
1 1
Case #245: 
2 2
1 1
Case #246: 
1 9
1 9
1 9
1 9
1 9
1 9
1 9
1 9
1 9
1 9
1 9
1 9
1 9
1 9
1 9
1 9
Case #247: 
1 9
1 9
1 9
1 9
1 9
1 9
1 9
1 9
1 9
1 9
1 9
1 9
1 9
1 9
1 9
1 9
Case #248: 
1 9
1 9
1 9
1 9
1 9
1 9
1 9
1 9
1 9
1 9
1 9
2 9
1 9
1 9
1 9
1 9
Case #249: 
2 3
1 1
3 3
2 3
Case #250: 
3 3
1 1
2 3
2 3
