100
5
0 0
10 0
10 10
0 10
5 5
12
-23594 883246
333883 606661
-831023 -706318
228628 400099
-693915 27911
413348 723359
-144282 -170754
-94048 -164584
-39597 891789
-834616 -47095
-361060 -631855
-820169 209102
14
424824 -1000000
754576 -1000000
455941 -1000000
-755982 -1000000
677526 -1000000
-809976 -1000000
409075 -1000000
-706113 -1000000
760264 -1000000
-532757 -1000000
-250865 -1000000
-241770 -1000000
-382231 -1000000
-892252 -1000000
15
-256223 -390865
-777414 948051
-54438 -267962
-895479 -257312
793145 -274470
-331164 -520235
403098 -613228
-431841 -3678
-671373 491505
160707 -951397
-669284 960612
884022 -40782
-573279 -63357
-192319 -984419
-793751 -633811
5
873004 381989
-554900 -63346
-242833 950157
787191 -555121
390027 -141485
15
-304757 803063
245835 -764208
-566617 -183608
707260 676504
982495 932319
298142 -68758
-87538 914048
-95267 684967
-55631 -403369
-47115 -913919
724772 895523
765104 -527505
446159 499922
490767 -621079
692385 -212305
10
-909804 -56022
-909834 -319459
-93708 -140562
-275146 -355992
154284 231426
421628 632442
-52184 -78276
159848 239772
357060 535590
312434 901537
7
283009 352611
-720925 -490401
407653 53711
740997 45473
-404570 309056
-921159 -879619
-556483 195907
15
961420 -969315
-345023 555421
-157823 326271
420046 192359
408483 688878
579251 -430054
-434980 590584
-246597 560585
542978 120080
-557529 -201815
-431404 407099
-628367 765416
-181327 -572841
135474 -173646
-600797 -213443
15
-132462 -664288
406771 -474992
938885 350149
535471 -418682
725759 284506
583942 -914991
-859715 985828
516141 -926597
992333 658012
-561711 -237533
559219 227265
-990947 936784
256188 -836218
582422 285581
-77518 -642778
12
-546011 -219874
-596309 748221
-364043 -141444
-971854 582181
-49161 960674
-8135 960563
-821834 -58419
-837144 -285832
338732 605161
655296 -601749
721818 228151
126031 -205323
9
1000000 -573679
1000000 115328
1000000 -929321
1000000 609836
1000000 -696402
-421156 -940746
1000000 610513
-969960 352007
1000000 -402396
9
684272 -1000000
445508 -1000000
-125590 -1000000
-547803 -1000000
457452 -1000000
860124 -1000000
429338 -1000000
881908 -1000000
-936785 -1000000
15
229442 980810
-51065 -35453
496320 -16694
-856328 -967977
-893105 501645
-150381 557209
-152090 -199623
743173 986863
-84156 -635352
-628289 -952015
869792 -977822
885943 258868
794794 -434918
491733 -623202
50199 537164
10
-88995 311786
881183 -891593
-737408 -646731
-650599 953764
-6936 858754
416538 937531
-977519 -818709
913962 548132
-608231 -337742
-782467 -148761
15
-307946 -855807
-450217 -60166
21934 547211
324170 -649028
931533 -83146
342256 301080
-672144 527228
692142 504712
-850914 -864194
-13817 703514
430526 326667
448429 -44477
855946 518989
-122831 520090
743003 -873002
12
797741 -290371
-527269 224
-808517 224
-337831 224
484899 224
-196795 -323921
-702104 224
202936 224
640913 -789590
357581 224
199843 -842021
433976 -986390
1
213359 910228
12
989069 451276
250260 -166840
-887315 717423
322221 -108554
766607 -10898
-80754 53836
611178 -407452
956552 414862
619359 -353450
-217746 145164
45640 439500
87162 -58108
7
362086 -221121
-451608 -222051
-568360 772208
476548 270980
-120782 -328545
-669432 -653466
502739 -315087
15
-690119 -1000000
373829 -1000000
-788814 -1000000
169187 -1000000
-951849 -1000000
216706 -1000000
499353 -1000000
-524465 -1000000
59842 -1000000
919065 -1000000
-31454 -1000000
200593 -1000000
855546 -1000000
-539226 -1000000
249207 -1000000
15
200130 -408981
-979069 -942515
-791029 800170
-658828 -592026
-55226 282065
307490 405153
651995 618762
-299304 -500561
-340884 767760
580676 696182
490685 235988
-675846 -677443
4093 924535
-541649 624315
718108 202733
4
441630 456149
-646760 -488676
-283941 -110591
-257594 -601505
3
-844029 -50771
-192251 805491
-727614 -210212
15
-400438 44231
-394559 133289
-844164 -703335
608557 -852514
-418620 704015
403235 674978
-691611 -403032
-629313 -48136
877671 406355
204175 -451899
-567880 559446
-803504 -654506
-472346 -57116
933109 868488
-563089 -677425
12
1000000 -100054
1000000 917257
1000000 -164670
1000000 -123925
1000000 588705
1000000 857581
1000000 119889
1000000 -73854
1000000 583299
1000000 -98067
1000000 -429626
1000000 -918432
15
-755472 676749
-117014 635528
920540 800975
-335541 -961072
685686 -879202
-905926 169590
199672 134695
550093 263827
-726948 -575726
-725298 -237932
-409731 -347575
-839158 -610336
-256558 -308118
449041 153412
359121 9664
15
-522532 801603
-245949 -661957
-228516 644907
-935774 -148741
-570674 112793
668327 -186054
-19117 -966104
637793 105096
112687 -413547
246954 -267844
40657 875400
-965078 -45846
-137590 -532319
197608 71554
561301 -488777
4
-312243 -728567
261099 609231
300555 701295
148416 346304
6
-359267 176395
-656282 436284
-848659 -777813
998927 -40712
198785 413867
-655154 -769301
9
764201 23824
-458633 444608
655902 -219830
-170448 170000
882100 298444
938864 -454025
547712 -273856
-256338 307345
-321863 461338
15
-271216 -868145
-343523 -294819
-890609 524393
357096 -936512
329950 -178608
-451135 889543
522310 -239842
811491 821560
522186 962989
-693568 417937
-9195 -940141
-947369 -936217
-159473 -256438
-243323 926412
892608 321830
4
-836179 739997
643360 -507535
-550929 -826541
657567 384153
5
-38884 -960750
291154 -49276
-654474 -412788
-450801 -463410
-789307 400395
13
-198908 1000000
-218690 1000000
368705 1000000
-186529 1000000
-979115 1000000
-218264 1000000
-598049 1000000
624785 1000000
533490 1000000
-484151 1000000
344397 1000000
-211306 1000000
552905 1000000
2
-14036 -35090
192860 482150
15
910017 -975153
-640845 -280336
-136560 -29433
593350 6768
65676 -697789
247413 -798373
-732362 31708
-68774 220542
975877 -675549
-652274 -142672
989463 744827
204222 -881553
-886188 -772247
310319 138756
346227 760313
5
542486 387490
747705 534075
847812 605580
-524482 -374630
-952658 -680470
7
-488492 244246
767470 -383735
-550038 275019
-415362 207681
-67318 33659
-746166 373083
-883586 441793
14
-234451 222580
939768 941697
-433015 -791528
-373799 -274948
346717 -441356
141923 -35803
-158667 232305
829797 -691138
161735 -959965
-585520 -540671
-519237 898332
825250 2474
816618 537223
-785876 636661
5
339353 656071
-866328 637824
-108760 -186744
143998 675778
-787394 507133
5
-312561 -764726
-889876 -907135
-691970 -207591
976775 147390
374660 112398
15
484211 -822798
-458975 -407350
-401487 4734
-40918 -624391
140462 -549993
486814 -521764
919346 -627435
957380 448675
82019 201594
-582115 938325
1061 -429746
-647496 -789340
870323 243750
-419962 450319
509805 44489
3
556458 -370972
251670 -167780
825588 -550392
14
-482008 -328822
-545154 -328822
-593001 -328822
117972 -328822
996877 -328822
-384246 -328822
-54173 -328822
-562466 -328822
620357 -328822
175070 -328822
722393 -328822
790309 -328822
141344 -328822
906303 -328822
5
442602 -244480
442602 385583
442602 -278162
442602 920215
442602 709594
8
-12570 895348
817684 682616
-180791 -458594
125914 -290034
41364 -574457
500660 863352
839664 412205
-175077 743183
15
-872422 222411
597814 -137606
748423 -357355
-79217 -721582
-793266 11422
572505 -942043
-195504 -451890
-247281 -390013
-253946 -334297
216656 107936
342432 -853930
-56035 130757
-597960 -456520
236292 755353
52531 -192404
11
279054 553389
889661 921161
-563718 281859
414210 -207105
417201 214622
-684198 342099
736146 -368073
-444047 866627
937672 124060
620256 -310128
508705 480799
15
593675 114133
-787104 -724887
542675 41625
-144130 919427
32672 -389801
-204778 -398801
-634903 -279064
-150086 -833490
-860466 -549597
-950199 -707931
575287 172348
-730874 377744
-90848 454626
432198 803589
673503 425152
8
886337 478482
-610180 178998
-420066 178998
761149 178998
459888 371406
700198 478661
735804 178998
519363 178998
9
749823 -1000000
197698 -1000000
-795140 -1000000
-600482 -1000000
22355 -1000000
322243 -1000000
-988898 -1000000
-694811 -1000000
-528729 -1000000
5
29107 -324641
167834 932615
-794322 -680547
-325519 -390721
162509 717729
3
823297 239732
-264279 -266363
-909259 -903126
6
769430 -307772
-188435 75374
-201673 135298
33585 -13434
401930 -160772
-777285 310914
15
526147 -161215
108990 -43632
-405473 324862
-947119 85923
-573564 -189899
807563 -909668
748769 -129437
-978791 735774
928999 -543092
-427552 114172
-255356 866136
201314 -579489
788481 836577
316677 -999899
-679810 -550125
15
-737572 201931
-77694 -105078
-412352 814164
-400384 45795
49812 765692
-804197 -470497
337110 115834
397095 -729569
-58640 -768736
-472492 225323
-421874 440690
-777457 615696
-728468 -645508
-539807 -275964
-670369 815407
1
-219972 -373905
8
667805 -1000000
348219 184669
912825 -1000000
353150 600240
349346 542943
407990 518810
735371 -1000000
-819930 486945
15
-120893 182990
194174 -295308
870280 210680
-198186 168975
576623 -704409
51836 -216561
99607 -857739
906305 -977382
-720178 -349926
-254623 -571549
-114032 665291
184500 -147784
-386162 -47670
-499619 746448
-854710 528131
11
617994 -205998
439908 -146636
536526 -178842
216744 -72248
524184 -174728
973212 -324404
-280920 93640
-216408 72136
525852 -175284
164322 -54774
-121752 40584
15
813972 -809271
439660 -199947
-165348 -834932
-452219 931334
513438 446156
211727 407151
992424 -794802
87888 756209
-856709 872889
-940037 -460650
819418 -781393
-277685 -184732
-880396 -693318
624992 -301822
990680 -714357
14
884292 -807143
23638 862184
-923682 -807143
323247 -807143
-895040 -21228
-951776 349499
577011 -722770
-13137 -156804
-45725 130875
760449 -807143
798071 -807143
478357 782857
-284280 -807143
469804 -807143
14
972936 324312
607866 202622
-205584 -68528
-414390 -138130
-607923 -202641
-844989 -281663
941343 313781
715428 238476
137712 45904
-149115 -49705
-725850 -241950
953892 317964
446331 148777
485673 161891
15
944317 720661
75289 425366
276499 846448
-81353 -869887
-550584 234095
-66374 -179466
906002 337602
832548 810237
-142633 873128
737174 553859
-606963 -735127
-208012 414250
330742 458603
932681 -370503
-467175 915232
10
-109725 -1000000
908215 92943
872860 143617
760479 847661
-163934 46544
-640699 -1000000
365425 -771364
-467692 -1000000
572589 -87107
959337 -1000000
8
-559077 724432
-448970 -686608
833779 -421276
560636 75612
453931 -137672
748725 -610350
434943 888047
325340 829219
6
904037 -1000000
239947 734523
-186551 750165
-195208 591745
-435907 -1000000
81871 -1000000
13
-808471 -376416
-624584 -52014
798057 -52014
-283326 -52014
-833045 -52014
-625011 -52014
995701 -274188
-323359 -296968
-28926 -52014
-209781 -552404
-949897 -605813
-227167 -52014
-972473 -964780
13
685143 1000000
731311 1000000
878081 -497191
-920112 -531058
861867 1000000
928077 -642724
821072 1000000
-401973 710630
-853987 1000000
352166 -900739
189338 1000000
440944 -673694
-168160 1000000
2
1000000 -972078
1000000 -559998
15
-184420 160829
249690 -926296
-378307 637739
876350 -424216
-807865 -87166
879208 -278083
-841600 63317
863495 522674
-720023 -479099
246427 429963
549264 830126
-546298 508767
37877 822898
-108877 -239195
353568 876560
15
276714 -992099
634187 -132806
-800893 145844
-113871 -393140
213869 15685
810955 570898
-709908 -554718
704923 -698254
-852304 -611490
-818739 -558917
-847849 139230
-615074 -302494
359873 962521
170210 -976552
368432 528059
15
304926 -252423
-416972 773360
111858 855403
-458469 -404755
441308 747051
-667838 189932
-875037 627374
429922 -379253
-352054 717890
-661318 -772592
-596573 -197122
-747922 -796064
418649 649310
635386 360756
-336466 588817
12
937683 -708263
-270622 -708263
-112599 -708263
283135 -708263
240767 -708263
674088 -708263
-276939 -708263
-632178 -708263
-219326 -708263
-900971 -708263
417239 -708263
-246497 -708263
11
351286 896202
6195 362307
894576 -745480
906228 -33365
57508 789509
22331 700161
219046 326582
-899412 749510
-744298 647262
401646 -334705
969212 -117182
4
-712673 618061
794231 -1000000
-943744 -1000000
-933542 -1000000
15
-943645 -705258
-564169 -875025
-456130 -773106
127339 -174024
148739 -736062
-380045 -811054
-733111 -151695
-543419 -579746
-571027 -879352
726067 -520213
-87788 548447
-914458 927606
717940 -297235
-367392 399198
-451871 -474841
10
-742584 948937
27690 948937
-412131 948937
613835 948937
-470769 948937
-473706 948937
-866010 948937
-769874 948937
-549614 948937
319623 948937
3
-866412 -288804
894408 298136
315813 67874
15
-522104 852268
214526 734152
-795955 426871
848851 -828769
781135 991730
-414791 -642145
833392 -905357
-202878 -194175
61817 -844524
857202 -692922
-516068 981861
336388 692715
104125 294575
686754 -883819
878402 -520462
15
-51985 595802
-245645 -78246
547990 -421238
-766343 -294533
-915712 931111
435193 -795977
-895881 170620
-764324 154355
661115 -241706
-77556 148981
162301 41059
14480 -752673
-479118 -156267
102041 -669398
948095 -985172
12
939994 870357
1000000 -814257
-756054 636849
-287469 -772748
21158 800858
1000000 -349881
585220 -569529
1000000 495456
1000000 -916752
532346 632334
1000000 957712
-428714 527298
1
688008 -563825
10
76960 829625
987193 853674
-826358 -53189
856755 -852362
399789 853674
560438 -411482
-10788 290892
-672525 -175688
698920 853674
-358620 361846
7
-12296 491025
-991154 -336017
-526925 330496
752187 -871816
-303980 -230964
-291240 910552
-600964 685236
15
-459600 318532
894865 571864
-181748 171573
841544 571864
654472 -230233
698554 571864
32130 -407014
466016 376782
-69973 252293
-402810 -613639
-495299 571864
-855773 571864
144055 571864
-793476 571864
-394783 -201457
5
55419 1000000
-266216 1000000
-325618 1000000
170881 -291806
-614299 -985044
10
8397 337232
371004 -645481
8397 400228
221546 123554
8397 679125
8397 -899572
8397 162636
62116 -706069
8397 -460475
8397 244992
2
-934835 -949376
-512372 -768002
7
-306104 -641185
-238023 -954176
-833479 -818312
-537110 255881
77685 708252
229024 -292058
-475668 -154976
15
17909 -474576
539444 901546
-694599 408538
-48939 926388
226693 -845327
402962 -951176
536338 -274088
434811 -116265
219833 -560793
642724 401590
987840 -442131
-461669 -852624
338152 464477
846850 187136
-125686 -366474
4
637748 -284625
5907 -284625
542650 -284625
-203278 -284625
2
-297995 1000000
-244388 1000000
3
258164 728188
935994 728188
279668 728188
12
-416672 -514360
6780 583259
-734400 -648743
271626 -697576
266082 -330022
-353369 -176362
98630 237234
-301936 24814
644382 411121
-846869 -992438
749245 825269
276446 -201941
9
-50293 133614
-950130 133614
89615 133614
619174 133614
72294 133614
-776375 133614
305994 133614
431195 133614
-38424 133614
8
493506 361930
272461 313401
-661973 444865
-880473 -544310
-378469 -251813
-424557 2675
760028 -376747
809853 570267
12
-615832 307916
42820 -21410
553650 -276825
291502 -145751
530686 -265343
212074 -106037
147066 -73533
493146 -246573
696612 -348306
-449262 224631
503984 -251992
-782594 391297
8
412430 676169
831933 79487
-99917 83643
451907 854524
355875 497214
-360404 -586943
34159 -862242
796553 465584
