100
92 64 1 74
21 21 80 88
88 30 83 88
63 42 45 67
74 86 1 55
65 33 18 36
24 84 22 55
25 84 44 50
84 7 78 89
10 79 95 98
30 15 32 57
60 6 16 37
15 38 17 53
83 99 15 65
50 53 13 21
35 93 24 47
86 65 44 98
19 1 11 91
49 49 49 73
99 63 24 51
37 54 7 81
9 38 51 87
31 43 31 40
55 71 28 67
23 18 7 40
13 72 20 25
55 4 82 96
64 88 1 43
27 68 14 82
25 58 68 89
63 4 36 80
94 54 9 81
58 61 15 75
16 98 38 41
52 96 3 28
60 73 9 83
30 86 9 67
92 53 4 60
24 61 28 50
34 14 19 46
81 8 34 49
52 52 8 78
43 95 22 27
78 25 60 93
49 42 4 94
67 98 27 58
49 4 22 24
60 54 72 95
4 2 2 74
23 85 8 19
32 18 0 89
24 70 2 39
54 73 15 88
20 57 36 41
71 94 18 90
56 27 44 67
2 53 7 34
94 28 92 95
40 67 16 31
43 18 21 93
35 89 57 74
73 17 12 36
67 92 38 95
10 25 30 48
79 37 76 88
94 41 69 76
85 56 7 34
68 69 57 92
20 71 21 47
36 67 54 67
83 26 1 64
16 62 5 96
72 86 15 94
12 36 37 58
18 45 55 84
27 88 21 59
45 21 17 30
1 2 35 74
71 74 16 32
73 76 2 83
80 90 33 73
36 89 8 77
83 32 19 93
44 96 4 62
61 13 27 28
75 27 16 36
74 88 74 75
36 69 62 98
37 63 19 44
69 45 1 95
92 80 17 79
43 74 73 82
69 92 41 94
50 77 16 26
0 4 8 73
92 66 5 79
46 49 18 26
77 39 16 28
64 61 35 71
82 13 54 79
