20
28 47 2 3 5 7 11 13 17 19 23 29 31 37 41 43 47 53 59 61 67 71 73 79 83 89 97 101 103 107 109 113 127 131 137 139 149 151 157 163 167 173 179 181 191 193 197 199 211 223 227 229 233 239 241 251 257 263 269 271 277 281 283 293 307 311 313 317 331 337 347 349 353 359 367 373 379 383 389 397 401 409 419 421 431 433 439 443 449 457 461 463 467 479 487 491
2 2 118 80 400 316
34 47 2 3 5 7 11 13 17 19 23 29 31 37 41 43 47 53 59 61 67 71 73 79 83 89 97 101 103 107 109 113 127 131 137 139 149 151 157 163 167 173 179 181 191 193 197 199 211 223 227 229 233 239 241 251 257 263 269 271 277 281 283 293 307 311 313 317 331 337 347 349 353 359 367 373 379 383 389 397 401 409 419 421 431 433 439 443 449 457 461 463 467 479 487 491
29 47 2 3 5 7 11 13 17 19 23 29 31 37 41 43 47 53 59 61 67 71 73 79 83 89 97 101 103 107 109 113 127 131 137 139 149 151 157 163 167 173 179 181 191 193 197 199 211 223 227 229 233 239 241 251 257 263 269 271 277 281 283 293 307 311 313 317 331 337 347 349 353 359 367 373 379 383 389 397 401 409 419 421 431 433 439 443 449 457 461 463 467 479 487 491
4 5 244 132 65 46 12 11 129 81 487 342
18 21 405 71 319 382 291 211 391 67 470 66 308 175 87 18 91 114 265 323 421 480 224 447 237 461 453 485 63 230 117 118 100 82 423 197 347 408 45 434 353 458 324 226
6 6 190 53 276 154 394 317 428 353 245 116 351 155
23 47 2 3 5 7 11 13 17 19 23 29 31 37 41 43 47 53 59 61 67 71 73 79 83 89 97 101 103 107 109 113 127 131 137 139 149 151 157 163 167 173 179 181 191 193 197 199 211 223 227 229 233 239 241 251 257 263 269 271 277 281 283 293 307 311 313 317 331 337 347 349 353 359 367 373 379 383 389 397 401 409 419 421 431 433 439 443 449 457 461 463 467 479 487 491
26 47 2 3 5 7 11 13 17 19 23 29 31 37 41 43 47 53 59 61 67 71 73 79 83 89 97 101 103 107 109 113 127 131 137 139 149 151 157 163 167 173 179 181 191 193 197 199 211 223 227 229 233 239 241 251 257 263 269 271 277 281 283 293 307 311 313 317 331 337 347 349 353 359 367 373 379 383 389 397 401 409 419 421 431 433 439 443 449 457 461 463 467 479 487 491
27 47 2 3 5 7 11 13 17 19 23 29 31 37 41 43 47 53 59 61 67 71 73 79 83 89 97 101 103 107 109 113 127 131 137 139 149 151 157 163 167 173 179 181 191 193 197 199 211 223 227 229 233 239 241 251 257 263 269 271 277 281 283 293 307 311 313 317 331 337 347 349 353 359 367 373 379 383 389 397 401 409 419 421 431 433 439 443 449 457 461 463 467 479 487 491
2 25 222 384 433 221 157 460 194 418 128 87 139 220 163 467 163 364 60 350 294 386 346 274 202 53 466 19 453 484 400 166 377 351 28 101 335 485 412 269 48 381 409 407 339 82 468 419 255 17 223 446
32 47 2 3 5 7 11 13 17 19 23 29 31 37 41 43 47 53 59 61 67 71 73 79 83 89 97 101 103 107 109 113 127 131 137 139 149 151 157 163 167 173 179 181 191 193 197 199 211 223 227 229 233 239 241 251 257 263 269 271 277 281 283 293 307 311 313 317 331 337 347 349 353 359 367 373 379 383 389 397 401 409 419 421 431 433 439 443 449 457 461 463 467 479 487 491
25 31 165 478 88 167 262 30 476 478 475 384 267 14 362 342 377 253 472 447 9 145 334 156 49 125 452 244 262 193 340 162 233 105 326 5 221 205 360 344 371 248 217 27 146 43 243 311 86 490 486 262 288 274 331 384 236 294 47 22 489 488 411 152
2 12 158 154 257 190 260 17 18 18 128 125 351 261 436 259 354 287 116 65 64 20 159 103 131 34
10 13 425 166 275 107 382 87 458 332 392 110 82 78 21 17 164 30 473 398 238 74 261 138 258 176 342 68
28 35 397 366 431 178 453 471 170 194 368 105 12 361 59 34 64 356 44 288 251 156 189 111 181 475 106 145 181 29 328 166 131 241 500 434 141 478 314 265 61 342 486 65 331 250 14 467 16 196 61 448 476 94 211 378 170 248 56 452 186 386 272 398 143 308 374 395 487 123 463 489
17 30 413 176 113 488 431 73 89 320 236 61 444 144 276 65 322 263 201 473 4 123 28 389 399 359 487 67 160 447 111 133 174 132 384 359 91 39 158 335 63 89 210 473 134 453 271 451 91 474 438 94 136 397 316 231 454 23 40 400 427 415
21 47 2 3 5 7 11 13 17 19 23 29 31 37 41 43 47 53 59 61 67 71 73 79 83 89 97 101 103 107 109 113 127 131 137 139 149 151 157 163 167 173 179 181 191 193 197 199 211 223 227 229 233 239 241 251 257 263 269 271 277 281 283 293 307 311 313 317 331 337 347 349 353 359 367 373 379 383 389 397 401 409 419 421 431 433 439 443 449 457 461 463 467 479 487 491
3 5 10 2 5 3 10 4 3 3 9 7
10 17 457 205 387 79 213 15 358 5 249 159 500 417 60 23 419 333 240 222 54 47 366 38 11 9 171 134 448 91 151 89 466 156 33 30
