100
3 8
5 6 9 4 8 2 1 7
3 1
2
3 10
2 4 8 16 32 64 100 100 100 100
3 10
1 4 4 4 4 4 4 4 4 4
100 1
100
3 5
11 20 60 22 100
2 10
100 100 100 100 100 100 100 100 100 100
3 5
100 100 100 100 100
3 4
1 6 12 49
2 6
9 64 19 16 81 80
1 10
100 100 100 100 100 100 100 100 100 100
1 10
1 1 1 1 1 1 1 1 1 1
10 8
68 96 71 17 1 38 97 16
24 4
2 42 79 60
1 6
44 1 28 10 34 6
1 1
62
8 7
23 1 94 35 45 13 92
8 6
16 14 3 6 85 42
3 6
77 58 40 78 85 1
15 3
81 69 8
6 1
1
9 4
5 3 80 1
18 8
80 4 65 81 11 1 99 2
1 6
28 52 1 14 1 66
7 9
30 34 7 12 41 15 5 12 53
1 5
19 37 31 17 3
1 3
12 60 5
2 3
5 10 22
1 5
40 8 68 11 3
17 4
11 95 35 41
18 2
2 70
1 1
83
3 6
76 27 8 3 5 22
1 7
4 90 28 11 73 5 1
22 2
63 39
14 1
91
19 9
9 3 80 9 64 31 59 30 82
16 6
72 35 86 5 20 7
21 6
31 27 52 1 79 1
15 1
68
3 8
3 16 8 93 9 33 47 22
2 2
70 47
17 6
91 24 1 58 6 1
17 3
82 33 21
7 3
34 53 36
3 6
52 28 52 12 12 31
6 5
16 48 4 3 25
6 1
12
1 2
21 40
1 5
45 8 82 1 93
1 7
20 2 25 29 13 46 54
1 2
1 1
1 5
6 96 32 3 96
10 3
88 2 20
3 5
31 67 5 3 70
15 8
31 61 1 81 62 1 4 94
6 9
74 1 9 2 1 9 74 9 11
4 2
67 77
1 6
2 1 3 20 6 26
5 5
2 83 85 99 12
17 5
2 71 6 4 36
9 1
35
9 5
16 10 27 63 9
4 1
1
21 6
24 4 2 6 31 14
18 2
98 4
12 2
19 1
12 9
1 3 94 39 1 52 95 12 13
11 1
2
18 5
43 57 11 2 1
2 2
25 4
1 6
99 27 81 75 5 1
17 3
41 1 24
2 7
6 25 22 83 6 31 1
18 4
67 87 26 95
14 7
5 75 19 1 84 90 8
7 9
10 11 84 63 83 11 30 27 10
1 7
68 43 15 12 72 1 9
16 8
35 51 2 1 56 96 21 65
1 8
13 39 35 80 39 50 91 34
12 8
71 2 54 51 17 47 94 42
4 6
76 49 2 28 3 1
6 6
7 53 57 14 5 5
8 1
9
1 5
9 10 93 24 76
10 4
32 16 1 5
1 5
14 53 28 85 2
16 8
35 5 3 94 52 2 17 52
19 7
1 2 83 3 9 13 3
7 5
23 41 58 1 35
8 6
52 15 2 78 44 85
9 2
44 1
4 4
9 11 88 27
1 7
1 26 52 6 6 18 99
13 7
23 15 58 61 64 28 5
6 2
82 85
18 7
22 5 70 4 30 1 1
1 9
66 78 11 8 6 50 49 41 75
21 4
25 5 17 43
5 9
22 4 72 95 89 6 48 7 56
