5 10 100
98 108 209 76 82 69 199 61 21 240
242 8 272 252 94 209 107 254 39 218
134 293 112 112 6 237 141 129 28 29
126 251 144 295 124 294 89 228 90 276
27 285 200 113 27 234 22 76 33 91
5 9 12
3 4 139
5 8 120
5 10 237
4 5 21
4 1 202
3 1 45
4 9 118
4 2 162
3 2 232
1 5 113
1 1 173
5 3 168
5 9 79
3 1 258
2 2 211
4 2 204
3 3 246
2 10 250
1 4 207
4 10 98
5 3 117
2 9 84
5 3 190
2 5 81
4 6 160
3 9 220
3 1 110
3 10 220
2 4 236
4 5 126
1 2 226
5 2 147
3 2 185
3 5 94
3 6 165
2 6 133
4 4 138
2 6 118
3 7 249
2 7 184
5 9 64
4 8 198
2 7 188
1 4 274
2 5 31
2 5 62
3 1 114
1 5 42
4 3 76
3 2 82
4 1 30
2 8 166
1 7 162
2 1 56
3 9 71
3 1 138
4 2 83
4 8 143
1 5 85
5 2 147
4 5 113
4 8 209
2 5 237
3 8 41
3 7 188
5 9 101
4 9 277
2 3 112
1 5 295
4 4 296
5 4 188
4 8 68
2 1 255
2 1 32
3 2 178
1 9 253
2 5 166
4 5 126
5 7 138
3 1 94
5 10 105
5 6 142
3 2 189
3 2 131
2 3 144
2 3 40
3 9 241
2 9 99
4 2 254
4 3 80
1 3 5
1 3 286
5 9 217
1 5 216
3 8 292
1 1 284
2 2 106
4 8 257
3 8 217
