74328
74328
74328
74328
74328
74328
73936
73936
73936
73936
73936
73936
73936
73936
73910
73910
74342
74342
74342
74342
74466
74576
74576
74495
74495
74495
74495
74495
74265
74465
74465
74203
74203
74203
74203
74203
74203
74203
73924
73924
73924
73924
73924
74247
74219
74219
74219
74219
74547
74547
74547
74547
74547
74547
74547
74954
74954
74954
74954
74954
74954
74954
74926
74926
74926
74926
74926
74926
74926
74926
75014
75014
75014
75014
75014
75014
75014
75014
75014
75014
74803
74803
74803
74803
74857
74857
74755
74842
74519
74503
74503
74292
74292
74292
74292
74292
74292
74292
74292
74754
