1
100 100
6113 8005 4476 290 3362 7022 170 8524 3074 2600 398 5472 1107 4153 1907 9754 5252 4819 666 701 2307 194 4256 6037 1973 2090 5392 8143 8710 5519 3803 219 3842 991 1443 7564 2269 3582 5267 1180 3158 4878 34 9359 2173 9616 2006 6785 2696 3313 4001 9106 8312 9567 6866 4956 4060 3683 483 9742 4347 9484 9506 7758 1999 3886 8020 4633 2699 755 8311 7826 7027 499 9088 3517 4339 5801 5737 4299 7683 2045 5290 2914 4626 849 2697 3060 7329 9418 6826 1411 2110 2758 8802 5706 4733 2273 1394 4482
3104 8479 2810 2545 867 6478 1180 7658 7488 3890 4291 6166 7450 2532 7380 6299 2115 6516 3226 6277 1389 6469 7990 3361 7236 6645 5408 1820 3091 4263 2675 4456 9 7709 5901 5040 7361 1598 1483 5716 2056 15 1157 2377 8254 8660 4396 8791 9492 31 164 8462 870 3657 5345 1887 4635 3328 4724 6169 6140 7450 3742 7630 8941 8688 4266 1955 7068 6772 5559 9341 6721 5868 7830 3794 8190 4251 9729 9098 7212 8179 1998 9247 2635 9538 5126 8080 4756 9332 4679 7544 4622 3917 6143 5189 719 6519 2100 7790
207 1871 8746 9891 8299 1973 376 6991 2873 1370 7352 4088 1643 1503 5650 4039 261 4994 5415 1576 1659 212 8765 3014 551 2566 6382 2549 958 6747 2476 4247 9959 8458 3569 9490 9207 8718 27 9679 5434 7383 9251 572 31 6494 2140 7498 3797 3492 9736 7148 4775 7702 1856 6748 862 1599 7867 4376 9838 9786 9145 4304 8479 8885 9666 5145 5549 145 5139 7011 4859 3314 1489 5247 4124 9677 3790 283 1198 993 8551 3723 9109 5355 4859 9614 5370 96 1720 6163 1903 4983 7225 438 9230 6391 4562 7484
2742 8707 8179 4861 8687 8230 2146 2534 4074 6624 5159 3863 5943 2326 2378 9534 5697 849 9586 3862 1038 6271 2408 5193 8336 6716 3803 4145 8377 4779 8383 5069 5113 762 1950 4551 4830 401 8923 3086 8864 6115 1991 1345 9819 418 8203 7700 612 4971 1716 6059 740 6365 3 1720 8597 6856 6897 3016 7491 2627 2574 388 9190 3559 8387 2492 8044 6622 4245 6966 63 4324 8927 3336 4525 5166 3797 1846 8461 4782 8080 101 1410 9839 1172 8507 3366 5913 1138 1968 4284 221 2194 8852 3449 5573 6355 2011
1152 6649 5896 9297 2267 4908 9977 4122 6421 4978 3642 3927 5016 5561 8903 2901 8475 1914 3578 3586 6544 729 8330 2733 1433 617 5889 8124 5320 6985 433 5183 6403 1242 9833 3932 858 8190 2398 7897 395 667 3075 442 1923 6894 5209 6902 8476 7978 9051 3055 5751 2563 9255 2422 4720 4724 1434 9570 2463 5913 3752 1827 3502 1258 188 4816 2531 4232 3620 9213 2704 6052 3472 3081 2075 510 2736 1350 1717 8285 1356 5352 9210 4766 6064 728 3009 8250 5155 5927 739 2358 3073 4611 4990 8367 2952 5994
9603 1930 5520 1071 894 6022 9260 3332 5757 7608 6177 1052 6113 5551 7605 6969 5327 4602 8190 5355 8690 8806 6971 5506 7694 3899 2913 8422 1373 794 774 5829 5630 4083 8363 2859 2024 4380 7528 8239 7251 9824 424 7785 9832 3260 6204 8625 6058 9212 3500 2153 5097 7100 190 4670 6764 478 1543 1433 3472 6277 4524 3620 7476 2350 9588 8060 808 4316 8132 6345 2744 8371 8048 6483 3381 5359 8113 7445 9848 3777 7144 4564 4176 2155 1532 9848 622 8982 853 9080 9187 8628 5510 5675 2839 4248 366 2296
3724 9363 5449 9712 1131 2732 6161 4560 1177 8557 9497 9835 3574 8808 3081 1907 4058 6130 5502 2964 2273 2614 9266 7363 9507 2027 9313 834 8312 1990 1903 2881 4617 4420 2865 9023 8641 1864 1266 2868 2345 5444 7290 9003 158 4889 1832 7837 4617 3921 8870 8097 9050 3034 9119 3545 1140 2031 9527 5651 8209 1364 1540 1775 301 2497 2193 5695 3127 7115 2335 1618 4094 262 1502 9435 6932 1598 5986 7024 699 4295 8962 5605 4437 3289 665 2924 5555 1305 3823 6771 7134 5793 9280 8609 3593 6618 1831 503
5213 6181 8915 6870 9614 6322 2543 8288 6664 5834 7562 4967 8202 1606 2592 7101 5509 7716 9436 99 5358 1287 8462 6143 9724 6822 2070 1528 5361 2710 9144 4214 4648 7322 7700 2585 9123 5312 4195 4958 7338 7714 724 138 8904 6339 6570 3843 1376 9028 443 4571 8792 2094 1286 6422 1987 7142 53 7041 8287 3149 417 7150 7044 3596 2024 9436 503 7516 2647 790 9006 2762 9422 7320 7138 1302 7327 4423 9637 8803 5325 6127 870 2430 1719 879 7697 3248 5476 7180 7143 9433 8139 4756 4764 9741 8419 5265
4649 367 7527 1355 5331 6114 2936 6874 2369 15 1102 4399 3554 1054 2445 6410 8339 5550 9893 470 89 9541 9452 622 6588 1693 1807 3290 4 7296 3470 9706 6334 5608 5429 1402 7374 1191 6546 2356 777 9217 374 4906 3091 406 9600 5722 9827 3041 5091 8403 2119 424 6967 9745 9012 743 1273 6441 1128 4319 8159 8954 6042 9323 2221 5076 9137 9105 1953 6950 6710 5123 2490 5347 1674 4203 613 5551 6111 4848 9618 310 5409 9709 193 2526 3281 3636 9853 5244 3649 9447 2719 2345 5612 3600 3471 8302
8326 8685 2250 5572 2760 5423 4914 5360 3471 7608 2090 2927 6000 1681 6895 7014 688 4097 9 3001 2557 964 7503 9590 8466 3080 7550 3048 7831 4812 8129 1486 8155 1763 1448 6135 7283 3165 4568 4363 2788 5185 8746 6805 5291 6081 8087 4347 8577 8047 8104 8083 4097 8224 4770 7128 2847 9408 827 6961 4664 5814 1110 329 211 2871 3288 6912 5953 8816 7477 7951 3177 7374 7728 3801 6518 5264 3437 3287 6718 5024 5694 9587 3566 8920 4799 7758 9411 260 4588 5963 2859 178 1247 7889 6158 5272 4045 9698
2030 2666 5459 5762 203 9598 679 7576 9551 9121 8311 6858 1843 6234 388 5492 8544 7318 5865 4827 7980 6169 1866 951 8658 4437 3477 5685 5267 4636 4279 5280 7325 132 8552 3713 3572 6049 9147 149 4841 7407 1694 3767 9370 2815 1337 3467 6676 1852 9612 4230 8918 4050 3556 6833 1580 3081 9304 1897 5650 2326 7892 8419 2642 6459 4761 8179 7307 6303 9272 2669 5493 1774 9247 6885 6283 7530 3474 1152 3144 2976 3902 3510 4289 5064 8128 971 2955 1803 1780 7731 2491 5998 3446 6095 6777 6823 7636 9562
886 3988 5397 8445 1838 9813 8118 9114 5535 8312 589 8353 8969 1420 5141 7004 4342 1744 7030 9133 4633 1916 4592 8496 2107 2419 4974 706 9908 5407 4825 5808 2246 2300 6033 4754 3290 7725 350 3156 4511 5603 3821 782 918 9842 1340 2375 2478 2274 3827 3593 5764 3335 7884 7277 8888 5808 6004 6415 8516 7979 2991 4728 2331 6736 17 7435 6220 8296 9480 9425 9808 2883 1283 4244 3501 4283 2858 7240 8066 6323 8020 7988 3388 6494 252 1436 5171 913 1270 9563 9991 6049 9370 9731 2716 7978 1534 8040
1291 5427 2454 3630 4547 7505 1204 4209 802 5174 5187 5924 8818 9931 3100 2678 701 5962 7688 3973 5130 4968 175 1947 1281 2005 891 565 454 8866 550 9443 4333 9619 2815 5551 8434 1848 276 4721 5851 2160 3797 435 6493 1068 3946 7539 4607 8591 7906 4917 1982 9324 6692 2229 7955 4671 3857 8233 7882 1594 8138 7226 4229 3932 8446 9583 7221 3904 6064 5731 5867 5873 1110 2565 6377 4452 9186 6365 2067 1738 6476 1183 758 4006 2390 3038 2827 1539 1705 4887 7794 8630 8992 8255 334 8968 5682 7288
2922 8668 4938 9320 3211 1805 9414 4875 7463 2057 9113 8986 4779 5402 3702 8759 6449 5690 7260 6829 8234 7436 4377 7792 14 1487 5843 6933 5890 259 5467 1062 5406 8120 5747 9032 2864 8633 4365 74 6411 991 9053 417 7626 6317 5644 1172 6687 8053 2697 4127 5825 1616 3124 181 147 2253 1753 6809 9579 7928 5476 695 2880 4493 6045 8869 7956 2115 4204 683 9914 7690 4486 3619 1420 6426 520 7653 1658 2736 2468 3431 4247 6271 287 8983 4133 3099 1154 8099 7668 4315 9189 8119 2218 4947 385 9341
590 7553 9174 6942 1016 8255 2367 2862 5892 4843 7049 167 5010 3309 8026 8973 1147 3711 3020 1377 7481 8970 745 5512 3466 6612 860 1766 7650 5384 8489 5086 2812 5265 4032 6910 892 4580 8513 8624 2546 9639 323 1878 7174 1952 6627 6588 5722 7520 2879 7889 410 823 1647 7989 319 6213 5477 2357 9536 3691 982 2313 3348 4620 1119 1305 3711 3133 6866 7461 5436 5715 6527 1103 2797 2679 5428 7794 9314 6116 6382 7574 4876 9749 8920 663 4905 1508 8664 3137 5417 2392 4598 7081 3457 2642 9726 9223
2860 1883 6319 7605 2157 4911 9565 9847 6535 2492 706 2733 5393 6074 9527 6194 3317 9670 3308 8093 4252 142 8259 4669 7390 688 6403 2437 3401 8023 3949 9960 7134 1475 7484 489 8178 3307 5672 6868 2011 7834 6595 6666 1266 7198 3513 458 4339 6352 7761 4662 7009 3582 1093 4995 8735 2106 8011 246 6818 4283 8202 4163 687 479 9733 273 7340 7174 8874 485 525 6525 9309 9107 404 4302 4375 180 3277 5155 9168 5559 4274 940 5588 3061 6568 3359 2126 1887 2662 6340 9175 3738 3994 8040 6095 6799
8211 6473 4786 1329 1285 1219 2506 3412 6754 9032 4275 3438 377 702 3726 2329 8361 435 5182 5638 8339 406 8058 5216 5817 8125 1752 848 5590 8008 6397 8802 4898 1662 1968 2587 945 9156 1337 2515 6727 7889 1370 1978 6484 1582 9855 3216 3995 4554 163 4264 900 4306 7052 1458 3984 3749 206 3484 3934 3868 2381 4767 3886 478 917 3155 5928 6769 1222 534 4855 8997 2624 9936 7609 319 8327 1109 7516 5360 6253 5655 3529 722 5014 1569 3727 5761 4989 1525 850 6058 6404 7759 2772 6953 4671 204
4080 4130 8865 553 6212 8081 3249 9199 630 1740 1047 3946 2328 4951 6521 7743 748 6753 2716 8398 4223 9736 3036 1911 6705 4617 6078 3657 5915 4605 2575 3984 1205 3793 2456 5545 1246 9031 8282 6825 6302 2114 6568 7240 4104 7360 1692 4018 1915 8289 3275 1878 1706 6838 3029 6377 5548 1431 7519 4505 8253 576 4023 2528 251 5372 7590 2434 8667 3907 4186 229 6296 5496 678 9665 9060 3737 2561 5073 989 9774 8748 9159 1452 1328 6657 9475 4808 3098 5894 972 9297 4097 7956 3798 8136 9117 2940 9152
4049 3943 8170 6274 6518 6396 7668 5504 748 3581 7438 3788 1544 8539 8170 5111 5040 1181 6651 9628 7158 5081 2668 2206 4759 8892 8332 83 2069 7567 171 1847 2489 6114 8042 645 433 4296 266 5353 3402 2303 26 2700 3210 1756 6709 3076 8350 6944 9074 9064 8209 8246 7163 6040 7474 5994 5953 40 6077 6109 3919 9867 2219 9267 5078 8772 9280 5546 7637 539 9675 127 6548 5291 7252 2577 933 6009 7881 3453 5662 942 7684 7239 3625 6167 5656 1735 4572 4546 7283 9204 4743 6048 2518 4952 9804 4899
7409 3933 2654 6507 9104 4100 967 763 7062 1772 3893 5170 214 853 6658 7739 616 4805 1920 8718 3326 8325 1960 7146 6354 5324 1852 202 9874 6428 5172 219 6939 3787 5001 1685 8553 6615 871 2747 616 5904 6606 3883 4397 2411 5462 6178 5490 9619 6309 1935 3744 3120 6200 3334 8361 3554 4250 8891 8764 7472 946 4478 2393 4506 6111 2622 8161 6442 7152 1554 1877 8755 9790 3956 4973 5289 9412 9669 7463 6396 7945 4150 6071 1871 5143 3545 4373 1828 844 9434 4174 8324 3535 6972 7767 582 6134 7125
9397 5582 6632 5502 7109 1879 44 982 4271 1409 8817 1417 2137 6747 8921 4150 9532 7205 331 9311 5915 2595 2213 2200 138 696 2040 9518 7991 6774 8736 6141 9307 2117 6967 9341 8605 9215 3262 2738 9801 3171 7863 9749 7515 7840 2923 8984 7524 2078 739 7259 7874 1593 1210 3992 8295 4977 3712 3938 3000 7089 9217 6638 9750 6049 316 9389 5316 9648 795 2360 6703 2262 8045 7596 8241 1132 9785 8288 1070 6951 1426 2985 7106 9514 6165 547 1783 6075 6890 8028 5736 1505 9125 952 5740 8206 9714 3235
7968 3193 6816 9004 1960 6781 584 1348 3520 1850 2561 2572 6341 9190 6699 4216 3408 6992 6182 1672 4562 7846 5355 3881 7819 7590 34 3042 8501 8130 981 3556 4265 2292 6082 8118 7962 7210 1776 4254 8654 2663 9770 5780 6843 8739 5342 6263 1937 7895 1727 6924 8441 9154 7191 7218 8428 6575 2665 4213 7002 9123 6505 1845 1621 9819 6400 1729 8976 8317 9501 2280 7975 8550 5667 1735 211 567 3345 931 7578 1256 8686 1867 2778 986 7546 3092 5906 3844 5969 1719 7252 7175 5071 4947 7168 2621 795 2911
8827 4369 9695 8827 6244 3700 9876 1402 7016 5354 791 7628 1271 2938 9519 8556 3873 6198 8294 4788 7330 136 9790 9723 5945 3195 525 6642 7562 3568 1201 3132 328 444 9332 9319 4910 8907 492 7776 8208 9073 4357 473 2095 411 9152 429 8584 92 4557 4881 7563 2187 8980 5819 2230 4950 1846 7558 2920 2953 1041 4791 8682 5348 2331 6786 5745 6359 1735 9754 4171 7963 6862 4539 8946 9278 7509 1164 960 1144 2793 7274 3102 4582 7376 6739 24 7763 7111 6989 7956 4013 1155 2376 7726 8807 3878 9899
1601 2181 7297 6956 6128 9830 2985 1896 1187 2064 7639 744 4172 525 3380 8787 3684 4879 5265 8359 1838 7575 6121 6105 7874 2442 8640 4911 8244 6101 2497 7775 1888 157 9379 1189 152 1375 9385 1074 5606 9671 396 106 5343 8020 9378 7863 1812 2461 5989 3344 7433 7922 2510 2718 8204 2777 5670 918 7590 3411 666 893 1161 3760 9210 1549 8152 7539 5671 3105 6057 5061 406 540 7776 4922 5660 4541 2456 1699 25 5756 3467 2067 278 4262 8956 4814 3429 1675 8121 7675 8937 3255 2639 2428 3632 3273
3010 8780 2893 7161 4035 3761 4811 8560 8821 6092 3968 4293 290 7619 796 2334 4737 3332 9765 7824 9225 446 2306 373 718 166 3377 6509 6321 1277 4985 7005 7736 2744 8868 7173 9633 1081 1966 7275 1303 9676 3128 8414 8917 2437 2437 7287 458 8567 2178 7728 3414 8889 2035 1279 863 7760 1411 8657 2084 7467 1841 6968 4120 6613 1353 9286 8028 2323 3207 4713 991 917 6272 3715 3989 5966 4048 5894 978 3641 7396 3797 4453 8666 2925 8876 9182 51 9780 1604 6811 1185 8717 563 9025 2355 5583 7443
3057 9192 1326 3017 8185 2138 9751 6314 7617 1231 1236 3728 4062 7657 3811 8308 476 7753 7341 7174 8856 8246 8007 8407 2360 8726 8789 2818 5883 1320 7856 4549 6297 5241 7473 9870 9159 5153 9374 6531 6226 7962 2968 7507 8725 3691 3615 2242 9173 9353 3998 4655 7877 1220 2652 1994 2743 8722 1303 8998 6010 209 8484 7258 8253 3768 8437 7707 2920 7018 8017 9214 1745 1647 4991 5631 297 6405 5548 2944 428 5457 5669 9170 8771 8691 7000 4765 3339 868 2572 6979 8611 7440 9110 3452 5661 1095 4427 3257
5374 6193 1154 9076 3770 7591 6753 4642 7618 2993 1198 3643 5420 3473 6618 6078 3387 2548 7148 8851 8096 2506 847 4305 6639 6453 1990 4063 1211 466 6814 2572 1261 8819 7861 976 1908 4538 1226 1889 344 2131 6623 2657 7390 2393 6712 7384 8613 9561 9414 259 4318 9789 9089 1839 3955 5177 51 4401 5141 8364 2934 1456 8812 9895 9237 313 269 4541 9812 848 5679 5827 6380 4444 8023 8655 574 892 8890 6248 5763 3719 8990 254 8196 5063 8660 5491 5539 6083 5106 543 7106 4492 360 1063 2918 8217
303 1309 7445 6713 207 8650 4113 4543 9920 4401 4952 6375 7550 3779 7575 1236 60 5476 9509 1356 6701 6862 2136 4711 1469 548 2408 3340 9924 3428 9258 7779 9297 7001 8720 3002 3187 1785 202 591 8614 4925 4401 7924 9847 4241 7747 2443 4951 2851 4680 3172 6470 2922 6469 7968 8482 5370 376 4409 6471 4495 4826 8690 7343 3421 5146 8416 9762 2313 215 2548 3775 5717 5352 3575 3431 7648 4177 9851 8824 7080 2363 5711 3903 9301 1742 978 6607 6094 2590 9199 1054 3203 2806 8343 3750 3645 7211 209
4671 7559 7139 247 9746 7375 1530 3563 5590 9707 5305 3962 5526 85 3663 1978 3559 1026 8144 1377 6513 1681 5276 1841 3719 5024 3118 9524 2007 9293 7420 6334 3643 1385 211 8604 7067 1197 8477 2202 9912 7645 7536 9168 8758 4912 3457 1639 5144 4370 9094 1745 3884 7295 2578 3332 7568 5353 8036 8134 5430 1342 5766 1514 7693 2531 8521 7085 1061 4420 6396 2822 3058 8454 797 4865 4133 1457 1700 3737 2726 3762 1568 2940 858 5183 6761 336 2331 3957 760 9300 1056 27 2879 3399 8037 104 2838 6357
3666 9606 9560 7090 9883 3279 1388 3064 7063 4375 6093 2430 953 1217 3333 3086 101 2931 3060 4371 8523 2654 5271 3165 7862 8302 5253 7889 3983 5134 123 6667 246 6419 2706 499 752 812 9390 1475 477 2396 6771 4923 1069 7921 1852 7243 4146 2245 398 4153 4880 6517 5159 4889 9839 6655 7252 1303 8468 651 9831 1 2998 6465 3915 5288 4132 6704 1633 2640 9704 5825 9012 3863 9442 9733 9209 4581 2226 8354 1897 7185 2657 1729 3232 6314 763 6140 8975 6699 3021 3839 385 7110 1060 4798 464 7093
2196 379 5975 5333 6673 5687 8041 7936 1715 3533 3232 1794 2371 1390 5042 502 2720 1990 2817 8876 1328 6133 9738 3286 5224 9021 2619 6825 9836 1787 1555 6788 2880 2188 9019 2149 2351 416 6173 1257 7913 6439 4563 9505 2603 3743 3374 9773 3085 9653 6912 7229 3620 1149 4543 485 1160 3594 2132 5305 5998 6141 7202 3333 8468 8988 6666 7416 4956 396 2489 9356 1023 1738 3502 8506 7753 3969 847 4937 2613 2268 5865 1809 4941 7793 7364 2858 2241 9514 3370 1278 5997 490 9994 1139 1268 7385 9183 737
1662 5875 4025 8995 2206 2519 2399 3063 7703 1236 3075 376 8538 8934 3080 602 887 7463 6179 6518 1952 8405 7814 6144 8682 2114 952 4423 3954 4228 5700 2224 4585 1503 2969 8406 145 2645 8686 3636 1328 3268 3191 9472 470 8787 6812 5900 2135 9108 7201 7817 9722 6601 4558 8874 2965 2575 8292 7116 336 4025 9549 3902 399 7845 9415 1871 8820 8192 5881 2578 5512 6409 4330 7750 6311 662 1432 4244 2871 5112 3250 5135 4486 7978 5225 5942 125 3183 9087 9773 799 8171 2001 610 9331 1482 4813 2647
9036 3304 6313 3374 6538 552 6278 2285 2696 5886 9671 5132 9833 1053 9072 126 4035 6347 5021 8866 3010 3077 7260 8444 4911 263 69 7952 2804 355 6857 8295 2975 3855 9671 6576 4675 2141 1200 8494 7774 6837 1362 2054 9173 1579 8845 9270 6943 2436 6192 6073 9671 4837 9549 3930 7099 53 6893 9885 8024 1007 3928 669 9603 9783 9257 92 1539 4701 5759 5610 9413 6503 2429 522 3874 5526 2914 5721 8749 6630 9448 1307 2859 4618 9007 4767 826 3505 3133 4781 27 7755 749 2816 9916 8910 748 6606
2360 6611 2037 931 5117 7797 7143 4406 8170 5598 9388 4738 6465 1903 1389 4720 9994 3362 7069 3998 3798 4820 152 3309 6263 7596 2807 1858 9097 3143 8236 13 4616 7739 6058 3962 8120 9399 2926 144 5175 5022 592 8742 110 1226 1645 2484 2868 5332 5996 5949 3369 58 7388 9114 3362 8574 6917 3629 1975 1981 5650 77 3692 86 1997 2102 3476 9466 9625 9509 6972 2599 9914 47 3106 7020 9987 6344 7770 4392 1111 3752 6562 5486 7039 3712 6298 9166 9770 6601 4436 2680 4285 4745 9276 288 848 4290
7403 7549 3676 4517 874 5223 2219 2700 9224 8470 4830 346 7809 8143 2551 8975 9606 1763 4705 4889 3223 3173 1460 2487 573 5779 8580 2767 4435 1113 384 4185 7355 6142 5431 6857 1895 723 1206 4037 1510 3308 8273 1563 6900 2043 4741 3894 1383 119 8454 292 8226 508 3410 1209 2324 1015 2706 4361 147 2900 8930 4889 5145 3751 4956 1161 35 3807 9043 9720 6328 7835 7467 9475 9844 5588 698 176 8457 4598 5517 2722 3242 3226 6065 1188 5850 7300 9524 208 2664 4348 7645 4772 5897 5927 784 7092
2727 6999 7589 3017 5557 2908 6904 8172 9300 7710 9940 6233 3306 2190 1303 680 3870 5098 2259 2968 4555 1681 6435 3995 2021 6577 5991 3175 1199 5654 6833 1431 2032 2157 7313 2569 764 9724 6421 8365 4212 4974 9190 4043 196 7060 6939 6720 6353 4767 897 4643 8501 9505 4402 9181 633 9643 2279 6757 8850 9152 5537 8110 2248 4002 8326 6829 972 1455 502 1385 3890 4588 4190 8160 3235 8140 6081 6966 5063 1612 9010 9160 4172 4257 6789 4429 4252 6056 6126 1640 2998 3267 7687 1937 9305 1109 9543 8309
1918 8651 8831 7785 7915 7127 9432 4179 3823 2172 4279 7948 5665 2966 325 4117 464 285 6603 8465 2445 9254 7170 33 4271 8214 9385 5318 3222 433 4582 9303 6327 4516 1198 5802 374 9704 6509 795 7357 5959 6724 2979 7298 561 7864 4960 4542 2543 3711 5298 6715 6696 100 1850 7760 4199 3650 7181 4709 5754 9682 1755 8356 4695 8396 6709 5784 5618 7611 9921 6837 8167 3899 1349 8234 6010 928 4382 8428 6561 7333 5015 2508 6082 6016 6209 7071 2632 6841 822 3092 849 5559 7902 4881 8627 8160 7543
5174 5092 5540 7806 3048 8897 4019 2287 5117 2327 4506 7941 2000 4466 3054 865 7529 8981 4626 8195 2481 9846 7158 2805 9600 6879 6550 5985 802 9235 8565 3569 2633 8329 1793 374 5712 5320 5142 7225 9505 3617 4517 5419 3382 2741 2220 8953 2000 301 4697 8641 9107 6519 1986 2816 3334 9512 9972 3121 5526 9875 8727 9349 6890 4546 4783 4550 6141 2140 1023 3378 3019 21 2133 2385 2877 8355 6861 687 9509 4173 6848 9344 6944 5942 6551 6556 7827 1350 1628 4633 2468 2819 759 8315 6736 8140 1109 4641
7859 9500 7199 4204 3483 1468 6572 3535 82 6603 1343 549 913 9143 8326 530 4322 6416 8232 3626 8863 2792 435 2099 9597 5483 1519 5802 6931 5471 7408 7242 5287 8605 1148 8209 7725 9405 946 4245 4417 1797 2634 814 5269 8529 4225 3146 1751 4558 3069 677 9392 5511 451 6986 8937 4875 7961 5713 4279 9675 4927 9426 4801 7562 9351 5535 3787 4392 3837 3255 9555 7287 6149 1719 4639 7882 8308 4128 599 1112 7174 5047 3095 4172 5240 7531 1823 9313 6157 5852 8663 2319 4216 7881 847 5086 2106 1899
9379 7666 3870 4917 5996 6785 7844 9524 7868 5349 599 3020 3942 8949 8719 2387 3487 6786 9355 3786 6861 9928 5551 4530 5515 9529 3659 7276 7966 734 4982 464 1775 7231 5932 7297 6835 5275 354 6773 9107 8176 5108 9156 7465 5428 9337 130 7271 413 9434 173 2045 6421 6371 1007 2633 6732 6254 6589 9134 7985 6047 4874 418 7381 9849 3925 7484 6686 5228 9392 8825 5678 3707 9617 3486 5484 6388 7745 2185 4573 4103 7185 7646 8837 3550 5688 6325 7545 4891 1536 6712 3789 5798 4289 1796 9679 1431 5905
1755 3517 740 5580 7201 313 6471 3663 7160 5452 6976 8988 3922 8400 24 7454 7752 3878 4994 9020 1225 3647 2393 2749 5714 2854 5724 9387 31 9746 855 7085 7773 6260 6657 6104 6468 1438 4482 9611 6494 1177 483 6644 3805 1786 2904 7280 9945 1023 4401 214 5989 1994 9140 2612 1257 9111 7011 1605 2729 931 1992 2773 528 6406 1520 1836 8185 2921 4736 972 6075 2718 4447 146 2904 9862 1556 360 7087 4281 3827 9588 5061 5065 9969 4775 281 4498 3381 9142 9892 8129 6576 3073 6428 9161 1386 7977
3502 657 9985 3724 8911 3943 2233 6059 468 5936 3446 3785 1194 9516 8060 7640 6485 3962 6936 3093 2245 5482 4709 491 9921 4957 5773 7883 6044 7157 8600 632 2010 6916 796 3212 6587 7915 3428 5848 3586 8049 7925 3348 3187 4433 5990 5553 9405 9921 9583 8057 5684 686 3261 9593 8647 7322 6854 9577 5689 2839 3350 281 7889 1781 9223 4477 3228 605 2217 4207 8032 1638 2197 2418 4837 3083 6769 6210 6314 9608 9816 3822 3881 2902 6696 9526 7111 2889 8823 9017 6375 2782 6587 4331 8247 4501 836 8684
4133 9419 5527 3178 1587 3343 9692 5718 9224 348 517 2513 2522 3959 2313 5272 6103 7638 7761 6926 2003 1481 5372 4074 1486 163 5220 9481 3372 3201 8844 4674 4549 2716 2857 204 5330 8585 5927 5428 1820 1738 8105 2369 9172 2727 6748 6308 1009 6253 8256 2901 77 4598 2134 9258 5142 6216 53 6517 3044 1980 5947 4351 6759 2900 5318 5071 8297 7974 1 291 1221 7770 5595 9699 1431 5436 6965 7059 5124 4474 6507 5408 4585 1689 1372 7479 2086 1487 8456 4902 2334 1774 2705 3935 5466 1460 1717 1845
7805 7489 5881 9304 2008 5578 530 27 895 821 596 6819 7906 7326 3035 170 3612 9906 5078 8805 9588 5121 5562 1631 68 5177 4023 4642 4449 2549 6928 3861 3029 6124 4299 1730 8032 6388 5086 2010 386 1193 9135 7433 3764 9001 4220 1402 5502 824 6115 3417 6763 3866 6441 2268 8826 7387 8831 9004 340 6979 5047 7982 598 1749 8540 8183 1532 5998 1558 7854 5048 1011 4988 864 9118 1977 538 9279 5334 2234 3887 99 4043 7648 2417 6469 5546 6879 7185 7539 1726 8750 2355 8240 9883 1161 596 6084
2832 749 5334 5989 5019 4397 1117 9417 3089 9298 1502 5067 1634 6036 3115 3918 8003 253 3211 7445 4292 6615 1932 667 4857 5123 3888 3672 912 8334 327 9458 2845 1267 6462 5519 9347 6174 8484 255 2577 851 4797 4061 2854 6568 7374 2456 6221 7351 1610 6738 3793 3305 4461 8355 9761 7539 5406 2830 5256 4052 3710 3800 2985 733 1673 455 6663 7345 9626 6839 4807 4506 307 2106 981 318 2289 8325 5464 8377 6738 6726 1882 5711 1097 5824 1765 5160 6789 738 2168 6203 7090 5514 4114 7352 6573 8025
6984 2326 8152 6201 2174 7661 7810 5638 4290 8035 3664 1554 9598 2513 3770 2261 308 5057 3667 6548 4011 2718 4220 1690 2220 2189 1498 9132 4367 5446 1929 8313 4884 68 5920 8388 2628 1780 1148 7270 8265 2972 8430 8556 7070 8881 3591 2711 6011 4694 366 5983 9728 7266 2910 3006 4293 3565 3957 5940 9039 2354 4034 644 4010 689 3983 5305 4911 4526 1555 6717 9311 5949 7529 3050 4353 5148 3766 8645 715 2928 5095 6986 3053 8131 3479 5339 2933 7641 6666 8147 1656 4088 4941 5719 9235 6766 8713 2346
1515 4113 5181 1958 3155 6979 4659 245 8324 3368 5814 9234 6699 8498 5263 5975 9415 4170 3910 6002 351 5617 5656 7432 3558 4345 2602 4883 1420 362 8726 9364 5663 1461 8260 8703 4094 6183 8155 9021 2314 466 7966 5173 289 9265 8612 5162 3956 48 143 415 4667 9880 617 7617 8968 8917 4339 2748 3395 390 3694 5110 9826 9888 9678 5281 9697 2914 3804 9986 8940 8950 4098 777 6686 8635 671 5142 2638 7044 4057 5353 6810 2840 480 9423 2700 7914 3430 5475 9091 2023 3287 3583 9615 3071 9264 2064
7807 4360 5138 626 6564 5246 2746 9972 3445 7791 774 8493 8934 2499 7952 8908 5772 5364 5049 5497 6984 6420 7769 6819 7232 6875 3639 938 5528 5197 2758 6669 1564 8754 5944 7247 5714 2814 4707 796 3931 8803 804 9841 5128 8597 2169 5993 1491 7182 4439 1857 5589 9712 8472 3336 2945 8311 2186 9829 4813 8121 1871 1963 3349 256 7390 3333 6899 8368 5987 5566 2503 4574 8672 5749 5845 6057 4603 4288 1679 1612 9632 2377 6965 3132 4121 4894 6254 5176 8544 6064 7931 6854 4064 6883 2124 4733 1461 9642
4769 8709 1828 7592 7207 6441 591 4931 2314 7852 1245 9177 8038 2479 1021 4789 216 4423 8333 8559 8795 1147 5784 9033 7545 9993 1734 4478 6172 553 4777 5069 6543 4343 6696 1019 4026 1872 3546 4782 8236 9974 8903 4925 4375 7172 5389 7356 933 9142 156 2409 6301 4624 9637 3006 3154 9944 755 1763 878 640 7601 2085 3665 737 2193 2295 1413 2386 3351 5618 6074 276 8012 7666 6997 2444 3218 4008 2188 5484 3365 6291 8880 3011 773 7445 5692 7960 6862 846 8686 4063 4801 9295 5058 2824 1482 6125
9058 9531 8277 4576 4982 1040 1048 5163 3726 709 6842 8085 8808 7470 6234 4228 4571 3270 6247 5635 8938 2737 6238 9500 9335 4266 3575 7866 8257 7543 5088 2927 2281 6038 632 2798 7511 9717 6451 918 8929 6226 2639 8794 8046 3686 925 4976 610 2019 9510 3077 3096 3189 9655 6429 4649 1168 1503 1889 6206 8423 3956 144 7555 6452 2687 8638 3600 3890 6987 5360 2569 3886 2738 3539 1299 8548 1805 362 8073 1485 3695 4185 8703 416 3441 3620 786 8667 248 6113 5483 1426 3958 1466 5804 217 3029 3174
7472 1232 5615 7079 9633 9916 2046 5959 7274 4720 5989 0 6057 9226 8065 4270 403 836 5816 7916 3263 3047 7460 4266 6902 2436 9537 9158 809 5121 4981 9263 9237 2457 7902 2531 4348 8985 3034 7024 8900 4741 988 7832 6694 1551 7903 707 2606 125 7992 7895 768 9530 3525 6853 8654 7807 5117 6722 4682 5325 4489 7200 4533 1007 9169 2832 3120 2926 5735 3170 2035 5769 9779 4412 6469 5805 8529 320 7534 5805 3913 4057 1887 1762 3326 8794 3928 8365 9122 2740 5230 3976 1701 2288 9120 3763 4688 1260
9625 348 5335 4813 9031 6106 7119 1396 8649 4522 87 1810 73 5514 1358 8433 7808 7848 1701 648 8351 1836 1254 54 9957 444 5172 5121 8980 1715 3709 8676 237 1009 3597 2126 7360 7000 7459 244 182 7270 4883 3297 4342 7704 4310 5464 6763 1140 4655 6060 8733 2097 7257 4925 592 9674 1775 8173 8767 5777 974 268 5567 737 4122 5093 3539 9354 1022 5636 120 2145 8260 4717 6273 6111 2163 9175 3815 6689 2241 1705 7287 6094 4342 7846 5665 9975 635 1489 2362 8539 6083 9776 5923 9785 7641 4704
1943 6176 8260 1561 2555 8686 5600 6388 4097 1442 1937 8789 7850 6476 853 5923 8603 8392 760 9516 7746 7074 8001 4657 380 4628 4182 9511 8771 2545 400 3165 248 4193 3737 7500 5774 6209 7158 5850 5986 2528 7560 2895 3049 4060 7760 9883 10 716 6317 8355 8202 8285 8922 3542 5281 609 3334 8025 5197 746 2890 5430 7210 8763 4970 5636 3297 9443 8845 1990 7515 4785 6948 1736 4579 1155 4019 1794 1814 634 3717 4633 1144 4698 4578 2942 1337 5304 5920 8598 4191 5277 177 8891 6389 4845 5735 6977
8075 8812 6875 6129 4661 9054 5678 2812 4858 7319 1318 296 8649 8721 7553 57 5763 7195 6738 1249 9180 9294 3159 4417 8911 3603 5520 2908 4710 5610 1581 3127 3509 7160 3356 8010 4466 9840 7411 7481 3641 8740 8484 19 8481 5192 6853 1518 1730 2801 5543 8488 5916 6713 7555 7271 9540 5622 8666 1510 3831 8693 748 4986 1131 2856 7578 2609 7914 1424 7148 1739 6163 8422 8977 523 7660 3818 7056 3711 1032 3071 9568 873 2690 1206 579 6532 1762 7217 4256 2621 8765 5418 492 3662 7834 3918 6983 7650
3284 4580 3454 8530 9494 2947 5108 1170 7524 9025 7453 3227 7629 257 7239 6736 7931 9011 8356 207 6565 331 3179 6565 7124 395 4319 6884 7157 4928 1556 1199 3259 8123 1571 8401 14 5938 3608 4596 3625 1243 2393 9277 8978 8284 2895 8146 2790 5970 8461 5580 3159 3756 5140 8635 8605 8066 3817 914 765 695 7097 946 1215 7522 8081 4050 3828 2276 7814 683 9705 4052 4073 144 6952 3061 7198 5484 1632 1122 8618 4360 873 206 7372 9303 3826 8962 8846 3392 7197 428 2858 9623 3552 3304 9943 6075
3681 2835 2544 4197 5459 4303 1257 6090 731 6110 2791 1495 9343 1879 2332 1280 7990 6324 5951 5494 1227 7982 8312 5722 6757 4383 9618 7067 5999 148 1197 4207 7388 6099 9005 225 1032 8728 3738 9480 4222 2862 257 9591 5996 3360 2912 4404 2965 5847 1618 7602 5298 8687 4085 8302 8449 8944 6279 4759 5507 3617 9301 7409 2677 3299 4672 7330 2478 9093 5686 5031 1915 8974 4880 7342 4710 5671 4366 2214 6232 3148 61 3346 8052 8782 2448 5361 1799 4612 3215 9713 4342 8208 8514 1257 6073 9700 7172 1274
5496 7476 3349 8597 3106 5777 3995 3584 8044 729 5783 8884 9995 5436 1224 2698 3972 2438 1040 9472 4157 2589 8726 1118 8418 5112 4003 1303 7406 3103 1803 2131 7993 4978 2071 6797 4803 8545 4717 7529 5563 4493 5254 3075 633 1438 8123 6933 137 73 7562 264 1405 7965 9691 7376 7517 2160 6695 4917 6371 1019 502 1494 2488 6252 7952 3306 8692 8804 8879 1793 1142 6528 3546 1551 153 8911 1537 8987 1551 6495 885 6966 3661 4757 8997 2631 3638 3836 8310 8473 8248 9364 8537 8553 19 1999 9433 6712
271 3051 5257 18 8137 527 8758 5131 6764 7939 1875 1083 9900 6063 1322 5446 3224 2883 4232 614 5696 426 1152 2924 3213 5588 6890 1695 4569 7764 3063 4025 4330 7626 7702 9007 2235 132 1247 2440 3543 6322 2001 6885 1079 7376 1732 3284 1817 9955 8926 3505 7679 5959 6408 9435 4054 2102 2327 5783 6433 6714 3106 3633 9276 799 3904 9271 8814 4635 5289 6661 1876 453 7110 2708 9500 9342 6166 8815 5917 8754 8703 7475 6308 6141 5530 502 1590 2052 9742 9190 8128 7763 4463 9214 3180 9128 8032 1323
3930 7940 2239 1443 9216 1202 7270 7426 6571 9961 4185 5365 9192 7801 2287 8984 3675 2872 3742 6796 2927 5381 2665 5832 3970 421 3615 8791 6666 7883 2026 8835 9651 1564 5365 4800 3425 3371 9908 2504 8428 1372 5617 7226 4980 9507 1678 257 6649 6943 8597 8598 8822 6327 2211 7168 5809 4552 5502 1195 3732 1820 8463 5648 9018 9060 1375 7884 7680 7253 5910 7217 3777 63 4041 3522 3312 299 5878 5769 8426 1179 238 4909 3448 1374 7763 6537 3694 7222 5525 6324 2212 8045 9491 7230 7572 6703 9029 926
8781 8597 7158 2418 4804 46 2251 2086 7671 9606 7363 7406 6645 468 7959 3056 90 1882 1865 6206 1121 7399 4665 9301 3418 8654 8170 1135 3705 2025 8797 5952 3876 3633 3453 1663 9773 1456 4958 166 3255 5373 5954 27 3807 5371 7688 3018 7781 4328 7586 7751 7497 8733 2285 8055 7471 9145 536 9161 1650 5922 3378 6325 9638 2487 7418 8933 6275 5766 344 8655 3173 9295 2807 2531 7112 4155 274 5933 341 4447 6327 5755 2949 1615 1314 7831 4845 8735 2583 8875 7572 2600 6570 9922 1004 2295 9467 5765
2066 7459 4173 3642 4500 7458 6839 23 8881 3423 6717 3489 9024 9034 9874 1266 7420 8627 9142 1320 3067 7055 8858 5600 7536 3601 3157 8340 1174 4544 466 7504 7206 1145 5666 8494 8601 7851 9868 988 7146 459 9743 7265 3193 230 7171 231 3736 1467 9417 6194 9179 8542 1676 560 3439 7502 7667 4745 517 1287 6607 4993 5006 7380 3432 786 9014 6540 1435 107 1454 9095 4624 4224 2930 4723 5391 3797 7303 7104 6876 1807 4890 2138 4936 2201 4938 8833 365 4612 6580 8792 624 930 3381 8194 7886 1933
5827 8147 2816 2918 9627 5219 2750 8883 3507 6840 654 7371 6238 313 2191 2259 2354 6542 6864 3425 8179 1260 1359 7808 7926 6972 5256 3264 5952 927 3225 6733 6811 685 2958 2289 3126 8538 362 6594 5243 9983 6738 1421 6426 4735 5516 5669 9954 6309 9579 452 1735 8349 3271 960 3875 9989 7344 8019 1384 3302 1516 3677 6620 139 8286 6643 642 9291 2603 9057 3814 7654 8519 8043 9671 7395 4685 7597 9926 8956 4839 2569 5148 4992 6707 1432 2144 7848 1509 5721 7432 547 8635 5294 7322 7562 1642 4542
1503 525 6728 8023 7699 5824 8133 59 366 8095 6467 6955 6647 7420 4140 4112 521 2326 2862 1102 76 344 8593 941 9624 8847 4154 2252 3055 2591 8614 6972 3278 4667 9459 5797 9146 1471 3866 7129 1050 7647 1306 6767 6429 832 4174 3795 8116 9294 5451 8151 4754 8857 1932 1100 4173 3729 5467 946 3286 9774 2355 384 1018 7463 2296 1957 5241 2067 482 6032 8180 1420 9673 6579 1277 24 3169 1377 2853 4730 6019 7804 3800 8281 9360 3016 3300 4120 650 5104 7466 1958 8525 4796 2130 9192 8628 1866
3493 845 4641 7269 3065 4962 6451 5405 4130 6562 4337 2909 5787 9436 5626 8236 6554 8830 542 5797 7330 761 6874 6403 7455 9583 563 7363 9133 3404 6100 2338 5850 3967 7090 2372 1850 4037 2745 6283 4742 9713 2149 892 3471 6867 6626 6724 522 7524 2790 3421 1738 8679 8215 6302 5342 4831 4644 971 6531 7910 6012 3989 6504 1946 2199 4274 208 6118 8336 8251 8360 1587 1505 4440 384 1357 3660 8724 6879 6803 9692 1498 6699 2303 2892 6525 4246 7969 1958 7341 5166 7316 8400 3413 9353 9633 1070 9897
5607 9272 8761 7585 7075 9126 7084 5995 9585 9990 1023 6430 5078 7367 5510 3465 1939 5852 118 9208 9561 7444 3810 6585 795 8483 7772 8636 2407 392 1675 6631 8482 7440 3580 1590 7887 5993 7195 2149 6725 3172 4811 561 505 665 4497 4313 2651 2849 9187 3708 6609 3698 542 1826 3732 6559 6762 529 497 3324 4603 6457 7600 9803 809 3279 4288 6282 6283 2034 5473 9981 2082 2179 5530 9984 605 7623 6506 768 1523 6840 5209 6835 340 9461 1252 7023 8499 654 1856 7399 6248 2421 5360 82 1465 4232
2663 1002 4689 8771 7999 6386 1340 7552 9504 9218 3366 980 174 1591 5205 8744 474 7188 7505 9705 5990 2930 6454 6813 4663 2659 9461 1314 7662 7323 9437 4317 3053 6210 9940 8800 3316 8805 8363 5705 5277 1148 6524 9495 5227 1952 6382 4048 8999 2673 4848 162 2088 6097 6525 8592 4894 7030 3257 8119 9683 3355 5918 1241 9685 612 7941 232 9443 2846 2452 245 7636 7473 9247 1137 4043 6711 6582 4771 2919 3033 5799 4179 1611 8437 3746 9467 6142 8831 8264 9492 3985 197 2183 7465 7608 7850 3362 651
5443 9663 943 7465 2415 1870 9801 2838 7687 172 122 6885 9418 2798 5310 9403 7584 6861 4468 8752 5287 3085 9750 1728 7380 6549 4799 7761 4655 4297 6124 7191 3513 8541 6654 7956 4467 301 245 124 423 3468 437 8364 6031 3297 1793 749 1311 7158 1083 970 6993 7494 8923 1628 7849 3703 2626 4367 2301 9094 4158 2579 4602 129 2480 2654 3372 3869 5670 2623 9442 149 9512 1547 3073 9539 6640 1168 4280 711 5144 2094 6203 7075 3682 5263 8930 1969 3795 7980 2682 7691 6372 8843 2077 2482 4978 6584
7846 8688 9397 3270 9215 7669 69 3686 6031 5965 7918 6205 2384 315 5546 1430 3831 6180 3435 2899 5058 8775 9594 7772 5604 9660 8459 3661 1601 2316 9153 1134 5271 2987 8555 6470 9224 1776 4133 6634 8554 7293 2416 8070 2565 2625 152 8413 2783 2310 1353 2929 9277 6811 2542 9255 4479 1931 4376 4950 3014 233 7635 9633 7915 1242 3547 2937 4274 9476 1349 2330 1612 4325 6713 6959 2306 7874 4318 8540 7895 6242 5612 8848 1572 5132 2977 9812 6479 9611 1888 3641 4372 7153 9887 2713 6309 7489 543 9013
5131 1418 8105 7524 5665 7712 8777 9938 8812 2692 8319 5585 6238 7555 5776 953 2659 9176 3091 9274 1641 1879 7536 2733 4332 3203 689 3357 2252 2133 5823 9451 4201 5251 1572 6195 6848 8223 3832 340 7528 8687 439 7320 1598 6254 8163 7121 6773 2537 3169 6161 2022 5128 1070 4060 8148 6449 2629 1997 4416 533 894 6630 7247 1666 4682 4126 9335 7938 3969 9434 4863 8754 1212 620 6086 8209 500 5164 5376 750 2475 7264 1426 8838 4526 9796 9556 1714 8522 5249 9554 1095 3117 8386 8587 3833 6952 1356
33 4539 5383 5443 986 6711 8912 9693 4740 1302 5279 4258 4585 6352 6857 3351 8942 9306 9080 5921 5672 3233 2322 3612 4463 2565 5307 6177 3110 5720 8245 6069 4221 6842 3122 7846 25 2258 1038 5024 4294 4329 5569 1904 5528 6984 4763 3392 5267 6436 9000 8279 2633 6673 8370 5571 2414 5445 6239 1364 9761 1347 7744 4474 7616 5944 8170 4706 260 7979 1096 904 9989 1009 4590 5043 5139 4200 3094 8352 8011 7736 2239 2200 9952 9341 1888 1890 7567 8664 4565 6831 2847 1197 5767 4673 9235 6455 8723 66
7507 3463 4145 2972 6754 977 4763 3593 7788 476 4630 5175 4237 7785 4825 2854 8611 9596 8421 9370 5379 7255 1336 9239 13 6990 3698 2138 5659 2262 5864 1430 8100 1476 4859 4526 8012 161 1990 1059 7401 9877 1581 1350 9990 6589 7818 4935 7540 2637 3109 4403 4501 5048 1887 3614 9526 5080 6221 3430 5522 6910 8825 5810 942 2329 5778 2586 5185 6192 7839 7902 6679 2329 4373 9549 5437 6205 5275 9836 3822 2125 6887 4661 6957 8618 7298 2678 3018 6925 1758 822 4227 9395 5657 3296 9625 6775 564 8522
6879 7459 1448 4348 8712 8933 4868 9169 6846 1067 5365 6201 5774 5265 6133 2510 4319 3992 6019 9092 4349 5538 202 205 6952 4000 4219 6816 7377 5046 6204 99 782 1958 7609 8842 733 1365 2521 9610 2203 9195 1392 9480 1150 1360 7766 5162 1682 4985 9634 662 5789 131 6453 4151 5237 1353 7726 2196 5321 2978 4799 3305 2851 3414 6039 9843 2181 3932 6522 3505 5703 9369 3520 2283 6908 8273 4465 1126 2820 7159 796 5467 6917 1703 6567 766 9406 9047 8362 1904 7120 6324 1446 6440 4838 8078 7659 9510
3804 2708 9999 2637 6798 9668 1601 2940 645 4598 319 9562 8897 2909 1471 7337 5206 4196 9537 9063 97 758 4120 3230 3143 7767 6540 1401 4545 2436 2127 5989 5777 9477 9770 311 3888 1608 193 96 4784 7890 7782 3438 4315 1608 5432 5800 27 6848 2784 3364 2150 9383 7759 1220 957 7419 6832 6948 5865 5614 6293 980 9147 4645 3931 1367 2745 4362 3514 4069 3031 4424 2137 7731 710 1334 7566 2816 2102 2670 5844 359 81 5924 3905 5224 5827 9923 7147 9049 539 6674 3095 3271 2911 8202 5213 9459
3838 3963 3002 5133 6746 6426 4818 4072 6255 531 1278 9181 7350 9381 1357 3928 7003 3001 297 6648 7844 6202 9958 19 7388 1434 8661 4614 7411 884 9979 1914 1050 6467 7160 8036 4117 7606 2774 5502 2346 7783 4349 7484 9721 3006 7130 2031 1570 6128 9894 3631 932 9484 8089 1898 1091 5275 8853 9121 4386 928 8515 9632 8310 8644 1961 1198 1132 688 2299 3152 5840 2103 4782 8522 9880 1743 5744 1633 7658 7417 9353 6265 2385 1546 2210 7202 9781 5735 1729 7933 2224 7570 314 198 7447 486 7171 5845
2020 5759 4907 3510 9292 5136 4007 4979 8386 5136 4148 3142 337 1758 1189 980 8806 1545 7726 3396 6489 9729 3356 7419 9946 3309 3192 8641 1064 2571 3458 8807 2845 879 5910 4862 1108 9634 225 3837 2748 9699 7639 9581 9550 1603 3298 9403 3493 6584 7757 5454 49 4657 765 9084 7356 8748 5536 9311 6590 1627 7204 9781 9845 907 9929 5699 3889 8966 5755 9507 1843 3546 8417 7154 6941 8087 4405 8230 8316 8492 3031 1300 9363 1231 4938 7292 2787 6338 6168 4964 7160 4974 2131 3146 3844 506 7785 9114
4926 9499 5593 7236 785 4648 5925 6242 2917 6346 5186 9400 2311 6268 2744 5218 7079 4713 3319 8166 8526 1486 8082 652 6836 1916 3323 4632 2605 1293 2454 2350 8627 5233 939 7644 2955 789 2413 6414 9451 8943 3249 7910 585 3363 3388 7586 7128 1353 7156 7659 2651 322 8617 629 9867 3693 7961 1940 7321 6375 3776 6055 3626 3122 7310 538 6692 3781 6217 531 7847 691 4646 5608 2743 9549 7546 7405 4683 712 3987 2033 5105 6552 1339 8874 3399 9019 7783 7155 2682 2430 4022 9392 4086 6460 8599 6355
3824 9690 2699 367 7240 5930 2609 1469 29 276 6282 3800 1025 7279 2657 5538 6305 5297 420 4172 3067 9941 3162 3737 6709 5333 6743 9639 4831 95 8257 5239 5231 6605 1245 2392 232 7496 19 6047 2691 6727 6213 9363 8350 8931 6544 6106 8298 4189 2513 3616 3203 9614 2969 2969 2718 6425 1599 6071 2916 7315 8439 231 9476 3778 9265 8456 5674 8633 9137 1917 9585 5946 6654 8203 2561 5190 7287 606 7784 5852 7196 8744 1560 3126 4438 3186 2007 5307 3989 4236 5971 1101 9379 280 3362 4392 1536 7557
5127 146 747 2919 182 9584 4643 5871 6366 5486 5530 9115 4813 6668 4537 1131 1209 7275 4118 2660 186 2555 4519 7425 52 5497 1546 5325 7819 1015 6282 6652 4466 3933 5762 5471 4660 9523 7324 9659 2984 3194 5572 1323 7677 4329 316 3725 8750 8591 8217 1106 1458 787 903 6198 6867 6004 6872 4277 204 5499 6354 8047 2071 9257 735 6243 834 1618 9507 8311 9646 8811 406 8823 654 4469 9328 8081 2144 7448 4482 2558 8873 5963 2184 2540 6108 7779 6335 4028 2536 2057 5153 3329 8572 4712 7379 2195
8679 9467 1695 8155 3422 6296 8591 1011 6537 3935 8511 423 3060 7185 2140 6890 9292 4367 8772 7512 5725 4780 4949 3192 5287 9359 2013 2410 795 8604 1423 5850 8112 9057 6754 8269 1066 3789 8915 4283 9317 7618 9162 7831 9605 3170 5859 101 560 5081 438 3060 9613 3696 4333 3262 3235 6282 3621 868 2173 1554 2903 2526 9231 5609 1200 9528 1521 6473 1094 9325 5928 1420 3810 1599 1880 3573 780 8758 3801 4398 6982 6914 6218 7102 2958 6599 8500 3664 6170 7169 6006 5517 1230 8043 4119 1658 5447 3465
4895 5808 9785 6735 506 5855 8179 3872 6218 8147 718 9054 8278 1449 3352 6941 4322 2494 1267 5713 3595 2314 2141 3398 5435 2756 2115 3000 8799 5463 7761 9817 6166 2120 7767 9247 8346 863 4790 6187 5442 5344 6193 7292 9983 5900 9519 216 434 8696 6376 8569 9955 9873 9974 8399 872 1632 4333 6677 2177 8465 9816 8596 7145 7957 7073 8255 4851 704 2263 8434 893 6383 3136 1469 9002 1469 3626 4517 1028 5972 7963 3271 3452 8023 5507 1518 1491 7275 8016 1306 7370 79 3965 3505 6545 4086 6675 484
1557 86 416 4021 3803 8410 5311 9443 9763 1109 6044 4325 800 4096 2658 2620 5054 5840 9143 6651 9040 5546 1572 8084 5257 59 2029 4886 2425 6258 502 6893 5590 8708 2987 6809 8068 5847 7151 7084 8072 4146 23 7086 4727 7787 6080 4258 6079 6385 1623 3816 7206 3550 8533 931 4943 9192 7937 8709 5332 7412 5267 7709 5654 2858 8385 7441 1775 8253 7527 4104 6849 2428 8957 749 7325 8812 208 660 3979 1741 7189 6368 8047 1704 5016 6343 9895 9180 8842 4394 3901 2450 6163 7402 8629 8185 9409 7410
6213 2144 2354 9705 2780 3497 7977 5092 2064 8195 1287 2041 3166 6684 7751 1492 4551 6637 2758 2160 5050 1545 3445 8539 1532 3089 4663 5166 8024 352 9314 4147 6413 7213 4146 134 5662 7353 5248 2639 8252 9611 2092 5410 717 3596 4571 575 1090 2311 5720 6976 636 5953 2492 7360 4277 3613 5164 9777 2019 6983 5340 7754 8054 1574 9928 4786 4124 7690 1013 872 5702 7954 1277 6725 8492 3595 5803 6024 1268 2891 8978 2923 7042 8048 5727 7561 2611 4967 5761 1154 6770 9463 8160 146 9395 3750 8809 1022
7857 4212 8386 109 9358 1034 5900 9701 2224 3928 169 1363 5910 9196 5447 5771 7736 1631 5326 6824 8280 4225 8145 2083 5520 7312 1729 5191 85 8593 8485 9652 5256 3186 6763 9750 2830 171 4202 3825 8361 2222 3164 715 6929 2097 5520 6026 4215 6048 5201 2324 8444 9708 4487 9976 9731 3817 9959 9282 5962 5873 6283 4483 8260 8403 3624 5218 4597 4487 6475 4654 5753 2209 5630 3049 221 7853 8599 5634 4612 9469 1726 5221 9721 6986 6002 7004 4390 7453 3065 9396 6873 5061 9173 6194 1078 9546 9068 5443
4418 4050 8245 8740 5377 6480 2628 3693 6765 96 5129 4242 8574 4996 1093 6031 1847 504 3608 5905 214 8416 1887 4348 8968 9280 3471 6444 7476 9347 4557 3551 8218 7382 3369 8098 669 5638 1684 2765 1664 5595 3538 1662 5026 6961 4404 1508 5378 783 4479 9748 7253 6622 6826 5591 3728 5835 1350 3740 1049 6519 7958 2530 2913 9684 287 5877 6083 5663 8497 4559 1394 8475 9674 8784 4190 2577 8346 9278 9017 364 7240 2784 3302 9314 9587 6506 7266 719 8937 7393 5444 6609 1410 886 8583 1985 6633 6388
3587 382 3697 3311 1426 9188 9253 1109 7280 1922 981 59 5063 6018 2219 717 6344 1821 6281 9678 9498 5087 883 9947 8875 416 894 2378 647 241 9616 2640 1317 7709 5724 7218 3616 6710 4410 1649 2776 9064 4730 8552 5158 4903 932 170 2539 8808 8516 3181 5875 1884 3028 4915 3334 1626 8829 6851 4619 6626 4544 7408 8533 2802 968 9912 7641 1531 8301 3824 1182 8210 3206 2000 8729 9664 8403 6048 5136 4612 5592 4930 7072 1277 8872 8938 3795 745 4265 380 104 5272 2146 6112 260 4866 9162 789
8134 6072 9660 6392 1573 7415 8277 6575 869 8862 2165 6047 1233 2732 1303 3505 5814 3797 7136 7987 7681 8890 5689 1961 3401 7156 879 2770 5905 9203 6506 3411 9608 1055 6494 4349 2682 8362 5211 8424 909 6267 6888 6762 5289 5224 1336 5780 9895 790 1070 2337 8936 2093 6124 9671 6820 2856 9334 4702 4197 4403 4305 2516 678 6846 4801 6869 2025 8009 2153 9495 7681 6072 6418 6166 6183 7888 6858 6198 9512 5599 7340 4580 9644 8557 2709 6016 2507 298 9249 7183 8816 3487 3994 5929 5752 3664 3013 2633
5775 8458 9856 164 4113 8448 3351 2287 377 8791 338 8908 9019 3302 7358 8678 7078 9744 4308 3934 1612 6932 2854 2555 9834 9117 9370 2191 7720 9648 5954 7598 1800 5533 3303 7332 595 5336 9069 1021 5065 5332 8540 7558 7669 3155 7721 9992 3964 6411 8532 5599 5955 6631 2215 8963 7730 3381 3668 9772 6384 1016 1179 4040 4761 6052 1375 7094 4005 5241 9908 2170 7297 514 391 2708 6117 3711 5275 2117 8991 8746 3995 1134 262 3653 4102 4406 5318 2169 1043 5090 2388 5297 3012 5397 5178 7443 5792 3266
9484 4869 1154 6629 1579 5689 2594 9789 3897 1788 3985 5007 6810 9405 8910 4050 9670 9536 6514 9831 8667 8854 1201 7954 9629 3092 5286 2527 3021 5096 2391 8514 1155 8980 5849 3395 7208 2227 6243 1680 8552 8571 9433 9613 902 627 5728 285 9576 9249 8783 2846 1689 203 4196 6983 2772 3590 108 1842 7470 8836 266 7799 7658 6003 3689 9447 47 4523 9566 4042 5827 3790 6826 2850 2389 5608 4568 5693 4605 9031 4318 3406 8322 271 9990 3338 9426 4707 8618 1365 9048 634 2005 5325 7343 8257 1543 5384
2783 8977 9608 1501 4821 6229 8382 4675 3096 9460 7241 7850 2824 7682 4165 622 8155 70 3468 7787 3582 1937 773 5807 8655 199 6516 7774 1582 2189 6619 7713 7538 4819 5339 1392 224 498 9575 643 2391 9694 5436 3738 6169 242 7050 900 781 2783 461 2347 5953 1000 2621 1103 1453 2632 9418 7865 3285 4109 9065 5081 5465 9290 3056 7204 6908 7675 301 7114 3324 1796 7493 8187 1170 8741 9165 9534 4023 2715 6115 9752 9897 1585 2255 2928 4987 559 8267 6613 7127 3579 7981 5413 6879 8686 9502 738
2463 9131 9264 7795 7739 3271 7196 5696 6007 6498 4849 6440 732 2992 8396 2641 9460 8754 9811 4869 740 9841 2290 1591 3578 1564 6514 228 5044 8837 7326 6219 1289 6828 5070 1664 5973 1874 7433 9647 4581 7658 5572 5401 3325 4003 8097 2108 681 7655 3069 7666 6621 6676 8988 4451 1618 6078 9973 5120 6529 5833 5364 6027 7714 5178 2727 9657 8093 3459 5813 614 5015 5234 600 8343 8473 7629 9899 7458 7874 5903 9991 2738 8687 9030 7523 1212 9593 8943 2670 6154 2112 1854 4947 9322 7985 4498 9618 8178
8960 4188 3835 3764 6698 3522 9642 7497 6957 4099 7762 8343 8875 4927 6683 2034 1342 8878 8967 4610 3762 5212 1043 8817 8986 5619 9524 9502 1931 6283 6288 7625 2576 4260 1215 6377 3740 2445 8427 9954 2756 7177 6646 7343 8165 4465 1215 5024 5588 4423 6437 883 7839 6157 2834 1602 2443 1249 7689 4596 576 5260 7708 5333 4834 1206 210 3165 4263 7905 963 8370 8389 3158 798 3340 5784 7678 5464 6664 4964 8973 9417 3353 1377 3466 8852 38 4077 9372 891 6636 9339 9096 9450 988 5997 1132 3933 7171
9845 6650 770 3591 6965 5574 1666 4267 9389 8677 839 8962 5124 2215 7075 6783 6218 8770 2565 2862 9919 3396 6974 6518 6761 9106 3317 2881 2441 5743 4050 101 243 4608 2288 622 1504 2381 1257 2347 3624 185 4569 4848 7620 4925 6260 9988 593 5600 1585 4468 933 756 6045 403 4630 5798 6084 3555 7894 3590 2612 6567 9640 8454 2112 6078 9819 1016 3997 4483 8535 405 6199 6229 3435 7563 4385 8702 8466 8404 2632 4045 550 3226 8906 2295 4832 8223 4126 6177 6405 4642 7708 8282 3598 8504 4060 4091
4021 2795 1997 2427 4847 9374 4674 5586 2445 9831 8591 4264 4142 8783 843 8880 7049 8405 5388 6704 928 7953 751 532 4276 6621 5515 571 5911 1772 6003 7520 1520 5643 5448 1032 1996 7029 8153 5336 9747 9614 3081 9167 7614 3297 8593 2783 8648 6260 6246 7627 4768 6296 2370 8053 8587 1944 2533 8051 9434 6530 2390 4772 2467 1442 4613 5145 62 9150 8655 4669 6042 7852 8619 3952 6539 4949 6697 4434 7807 9785 4995 4231 158 708 4474 8058 9227 1801 6878 7615 7477 3157 6679 7019 1360 9016 1181 5726
1166 7217 7769 6612 2416 5300 9802 5253 7175 3225 703 7093 5791 3132 1233 8054 5998 1509 2912 5313 8825 9925 6897 9343 9283 3171 5512 3285 1502 7091 2075 3856 6076 6443 6279 1654 2967 6108 5830 4639 1511 165 9007 8787 1318 9723 8591 344 7519 8673 8890 1407 9834 1256 3965 6468 5021 5707 5211 3363 8841 9749 9928 8537 9717 8964 1546 5935 7526 5526 7807 2873 3993 4471 5182 1021 7775 4267 9212 6661 9936 9589 231 2024 6809 6575 7765 8360 3592 4433 8404 7215 1924 8757 221 8994 5073 8412 6034 2093
2250 8559 8567 4008 5179 3181 1969 3701 8822 1863 2138 3123 326 2057 6535 5406 6546 9753 3168 2534 796 2118 124 3139 1473 574 6904 6037 8564 2910 3262 8788 6984 6395 1445 1686 8888 6574 2582 2943 1208 4065 3452 9449 2565 4899 3919 2389 7654 646 3181 6286 9943 5388 2578 5785 6319 1149 7009 6056 1817 2257 575 2184 4947 1122 8934 5872 6148 6100 2208 4470 1718 6552 8829 3459 929 5373 2696 5317 8109 8260 2905 8089 6406 554 1320 6160 4503 609 6389 2682 5967 5348 5572 5443 3231 4035 8318 7807
1369 7245 7943 8569 5567 7133 1559 2595 1686 8884 1904 3953 9520 3731 6937 6413 6306 5727 6456 7470 9838 3678 7652 9993 7941 5490 2202 7530 89 6140 4951 7034 128 5426 5214 5056 9721 62 9078 3644 4119 7039 3039 2015 326 8754 1472 5818 6210 4981 897 9767 4774 1982 4542 8290 422 6400 5372 7393 8203 8609 4588 9597 3107 9126 9905 8553 4034 809 2984 9953 1814 1493 6562 2895 2472 404 8005 5636 6423 2078 3022 1326 5025 2974 5018 9034 1819 6797 9422 7354 4379 9472 6082 7822 3550 970 6940 4596
6539 5433 9397 4409 869 9178 3272 2916 8884 4225 9197 5214 795 3164 4992 420 4477 9592 9061 2997 820 8132 9493 9049 9244 2442 3927 8313 1648 9797 4238 9485 7028 4940 6965 6465 9910 7684 8318 8789 8884 733 8966 5304 5609 2757 2169 2452 8885 7752 5484 4771 4027 3942 3559 2741 8796 5018 4795 8320 4591 744 4165 5956 3088 9534 7070 3661 7016 8905 7351 1432 9802 2795 574 918 6477 1188 6378 7649 9130 2105 2324 2513 2894 7276 60 4334 4704 8861 7518 9034 3673 7022 6736 9096 7532 9707 4784 338
8450 7130 4797 8646 2631 3879 7403 5198 6280 664 7975 3839 2808 3204 1242 1160 3002 9165 6937 8224 980 878 9985 2956 2615 7348 1346 7614 2077 6565 2070 777 9732 1746 5345 4640 2104 2229 1734 1284 7820 5725 2270 2035 1296 762 2362 4385 9531 2168 2951 8658 3606 8435 2762 9285 1401 2082 1133 7346 7825 3338 5185 4194 5487 2127 2287 575 5764 8346 1419 9632 5303 2035 4332 4239 1402 3755 5119 1602 4032 9654 1263 9861 2787 3631 1786 3173 1737 3234 8116 869 8061 553 6170 5594 6349 2109 1359 3061
7329 2951 6348 1066 2458 8427 3485 1091 6388 1196 22 1543 7557 3381 1825 3339 6980 1565 4185 9859 4584 3788 9428 798 5010 7707 1449 6971 4718 4322 5116 8329 8056 8873 370 5046 5566 4633 1751 1650 3032 8463 1302 311 3375 6518 7528 4033 8568 9758 8658 1168 5347 4506 3808 7607 5230 8273 2765 3531 9795 9157 6779 8746 2023 7867 9697 2290 9897 2877 965 1331 974 4525 5243 6808 5677 7849 8289 3105 8865 8451 5811 7963 5088 1569 4937 8655 8871 3463 1999 3039 2644 8311 1913 8287 8745 6285 712 8490
9358 3096 7780 1984 793 9339 2290 378 5770 1175 2193 1970 3314 9637 9755 3728 784 8472 9303 7121 4828 6442 8437 5940 561 5712 9041 6641 4650 3569 6978 2663 7161 4109 6201 5586 6056 7016 555 5746 9361 6657 1791 9499 4556 4965 2650 7285 9282 8850 8382 7515 3961 9522 8 1525 8173 7796 1064 7726 3426 4206 7370 2718 1953 7937 9125 4248 1426 8711 9602 4126 4966 211 732 1422 7833 8973 1960 4703 3196 8251 9560 951 2920 77 739 7852 1770 5332 1182 5536 1546 7730 4377 3570 5682 4033 8194 4571
