2498 4
4995 16
7490 16
9983 4
12474 40
14963 4
17450 12
19935 12
22418 8
24899 2
27378 30
29855 8
32330 16
34803 4
37274 2
39743 2
42210 48
44675 3
47138 24
49599 16
52058 2
54515 2
56970 32
59423 8
61874 2
64323 12
66770 16
69215 8
71658 8
74099 1
76538 24
78975 36
81410 16
83843 1
86274 6
88703 4
91130 16
93555 48
95978 4
98399 2
100818 8
103235 4
105650 6
108063 3
110474 16
112883 4
115290 64
117695 2
120098 16
122499 16
124898 8
127295 4
129690 48
132083 2
134474 8
136863 16
139250 16
141635 4
144018 40
146399 2
148778 4
151155 6
153530 16
155903 2
158274 20
160643 8
163010 4
165375 48
167738 2
170099 1
172458 48
174815 2
177170 8
179523 16
181874 16
184223 8
186570 32
188915 2
191258 2
193599 18
195938 6
198275 24
200610 32
202943 8
205274 8
207603 20
209930 8
212255 2
214578 48
216899 1
219218 2
221535 20
223850 36
226163 2
228474 8
230783 2
233090 32
235395 6
237698 8
239999 1
242298 32
244595 16
246890 8
249183 16
251474 2
253763 1
256050 36
258335 24
260618 8
262899 32
265178 2
267455 8
269730 56
272003 1
274274 32
276543 3
278810 24
281075 3
283338 48
285599 1
287858 8
290115 32
292370 24
294623 2
296874 6
299123 8
301370 4
303615 32
305858 6
308099 8
310338 32
312575 3
314810 4
317043 3
319274 4
321503 4
323730 64
325955 16
328178 2
330399 5
332618 16
334835 8
337050 72
339263 1
341474 4
343683 5
345890 4
348095 4
350298 32
352499 4
354698 4
356895 48
359090 16
361283 2
363474 32
365663 2
367850 24
370035 8
372218 8
374399 1
376578 6
378755 4
380930 8
383103 8
385274 2
387443 3
389610 80
391775 3
393938 4
396099 6
398258 4
400415 4
402570 80
404723 2
406874 4
409023 4
411170 4
413315 16
415458 6
417599 12
419738 4
421875 28
424010 16
426143 2
428274 64
430403 2
432530 32
434655 24
436778 2
438899 1
441018 8
443135 16
445250 32
447363 24
449474 2
451583 8
453690 36
455795 2
457898 4
459999 14
462098 8
464195 8
466290 64
468383 2
470474 4
472563 24
474650 24
476735 16
478818 8
480899 2
482978 2
485055 8
487130 8
489203 12
491274 36
493343 4
495410 16
497475 48
499538 4
501599 8
503658 10
505715 4
507770 4
509823 6
511874 16
513923 1
515970 120
518015 8
520058 24
522099 16
524138 2
526175 6
528210 12
530243 8
532274 2
534303 32
536330 4
538355 2
540378 8
542399 4
544418 16
546435 6
548450 12
550463 2
552474 32
554483 2
556490 8
558495 40
560498 2
562499 8
564498 12
566495 8
568490 8
570483 5
572474 16
574463 2
576450 96
578435 16
580418 2
582399 12
584378 16
586355 8
588330 16
590303 4
592274 2
594243 8
596210 4
598175 12
600138 48
602099 1
604058 8
606015 24
607970 8
609923 1
611874 12
613823 3
615770 16
617715 48
619658 4
621599 2
623538 12
625475 12
627410 8
629343 32
631274 16
633203 2
635130 12
637055 8
638978 2
640899 8
642818 16
644735 24
646650 48
648563 1
650474 4
652383 12
654290 32
656195 4
658098 16
659999 1
661898 4
663795 40
665690 4
667583 2
669474 12
671363 4
673250 8
675135 10
677018 4
678899 2
680778 16
682655 2
684530 48
686403 6
688274 16
690143 1
692010 64
693875 32
695738 4
697599 8
699458 2
701315 2
703170 48
705023 8
706874 6
708723 4
710570 8
712415 4
714258 10
716099 2
717938 16
719775 36
721610 4
723443 2
725274 60
727103 2
728930 4
730755 8
732578 32
734399 2
736218 12
738035 2
739850 6
741663 8
743474 2
745283 4
747090 16
748895 4
750698 6
752499 18
754298 4
756095 16
757890 64
759683 2
761474 16
763263 16
765050 48
766835 4
768618 6
770399 8
772178 4
773955 72
775730 4
777503 2
779274 8
781043 1
782810 32
784575 36
786338 4
788099 2
789858 8
791615 16
793370 4
795123 24
796874 4
798623 2
800370 12
802115 2
803858 16
805599 4
807338 4
809075 3
810810 160
812543 2
814274 2
816003 6
817730 4
819455 8
821178 40
822899 4
824618 4
826335 8
828050 6
829763 8
831474 12
833183 2
834890 8
836595 8
838298 8
839999 1
841698 64
843395 4
845090 4
846783 6
848474 4
850163 2
851850 48
853535 2
855218 32
856899 20
858578 6
860255 4
861930 48
863603 2
865274 2
866943 40
868610 4
870275 6
871938 32
873599 6
875258 2
876915 12
878570 48
880223 1
881874 16
883523 2
885170 32
886815 8
888458 4
890099 2
891738 24
893375 16
895010 4
896643 8
898274 4
899903 1
901530 96
903155 4
904778 4
906399 24
908018 2
909635 2
911250 70
912863 2
914474 16
916083 32
917690 16
919295 4
920898 12
922499 1
924098 16
925695 8
927290 32
928883 1
930474 8
932063 3
933650 24
935235 12
936818 8
938399 6
939978 48
941555 2
943130 8
944703 20
946274 16
947843 2
949410 96
950975 3
952538 4
954099 5
955658 16
957215 6
958770 64
960323 16
961874 2
963423 12
964970 4
966515 4
968058 64
969599 1
971138 16
972675 48
974210 8
975743 1
977274 6
978803 4
980330 8
981855 32
983378 4
984899 2
986418 10
987935 4
989450 48
990963 12
992474 4
993983 1
995490 40
996995 2
998498 8
999999 64
1001498 4
1002995 4
1004490 12
1005983 2
1007474 4
1008963 4
1010450 12
1011935 2
1013418 48
1014899 2
1016378 4
1017855 6
1019330 8
1020803 2
1022274 16
1023743 2
1025210 16
1026675 54
1028138 8
1029599 2
1031058 48
1032515 4
1033970 8
1035423 6
1036874 4
1038323 16
1039770 16
1041215 16
1042658 2
1044099 6
1045538 4
1046975 3
1048410 64
1049843 1
1051274 16
1052703 16
1054130 48
1055555 4
1056978 12
1058399 2
1059818 4
1061235 32
1062650 24
1064063 16
1065474 10
1066883 1
1068290 16
1069695 12
1071098 4
1072499 2
1073898 40
1075295 16
1076690 8
1078083 4
1079474 16
1080863 2
1082250 96
1083635 6
1085018 16
1086399 4
1087778 2
1089155 4
1090530 64
1091903 2
1093274 8
1094643 6
1096010 16
1097375 4
1098738 8
1100099 24
1101458 4
1102815 40
1104170 16
1105523 2
1106874 6
1108223 1
1109570 48
1110915 40
1112258 8
1113599 1
1114938 16
1116275 3
1117610 8
1118943 6
1120274 2
1121603 8
1122930 16
1124255 4
1125578 2
1126899 4
1128218 8
1129535 6
1130850 72
1132163 6
1133474 2
1134783 32
1136090 16
1137395 4
1138698 56
1139999 8
1141298 2
1142595 6
1143890 8
1145183 8
1146474 48
1147763 2
1149050 48
1150335 8
1151618 4
1152899 8
1154178 12
1155455 4
1156730 16
1158003 32
1159274 2
1160543 1
1161810 64
1163075 3
1164338 18
1165599 6
1166858 8
1168115 4
1169370 64
1170623 2
1171874 4
1173123 10
1174370 4
1175615 4
1176858 6
1178099 3
1179338 4
1180575 60
1181810 8
1183043 2
1184274 64
1185503 2
1186730 4
1187955 6
1189178 8
1190399 2
1191618 8
1192835 16
1194050 48
1195263 4
1196474 4
1197683 4
1198890 96
1200095 16
1201298 8
1202499 4
1203698 2
1204895 8
1206090 20
1207283 4
1208474 2
1209663 36
1210850 24
1212035 4
1213218 10
1214399 2
1215578 8
1216755 8
1217930 32
1219103 2
1220274 12
1221443 1
1222610 16
1223775 72
1224938 8
1226099 4
1227258 8
1228415 2
1229570 4
1230723 24
1231874 4
1233023 8
1234170 64
1235315 4
1236458 2
1237599 24
1238738 6
1239875 32
1241010 12
1242143 4
1243274 16
1244403 16
1245530 48
1246655 4
1247778 16
1248899 2
1250018 8
1251135 6
1252250 8
1253363 8
1254474 16
1255583 2
1256690 4
1257795 64
1258898 2
1259999 8
1261098 6
1262195 16
1263290 8
1264383 4
1265474 24
1266563 1
1267650 60
1268735 16
1269818 4
1270899 6
1271978 2
1273055 4
1274130 120
1275203 1
1276274 4
1277343 4
1278410 12
1279475 12
1280538 12
1281599 8
1282658 4
1283715 32
1284770 4
1285823 4
1286874 8
1287923 4
1288970 16
1290015 24
1291058 2
1292099 1
1293138 64
1294175 3
1295210 8
1296243 20
1297274 4
1298303 2
1299330 12
1300355 16
1301378 4
1302399 10
1303418 16
1304435 16
1305450 48
1306463 2
1307474 8
1308483 6
1309490 16
1310495 8
1311498 32
1312499 2
1313498 2
1314495 64
1315490 8
1316483 12
1317474 12
1318463 1
1319450 12
1320435 8
1321418 8
1322399 2
1323378 48
1324355 2
1325330 4
1326303 6
1327274 16
1328243 3
1329210 48
1330175 24
1331138 2
1332099 16
1333058 2
1334015 8
1334970 96
1335923 4
1336874 8
1337823 4
1338770 4
1339715 4
1340658 64
1341599 2
1342538 2
1343475 36
1344410 16
1345343 1
1346274 32
1347203 4
1348130 8
1349055 10
1349978 16
1350899 8
1351818 48
1352735 2
1353650 6
1354563 10
1355474 2
1356383 4
1357290 64
1358195 2
1359098 6
1359999 12
1360898 8
1361795 2
1362690 96
1363583 2
1364474 2
1365363 16
1366250 20
1367135 32
1368018 6
1368899 8
1369778 2
1370655 64
1371530 4
1372403 1
1373274 60
1374143 2
1375010 16
1375875 24
1376738 6
1377599 2
1378458 40
1379315 4
1380170 8
1381023 8
1381874 4
1382723 2
1383570 12
1384415 2
1385258 4
1386099 32
1386938 16
1387775 3
1388610 64
1389443 3
1390274 8
1391103 24
1391930 8
1392755 8
1393578 32
1394399 2
1395218 4
1396035 28
1396850 48
1397663 2
1398474 48
1399283 1
1400090 4
1400895 24
1401698 2
1402499 2
1403298 16
1404095 24
1404890 8
1405683 12
1406474 4
1407263 12
1408050 96
1408835 2
1409618 16
1410399 4
1411178 4
1411955 2
1412730 24
1413503 16
1414274 8
1415043 8
1415810 32
1416575 3
1417338 40
1418099 2
1418858 4
1419615 6
1420370 32
1421123 2
1421874 40
1422623 2
1423370 8
1424115 64
1424858 2
1425599 2
1426338 6
1427075 6
1427810 8
1428543 16
1429274 8
1430003 2
1430730 64
1431455 4
1432178 4
1432899 24
1433618 2
1434335 16
1435050 48
1435763 8
1436474 4
1437183 10
1437890 8
1438595 4
1439298 12
1439999 8
1440698 24
1441395 10
1442090 8
1442783 1
1443474 8
1444163 4
1444850 48
1445535 48
1446218 2
1446899 1
1447578 16
1448255 4
1448930 12
1449603 16
1450274 4
1450943 2
1451610 36
1452275 6
1452938 2
1453599 8
1454258 4
1454915 8
1455570 48
1456223 2
1456874 2
1457523 3
1458170 32
1458815 4
1459458 112
1460099 1
1460738 8
1461375 32
1462010 8
1462643 4
1463274 6
1463903 4
1464530 16
1465155 8
1465778 2
1466399 3
1467018 16
1467635 16
1468250 32
1468863 24
1469474 2
1470083 2
1470690 64
1471295 16
1471898 2
1472499 40
1473098 4
1473695 8
1474290 12
1474883 2
1475474 48
1476063 5
1476650 12
1477235 8
1477818 8
1478399 2
1478978 4
1479555 72
1480130 4
1480703 4
1481274 8
1481843 4
1482410 8
1482975 48
1483538 4
1484099 2
1484658 12
1485215 4
1485770 32
1486323 4
1486874 8
1487423 4
1487970 80
1488515 16
1489058 4
1489599 3
1490138 8
1490675 3
1491210 80
1491743 2
1492274 4
1492803 8
1493330 4
1493855 16
1494378 12
1494899 2
1495418 4
1495935 16
1496450 18
1496963 2
1497474 16
1497983 1
1498490 8
1498995 6
1499498 48
1499999 2
1500498 32
1500995 8
1501490 8
1501983 24
1502474 2
1502963 16
1503450 72
1503935 2
1504418 16
1504899 24
1505378 6
1505855 4
1506330 64
1506803 1
1507274 4
1507743 12
1508210 8
1508675 24
1509138 8
1509599 16
1510058 4
1510515 32
1510970 8
1511423 1
1511874 72
1512323 1
1512770 8
1513215 32
1513658 2
1514099 1
1514538 10
1514975 24
1515410 8
1515843 6
1516274 2
1516703 2
1517130 20
1517555 16
1517978 8
1518399 4
1518818 16
1519235 8
1519650 72
1520063 2
1520474 2
1520883 32
1521290 16
1521695 6
1522098 32
1522499 4
1522898 4
1523295 6
1523690 8
1524083 8
1524474 64
1524863 2
1525250 8
1525635 10
1526018 4
1526399 3
1526778 36
1527155 4
1527530 4
1527903 10
1528274 4
1528643 1
1529010 64
1529375 5
1529738 4
1530099 12
1530458 2
1530815 8
1531170 64
1531523 4
1531874 16
1532223 48
1532570 8
1532915 4
1533258 24
1533599 1
1533938 4
1534275 12
1534610 16
1534943 2
1535274 44
1535603 1
1535930 8
1536255 12
1536578 4
1536899 4
1537218 12
1537535 4
1537850 6
1538163 8
1538474 4
1538783 2
1539090 72
1539395 8
1539698 4
1539999 4
1540298 4
1540595 4
1540890 64
1541183 2
1541474 4
1541763 6
1542050 6
1542335 2
1542618 96
1542899 1
1543178 32
1543455 40
1543730 4
1544003 1
1544274 6
1544543 8
1544810 16
1545075 60
1545338 2
1545599 4
1545858 8
1546115 2
1546370 8
1546623 6
1546874 4
1547123 2
1547370 64
1547615 2
1547858 8
1548099 8
1548338 4
1548575 6
1548810 12
1549043 2
1549274 4
1549503 4
1549730 48
1549955 4
1550178 20
1550399 2
1550618 2
1550835 48
1551050 24
1551263 4
1551474 40
1551683 3
1551890 16
1552095 8
1552298 8
1552499 8
1552698 12
1552895 4
1553090 16
1553283 4
1553474 16
1553663 2
1553850 48
1554035 6
1554218 2
1554399 12
1554578 4
1554755 4
1554930 64
1555103 4
1555274 4
1555443 24
1555610 32
1555775 6
1555938 6
1556099 2
1556258 16
1556415 56
1556570 4
1556723 2
1556874 16
1557023 2
1557170 4
1557315 6
1557458 8
1557599 2
1557738 64
1557875 24
1558010 4
1558143 4
1558274 2
1558403 16
1558530 12
1558655 4
1558778 16
1558899 4
1559018 4
1559135 2
1559250 160
1559363 3
1559474 6
1559583 12
1559690 12
1559795 4
1559898 10
1559999 2
1560098 2
1560195 64
1560290 8
1560383 2
1560474 6
1560563 2
1560650 60
1560735 32
1560818 4
1560899 2
1560978 32
1561055 2
1561130 8
1561203 6
1561274 32
1561343 2
1561410 16
1561475 3
1561538 4
1561599 10
1561658 16
1561715 2
1561770 96
1561823 1
1561874 4
1561923 10
1561970 8
1562015 8
1562058 8
1562099 4
1562138 2
1562175 36
1562210 32
1562243 1
1562274 16
1562303 2
1562330 16
1562355 32
1562378 4
1562399 2
1562418 48
1562435 4
1562450 6
1562463 24
1562474 4
1562483 8
1562490 48
1562495 4
1562498 16
1562499 12
1562498 16
1562495 4
1562490 48
1562483 8
1562474 4
1562463 24
1562450 6
1562435 4
1562418 48
1562399 2
1562378 4
1562355 32
1562330 16
1562303 2
1562274 16
1562243 1
1562210 32
1562175 36
1562138 2
1562099 4
1562058 8
1562015 8
1561970 8
1561923 10
1561874 4
1561823 1
1561770 96
1561715 2
1561658 16
1561599 10
1561538 4
1561475 3
1561410 16
1561343 2
1561274 32
1561203 6
1561130 8
1561055 2
1560978 32
1560899 2
1560818 4
1560735 32
1560650 60
1560563 2
1560474 6
1560383 2
1560290 8
1560195 64
1560098 2
1559999 2
1559898 10
1559795 4
1559690 12
1559583 12
1559474 6
1559363 3
1559250 160
1559135 2
1559018 4
1558899 4
1558778 16
1558655 4
1558530 12
1558403 16
1558274 2
1558143 4
1558010 4
1557875 24
1557738 64
1557599 2
1557458 8
1557315 6
1557170 4
1557023 2
1556874 16
1556723 2
1556570 4
1556415 56
1556258 16
1556099 2
1555938 6
1555775 6
1555610 32
1555443 24
1555274 4
1555103 4
1554930 64
1554755 4
1554578 4
1554399 12
1554218 2
1554035 6
1553850 48
1553663 2
1553474 16
1553283 4
1553090 16
1552895 4
1552698 12
1552499 8
1552298 8
1552095 8
1551890 16
1551683 3
1551474 40
1551263 4
1551050 24
1550835 48
1550618 2
1550399 2
1550178 20
1549955 4
1549730 48
1549503 4
1549274 4
1549043 2
1548810 12
1548575 6
1548338 4
1548099 8
1547858 8
1547615 2
1547370 64
1547123 2
1546874 4
1546623 6
1546370 8
1546115 2
1545858 8
1545599 4
1545338 2
1545075 60
1544810 16
1544543 8
1544274 6
1544003 1
1543730 4
1543455 40
1543178 32
1542899 1
1542618 96
1542335 2
1542050 6
1541763 6
1541474 4
1541183 2
1540890 64
1540595 4
1540298 4
1539999 4
1539698 4
1539395 8
1539090 72
1538783 2
1538474 4
1538163 8
1537850 6
1537535 4
1537218 12
1536899 4
1536578 4
1536255 12
1535930 8
1535603 1
1535274 44
1534943 2
1534610 16
1534275 12
1533938 4
1533599 1
1533258 24
1532915 4
1532570 8
1532223 48
1531874 16
1531523 4
1531170 64
1530815 8
1530458 2
1530099 12
1529738 4
1529375 5
1529010 64
1528643 1
1528274 4
1527903 10
1527530 4
1527155 4
1526778 36
1526399 3
1526018 4
1525635 10
1525250 8
1524863 2
1524474 64
1524083 8
1523690 8
1523295 6
1522898 4
1522499 4
1522098 32
1521695 6
1521290 16
1520883 32
1520474 2
1520063 2
1519650 72
1519235 8
1518818 16
1518399 4
1517978 8
1517555 16
1517130 20
1516703 2
1516274 2
1515843 6
1515410 8
1514975 24
1514538 10
1514099 1
1513658 2
1513215 32
1512770 8
1512323 1
1511874 72
1511423 1
1510970 8
1510515 32
1510058 4
1509599 16
1509138 8
1508675 24
1508210 8
1507743 12
1507274 4
1506803 1
1506330 64
1505855 4
1505378 6
1504899 24
1504418 16
1503935 2
1503450 72
1502963 16
1502474 2
1501983 24
1501490 8
1500995 8
1500498 32
1499999 2
1499498 48
1498995 6
1498490 8
1497983 1
1497474 16
1496963 2
1496450 18
1495935 16
1495418 4
1494899 2
1494378 12
1493855 16
1493330 4
1492803 8
1492274 4
1491743 2
1491210 80
1490675 3
1490138 8
1489599 3
1489058 4
1488515 16
1487970 80
1487423 4
1486874 8
1486323 4
1485770 32
1485215 4
1484658 12
1484099 2
1483538 4
1482975 48
1482410 8
1481843 4
1481274 8
1480703 4
1480130 4
1479555 72
1478978 4
1478399 2
1477818 8
1477235 8
1476650 12
1476063 5
1475474 48
1474883 2
1474290 12
1473695 8
1473098 4
1472499 40
1471898 2
1471295 16
1470690 64
1470083 2
1469474 2
1468863 24
1468250 32
1467635 16
1467018 16
1466399 3
1465778 2
1465155 8
1464530 16
1463903 4
1463274 6
1462643 4
1462010 8
1461375 32
1460738 8
1460099 1
1459458 112
1458815 4
1458170 32
1457523 3
1456874 2
1456223 2
1455570 48
1454915 8
1454258 4
1453599 8
1452938 2
1452275 6
1451610 36
1450943 2
1450274 4
1449603 16
1448930 12
1448255 4
1447578 16
1446899 1
1446218 2
1445535 48
1444850 48
1444163 4
1443474 8
1442783 1
1442090 8
1441395 10
1440698 24
1439999 8
1439298 12
1438595 4
1437890 8
1437183 10
1436474 4
1435763 8
1435050 48
1434335 16
1433618 2
1432899 24
1432178 4
1431455 4
1430730 64
1430003 2
1429274 8
1428543 16
1427810 8
1427075 6
1426338 6
1425599 2
1424858 2
1424115 64
1423370 8
1422623 2
1421874 40
1421123 2
1420370 32
1419615 6
1418858 4
1418099 2
1417338 40
1416575 3
1415810 32
1415043 8
1414274 8
1413503 16
1412730 24
1411955 2
1411178 4
1410399 4
1409618 16
1408835 2
1408050 96
1407263 12
1406474 4
1405683 12
1404890 8
1404095 24
1403298 16
1402499 2
1401698 2
1400895 24
1400090 4
1399283 1
1398474 48
1397663 2
1396850 48
1396035 28
1395218 4
1394399 2
1393578 32
1392755 8
1391930 8
1391103 24
1390274 8
1389443 3
1388610 64
1387775 3
1386938 16
1386099 32
1385258 4
1384415 2
1383570 12
1382723 2
1381874 4
1381023 8
1380170 8
1379315 4
1378458 40
1377599 2
1376738 6
1375875 24
1375010 16
1374143 2
1373274 60
1372403 1
1371530 4
1370655 64
1369778 2
1368899 8
1368018 6
1367135 32
1366250 20
1365363 16
1364474 2
1363583 2
1362690 96
1361795 2
1360898 8
1359999 12
1359098 6
1358195 2
1357290 64
1356383 4
1355474 2
1354563 10
1353650 6
1352735 2
1351818 48
1350899 8
1349978 16
1349055 10
1348130 8
1347203 4
1346274 32
1345343 1
1344410 16
1343475 36
1342538 2
1341599 2
1340658 64
1339715 4
1338770 4
1337823 4
1336874 8
1335923 4
1334970 96
1334015 8
1333058 2
1332099 16
1331138 2
1330175 24
1329210 48
1328243 3
1327274 16
1326303 6
1325330 4
1324355 2
1323378 48
1322399 2
1321418 8
1320435 8
1319450 12
1318463 1
1317474 12
1316483 12
1315490 8
1314495 64
1313498 2
1312499 2
1311498 32
1310495 8
1309490 16
1308483 6
1307474 8
1306463 2
1305450 48
1304435 16
1303418 16
1302399 10
1301378 4
1300355 16
1299330 12
1298303 2
1297274 4
1296243 20
1295210 8
1294175 3
1293138 64
1292099 1
1291058 2
1290015 24
1288970 16
1287923 4
1286874 8
1285823 4
1284770 4
1283715 32
1282658 4
1281599 8
1280538 12
1279475 12
1278410 12
1277343 4
1276274 4
1275203 1
1274130 120
1273055 4
1271978 2
1270899 6
1269818 4
1268735 16
1267650 60
1266563 1
1265474 24
1264383 4
1263290 8
1262195 16
1261098 6
1259999 8
1258898 2
1257795 64
1256690 4
1255583 2
1254474 16
1253363 8
1252250 8
1251135 6
1250018 8
1248899 2
1247778 16
1246655 4
1245530 48
1244403 16
1243274 16
1242143 4
1241010 12
1239875 32
1238738 6
1237599 24
1236458 2
1235315 4
1234170 64
1233023 8
1231874 4
1230723 24
1229570 4
1228415 2
1227258 8
1226099 4
1224938 8
1223775 72
1222610 16
1221443 1
1220274 12
1219103 2
1217930 32
1216755 8
1215578 8
1214399 2
1213218 10
1212035 4
1210850 24
1209663 36
1208474 2
1207283 4
1206090 20
1204895 8
1203698 2
1202499 4
1201298 8
1200095 16
1198890 96
1197683 4
1196474 4
1195263 4
1194050 48
1192835 16
1191618 8
1190399 2
1189178 8
1187955 6
1186730 4
1185503 2
1184274 64
1183043 2
1181810 8
1180575 60
1179338 4
1178099 3
1176858 6
1175615 4
1174370 4
1173123 10
1171874 4
1170623 2
1169370 64
1168115 4
1166858 8
1165599 6
1164338 18
1163075 3
1161810 64
1160543 1
1159274 2
1158003 32
1156730 16
1155455 4
1154178 12
1152899 8
1151618 4
1150335 8
1149050 48
1147763 2
1146474 48
1145183 8
1143890 8
1142595 6
1141298 2
1139999 8
1138698 56
1137395 4
1136090 16
1134783 32
1133474 2
1132163 6
1130850 72
1129535 6
1128218 8
1126899 4
1125578 2
1124255 4
1122930 16
1121603 8
1120274 2
1118943 6
1117610 8
1116275 3
1114938 16
1113599 1
1112258 8
1110915 40
1109570 48
1108223 1
1106874 6
1105523 2
1104170 16
1102815 40
1101458 4
1100099 24
1098738 8
1097375 4
1096010 16
1094643 6
1093274 8
1091903 2
1090530 64
1089155 4
1087778 2
1086399 4
1085018 16
1083635 6
1082250 96
1080863 2
1079474 16
1078083 4
1076690 8
1075295 16
1073898 40
1072499 2
1071098 4
1069695 12
1068290 16
1066883 1
1065474 10
1064063 16
1062650 24
1061235 32
1059818 4
1058399 2
1056978 12
1055555 4
1054130 48
1052703 16
1051274 16
1049843 1
1048410 64
1046975 3
1045538 4
1044099 6
1042658 2
1041215 16
1039770 16
1038323 16
1036874 4
1035423 6
1033970 8
1032515 4
1031058 48
1029599 2
1028138 8
1026675 54
1025210 16
1023743 2
1022274 16
1020803 2
1019330 8
1017855 6
1016378 4
1014899 2
1013418 48
1011935 2
1010450 12
1008963 4
1007474 4
1005983 2
1004490 12
1002995 4
1001498 4
999999 64
998498 8
996995 2
995490 40
993983 1
992474 4
990963 12
989450 48
987935 4
986418 10
984899 2
983378 4
981855 32
980330 8
978803 4
977274 6
975743 1
974210 8
972675 48
971138 16
969599 1
968058 64
966515 4
964970 4
963423 12
961874 2
960323 16
958770 64
957215 6
955658 16
954099 5
952538 4
950975 3
949410 96
947843 2
946274 16
944703 20
943130 8
941555 2
939978 48
938399 6
936818 8
935235 12
933650 24
932063 3
930474 8
928883 1
927290 32
925695 8
924098 16
922499 1
920898 12
919295 4
917690 16
916083 32
914474 16
912863 2
911250 70
909635 2
908018 2
906399 24
904778 4
903155 4
901530 96
899903 1
898274 4
896643 8
895010 4
893375 16
891738 24
890099 2
888458 4
886815 8
885170 32
883523 2
881874 16
880223 1
878570 48
876915 12
875258 2
873599 6
871938 32
870275 6
868610 4
866943 40
865274 2
863603 2
861930 48
860255 4
858578 6
856899 20
855218 32
853535 2
851850 48
850163 2
848474 4
846783 6
845090 4
843395 4
841698 64
839999 1
838298 8
836595 8
834890 8
833183 2
831474 12
829763 8
828050 6
826335 8
824618 4
822899 4
821178 40
819455 8
817730 4
816003 6
814274 2
812543 2
810810 160
809075 3
807338 4
805599 4
803858 16
802115 2
800370 12
798623 2
796874 4
795123 24
793370 4
791615 16
789858 8
788099 2
786338 4
784575 36
782810 32
781043 1
779274 8
777503 2
775730 4
773955 72
772178 4
770399 8
768618 6
766835 4
765050 48
763263 16
761474 16
759683 2
757890 64
756095 16
754298 4
752499 18
750698 6
748895 4
747090 16
745283 4
743474 2
741663 8
739850 6
738035 2
736218 12
734399 2
732578 32
730755 8
728930 4
727103 2
725274 60
723443 2
721610 4
719775 36
717938 16
716099 2
714258 10
712415 4
710570 8
708723 4
706874 6
705023 8
703170 48
701315 2
699458 2
697599 8
695738 4
693875 32
692010 64
690143 1
688274 16
686403 6
684530 48
682655 2
680778 16
678899 2
677018 4
675135 10
673250 8
671363 4
669474 12
667583 2
665690 4
663795 40
661898 4
659999 1
658098 16
656195 4
654290 32
652383 12
650474 4
648563 1
646650 48
644735 24
642818 16
640899 8
638978 2
637055 8
635130 12
633203 2
631274 16
629343 32
627410 8
625475 12
623538 12
621599 2
619658 4
617715 48
615770 16
613823 3
611874 12
609923 1
607970 8
606015 24
604058 8
602099 1
600138 48
598175 12
596210 4
594243 8
592274 2
590303 4
588330 16
586355 8
584378 16
582399 12
580418 2
578435 16
576450 96
574463 2
572474 16
570483 5
568490 8
566495 8
564498 12
562499 8
560498 2
558495 40
556490 8
554483 2
552474 32
550463 2
548450 12
546435 6
544418 16
542399 4
540378 8
538355 2
536330 4
534303 32
532274 2
530243 8
528210 12
526175 6
524138 2
522099 16
520058 24
518015 8
515970 120
513923 1
511874 16
509823 6
507770 4
505715 4
503658 10
501599 8
499538 4
497475 48
495410 16
493343 4
491274 36
489203 12
487130 8
485055 8
482978 2
480899 2
478818 8
476735 16
474650 24
472563 24
470474 4
468383 2
466290 64
464195 8
462098 8
459999 14
457898 4
455795 2
453690 36
451583 8
449474 2
447363 24
445250 32
443135 16
441018 8
438899 1
436778 2
434655 24
432530 32
430403 2
428274 64
426143 2
424010 16
421875 28
419738 4
417599 12
415458 6
413315 16
411170 4
409023 4
406874 4
404723 2
402570 80
400415 4
398258 4
396099 6
393938 4
391775 3
389610 80
387443 3
385274 2
383103 8
380930 8
378755 4
376578 6
374399 1
372218 8
370035 8
367850 24
365663 2
363474 32
361283 2
359090 16
356895 48
354698 4
352499 4
350298 32
348095 4
345890 4
343683 5
341474 4
339263 1
337050 72
334835 8
332618 16
330399 5
328178 2
325955 16
323730 64
321503 4
319274 4
317043 3
314810 4
312575 3
310338 32
308099 8
305858 6
303615 32
301370 4
299123 8
296874 6
294623 2
292370 24
290115 32
287858 8
285599 1
283338 48
281075 3
278810 24
276543 3
274274 32
272003 1
269730 56
267455 8
265178 2
262899 32
260618 8
258335 24
256050 36
253763 1
251474 2
249183 16
246890 8
244595 16
242298 32
239999 1
237698 8
235395 6
233090 32
230783 2
228474 8
226163 2
223850 36
221535 20
219218 2
216899 1
214578 48
212255 2
209930 8
207603 20
205274 8
202943 8
200610 32
198275 24
195938 6
193599 18
191258 2
188915 2
186570 32
184223 8
181874 16
179523 16
177170 8
174815 2
172458 48
170099 1
167738 2
165375 48
163010 4
160643 8
158274 20
155903 2
153530 16
151155 6
148778 4
146399 2
144018 40
141635 4
139250 16
136863 16
134474 8
132083 2
129690 48
127295 4
124898 8
122499 16
120098 16
117695 2
115290 64
112883 4
110474 16
108063 3
105650 6
103235 4
100818 8
98399 2
95978 4
93555 48
91130 16
88703 4
86274 6
83843 1
81410 16
78975 36
76538 24
74099 1
71658 8
69215 8
66770 16
64323 12
61874 2
59423 8
56970 32
54515 2
52058 2
49599 16
47138 24
44675 3
42210 48
39743 2
37274 2
34803 4
32330 16
29855 8
27378 30
24899 2
22418 8
19935 12
17450 12
14963 4
12474 40
9983 4
7490 16
4995 16
2498 4
36882
