12 12 10
10111001101011111000110010101110100111011011111110000110001010011100100101101010
11011110100011100110101111011001111011101111111110000011000010100011100010010011
01001011001111001000101100101010101110101001101101101011101111101000011100011010
01111001100101110101101101111101100011110011101011111011100111110111101111111111
10000001100000101000011100001001000110100010110001111000100010011001001010100111
01001001100110110010111001111100100001011000101010010111001010010101101010101101
01111010100011011001101010110111011010011101101110101111011111101000001110000110
10001111000110010011101001101100111110011000101110010110101011110101100110111011
01101110111111011000011110001110100111110011100101111010111011011111101110001111
10011110101111110111100111111011111011111111111110000000110000001010000011100000
10010000110100001011000011110000100010001100100010101000111010001001100011011000
10111000111110001000010011000100101001001110010010010100110101001011010011110100
10001100110011001010110011101100100111001101110010111100111111001000001011000010
10100010111000101001001011010010101100101111001010001010110010101010101011101010
10011010110110101011101011111010100001101100011010100110111001101001011011010110
10110110111101101000111011001110101011101110111010011110110111101011111011111110
10000001110000011010000111100001100100011101000110110001111100011000100111001001
10101001111010011001100111011001101110011111100110000101110001011010010111100101
10010101110101011011010111110101100011011100110110101101111011011001110111011101
10111101111111011000001111000011101000111110001110010011110100111011001111110011
10001011110010111010101111101011100110111101101110111011111110111000011111000111
10100111111001111001011111010111101101111111011110001111110011111010111111101111
10011111110111111011111111111111100000000110000000101000000111000000100100000110
10000010110000011110000010001000011001000010101000011101000010011000011011000010
11100001111100001000010001100010001010010001110010001001010001101010001011010001
11101000100011000110011000101011000111011000100111000110111000101111000111111000
10000010011000010010100010011100010010010010011010010010110010011110010010001010
01100101001010101001110101001001101001101101001011101001111101001000011001100011
00101001100111001100100101100110101100101101100111101100100011100110011100101011
10011101110010011110011011110010111110011111110010000001011000001010100001011100
00101001000101101000101011000101111000101000100101100100101010100101110100101001
10010110110010101110010111110010100001010110001010101001010111001010100101010110
10101010110101011110101010001101011001101010101101011101101010011101011011101010
11110101111110101000001101100001101010001101110001101001001101101001101011001101
11100110100010110110010110101010110111010110100110110110110110101110110111110110
10000111011000111010100111011100111010010111011010111010110111011110111010001111
01100111101010111101110111101001111101101111101011111101111111101000000011100000
01101000001111000001100100001110100001101100001111100001100010001110010001101010
00111101000110011000111011000110111000111111000110000100111000100110100100111100
10011001010011101010011011010011111010011000110011100110011010110011110110011001
11001110111001101111001111111001100000101110000101101000101111000101100100101110
10010110110010111110010110001010111001010110101010111101010110011010111011010110
11101011111101011000011011100011011010011011110011011001011011101011011011011011
11101101100011101110011101101011101111011101100111101110111101101111101111111101
10000001111000001110100001111100001110010001111010001110110001111110001110001001
11100100111010100111110100111001100111101100111011100111111100111000010111100010
11101001011111001011100101011110101011101101011111101011100011011110011011101011
01111101101110011101111011101110111101111111101110000011111000011110100011111100
01111001001111101001111011001111111001111000101111100101111010101111110101111001
10111110110111101110111111110111100001111110001111101001111111001111100101111110
10111110110111111110111110001111111001111110101111111101111110011111111011111110
11111111111111111000000000110000000010100000001110000000100100000011010000001011
00000011110000001000100000110010000010101000001110100000100110000011011000001011
10000011111000001000010000110001000010100100001110010000100101000011010100001011
01000011110100001000110000110011000010101100001110110000100111000011011100001011
11000011111100001000001000110000100010100010001110001000100100100011010010001011
00100011110010001000101000110010100010101010001110101000100110100011011010001011
10100011111010001000011000110001100010100110001110011000100101100011010110001011
01100011110110001000111000110011100010101110001110111000100111100011011110001011
11100011111110001000000100110000010010100001001110000100100100010011010001001011
00010011110001001000100100110010010010101001001110100100100110010011011001001011
10010011111001001000010100110001010010100101001110010100100101010011010101001011
01010011110101001000110100110011010010101101001110110100100111010011011101001011
11010011111101001000001100110000110010100011001110001100100100110011010011001011
00110011110011001000101100110010110010101011001110101100100110110011011011001011
10110011111011001000011100110001110010100111001110011100100101110011010111001011
01110011110111001000111100110011110010101111001110111100100111110011011111001011
11110011111111001000000010110000001010100000101110000010100100001011010000101011
00001011110000101000100010110010001010101000101110100010100110001011011000101011
10001011111000101000010010110001001010100100101110010010100101001011010100101011
01001011110100101000110010110011001010101100101110110010100111001011011100101011
11001011111100101000001010110000101010100010101110001010100100101011010010101011
00101011110010101000101010110010101010101010101110101010100110101011011010101011
10101011111010101000011010110001101010100110101110011010100101101011010110101011
01101011110110101000111010110011101010101110101110111010100111101011011110101011
11101011111110101000000110110000011010100001101110000110100100011011010001101011
00011011110001101000100110110010011010101001101110100110100110011011011001101011
10011011111001101000010110110001011010100101101110010110100101011011010101101011
01011011110101101000110110110011011010101101101110110110100111011011011101101011
11011011111101101000001110110000111010100011101110001110100100111011010011101011
00111011110011101000101110110010111010101011101110101110100110111011011011101011
10111011111011101000011110110001111010100111101110011110100101111011010111101011
01111011110111101000111110110011111010101111101110111110100111111011011111101011
11111011111111101000000001110000000110100000011110000001100100000111010000011011
00000111110000011000100001110010000110101000011110100001100110000111011000011011
10000111111000011000010001110001000110100100011110010001100101000111010100011011
01000111110100011000110001110011000110101100011110110001100111000111011100011011
11000111111100011000001001110000100110100010011110001001100100100111010010011011
00100111110010011000101001110010100110101010011110101001100110100111011010011011
10100111111010011000011001110001100110100110011110011001100101100111010110011011
01100111110110011000111001110011100110101110011110111001100111100111011110011011
11100111111110011000000101110000010110100001011110000101100100010111010001011011
00010111110001011000100101110010010110101001011110100101100110010111011001011011
10010111111001011000010101110001010110100101011110010101100101010111010101011011
01010111110101011000110101110011010110101101011110110101100111010111011101011011
11010111111101011000001101110000110110100011011110001101100100110111010011011011
00110111110011011000101101110010110110101011011110101101100110110111011011011011
10110111111011011000011101110001110110100111011110011101100101110111010111011011
01110111110111011000111101110011110110101111011110111101100111110111011111011011
11110111111111011000000011110000001110100000111110000011100100001111010000111011
00001111110000111000100011110010001110101000111110100011100110001111011000111011
10001111111000111000010011110001001110100100111110010011100101001111010100111011
01001111110100111000110011110011001110101100111110110011100111001111011100111011
11001111111100111000001011110000101110100010111110001011100100101111010010111011
00101111110010111000101011110010101110101010111110101011100110101111011010111011
10101111111010111000011011110001101110100110111110011011100101101111010110111011
01101111110110111000111011110011101110101110111110111011100111101111011110111011
11101111111110111000000111110000011110100001111110000111100100011111010001111011
00011111110001111000100111110010011110101001111110100111100110011111011001111011
10011111111001111000010111110001011110100101111110010111100101011111010101111011
01011111110101111000110111110011011110101101111110110111100111011111011101111011
11011111111101111000001111110000111110100011111110001111100100111111010011111011
00111111110011111000101111110010111110101011111110101111100110111111011011111011
10111111111011111000011111110001111110100111111110011111100101111111010111111011
01111111110111111000111111110011111110101111111110111111100111111111011111111011
11111111111111111000000000011000000000101000000001110000000010010000000110100000
00101100000001111000000010001000000110010000001010100000011101000000100110000001
10110000001011100000011111000000100001000001100010000010100100000111001000001001
01000001101010000010110100000111101000001000110000011001100000101011000001110110
00001001110000011011100000101111000001111110000010000010000110000100001010001000
01110001000010010010000110100100001011001000011110010000100010100001100101000010
10101000011101010000100110100001101101000010111010000111110100001000011000011000
11000010100110000111001100001001011000011010110000101101100001111011000010001110
00011001110000101011100001110111000010011110000110111100001011111000011111110000
10000001000110000010001010000100011100001000100100010001101000100010110001000111
10001000100010010001100100100010101001000111010010001001100100011011001000101110
01000111110010001000010100011000101000101001010001110010100010010101000110101010
00101101010001111010100010001101000110011010001010110100011101101000100111010001
10111010001011110100011111101000100000110001100001100010100011000111000110001001
00110001101001100010110011000111100110001000101100011001011000101010110001110101
10001001101100011011011000101110110001111101100010000111000110001110001010011100
01110011100010010111000110101110001011011100011110111000100011110001100111100010
10111100011101111000100111110001101111100010111111000111111110001000000010011000
00010010100000100111000001001001000010011010000100101100001001111000010010001000
10011001000100101010001001110100010010011000100110110001001011100010011111000100
10000100100110001001001010010010011100100100100101001001101010010010110100100111
10100100100011001001100110010010101100100111011001001001110010011011100100101111
00100111111001001000001010011000010100101000101001110001010010010010100110100101
00101100101001111001010010001010100110010101001010101010011101010100100110101001
10110101001011101010011111010100100001101001100011010010100110100111001101001001
01101001101011010010110110100111101101001000111010011001110100101011101001110111
01001001111010011011110100101111101001111111010010000001100110000011001010000110
01110000110010010001100110100011001011000110011110001100100010011001100100110010
10100110011101001100100110011001101100110010111001100111110011001000010110011000
10110010100101100111001011001001010110011010101100101101011001111010110010001101
10011001101100101011011001110110110010011101100110111011001011110110011111101100
10000011100110000111001010001110011100011100100100111001101001110010110011100111
10011100100010111001100101110010101011100111010111001001101110011011011100101110
11100111110111001000011110011000111100101001111001110011110010010111100110101111
00101101111001111011110010001111100110011111001010111110011101111100100111111001
10111111001011111110011111111100100000000101100000001010100000010111000000101001
00000101101000001010110000010111100000101000100001011001000010101010000101110100
00101001100001011011000010101110000101111100001010000100010110001000101010010001
01110010001010010100010110101000101011010001011110100010100011000101100110001010
10110001011101100010100111000101101110001010111100010111111000101000001001011000
01001010100010010111000100101001001001011010010010101100100101111001001010001010
01011001010010101010100101110101001010011010010110110100101011101001011111010010
10000110010110001100101010011001011100110010100101100101101011001010110110010111
10110010100011100101100111001010101110010111011100101001111001011011110010101111
10010111111100101000000101011000001010101000010101110000101010010001010110100010
10101100010101111000101010001001010110010010101010100101011101001010100110010101
10110010101011100101011111001010100001010101100010101010100101010111001010101001
01010101101010101010110101010111101010101000110101011001101010101011010101110110
10101001110101011011101010101111010101111110101010000011010110000110101010001101
01110001101010010011010110100110101011001101011110011010100010110101100101101010
10101101011101011010100110110101101101101010111011010111110110101000011101011000
11101010100111010111001110101001011101011010111010101101110101111011101010001111
01011001111010101011110101110111101010011111010110111110101011111101011111111010
10000000110110000001101010000011011100000110100100001101101000011010110000110111
10000110100010001101100100011010101000110111010001101001100011011011000110101110
00110111110001101000010011011000100110101001001101110010011010010100110110101001
10101101001101111010011010001100110110011001101010110011011101100110100111001101
10111001101011110011011111100110100000101101100001011010100010110111000101101001
00101101101001011010110010110111100101101000101011011001010110101010101101110101
01101001101011011011010110101110101101111101011010000110110110001101101010011011
01110011011010010110110110101101101011011011011110110110100011101101100111011010
10111011011101110110100111101101101111011010111110110111111101101000000111011000
00111010100001110111000011101001000111011010001110101100011101111000111010001001
11011001001110101010011101110100111010011001110110110011101011100111011111001110
10000101110110001011101010010111011100101110100101011101101010111010110101110111
10101110100011011101100110111010101101110111011011101001110111011011101110101111
01110111111011101000001111011000011110101000111101110001111010010011110110100111
10101100111101111001111010001011110110010111101010101111011101011110100110111101
10110111101011101111011111011110100001111101100011111010100111110111001111101001
01111101101011111010110111110111101111101000111111011001111110101011111101110111
11101001111111011011111110101111111101111111111010000000001110000000011010000000
11110000000110010000001110100000011011000000111110000001100010000011100100000110
10100000111101000001100110000011101100000110111000001111110000011000010000111000
10000110100100001111001000011001010000111010100001101101000011111010000110001100
00111001100001101011000011110110000110011100001110111000011011110000111111100001
10000010001110000100011010001000111100010001100100100011101001000110110010001111
10010001100010100011100101000110101010001111010100011001101000111011010001101110
10001111110100011000011000111000110001101001100011110011000110010110001110101100
01101101100011111011000110001110001110011100011010111000111101110001100111100011
10111100011011111000111111110001100000010011100000100110100001001111000010011001
00010011101000100110110001001111100010011000100100111001001001101010010011110100
10011001100100111011001001101110010011111100100110000101001110001010011010010100
11110010100110010101001110101010011011010100111110101001100011010011100110100110
10110100111101101001100111010011101110100110111101001111111010011000001100111000
01100110100011001111000110011001001100111010011001101100110011111001100110001011
00111001011001101010110011110101100110011011001110110110011011101100111111011001
10000111001110001110011010011100111100111001100101110011101011100110110111001111
10111001100011110011100111100110101111001111011110011001111100111011111001101111
11001111111110011000000010111000000101101000001011110000010110010000101110100001
01101100001011111000010110001000101110010001011010100010111101000101100110001011
10110001011011100010111111000101100001001011100010010110100100101111001001011001
01001011101010010110110100101111101001011000110010111001100101101011001011110110
01011001110010111011100101101111001011111110010110000010101110000101011010001010
11110001010110010010101110100101011011001010111110010101100010101011100101010110
10101010111101010101100110101011101101010110111010101111110101011000011010111000
11010110100110101111001101011001011010111010110101101101101011111011010110001110
10111001110101101011101011110111010110011110101110111101011011111010111111110101
10000001101110000011011010000110111100001101100100011011101000110110110001101111
10001101100010011011100100110110101001101111010011011001100110111011001101101110
01101111110011011000010110111000101101101001011011110010110110010101101110101011
01101101011011111010110110001101101110011011011010110110111101101101100111011011
10111011011011110110111111101101100000111011100001110110100011101111000111011001
00111011101001110110110011101111100111011000101110111001011101101010111011110101
11011001101110111011011101101110111011111101110110000111101110001111011010011110
11110011110110010111101110101111011011011110111110111101100011111011100111110110
10111110111101111101100111111011101111110110111111101111111111011000000001111000
00001110100000011111000000111001000001111010000011101100000111111000001110001000
01111001000011101010000111110100001110011000011110110000111011100001111111000011
10000100011110001000111010010001111100100011100101000111101010001110110100011111
10100011100011000111100110001110101100011111011000111001110001111011100011101111
00011111111000111000001001111000010011101000100111110001001110010010011110100100
11101100100111111001001110001010011110010100111010101001111101010011100110100111
10110100111011101001111111010011100001100111100011001110100110011111001100111001
01100111101011001110110110011111101100111000111001111001110011101011100111110111
00111001111001111011110011101111100111111111001110000001011110000010111010000101
11110000101110010001011110100010111011000101111110001011100010010111100100101110
10100101111101001011100110010111101100101110111001011111110010111000010101111000
10101110100101011111001010111001010101111010101011101101010111111010101110001101
01111001101011101011010111110110101110011101011110111010111011110101111111101011
10000011011110000110111010001101111100011011100100110111101001101110110011011111
10011011100010110111100101101110101011011111010110111001101101111011011011101110
11011111110110111000011101111000111011101001110111110011101110010111011110101110
11101101110111111011101110001111011110011110111010111101111101111011100111110111
10111110111011111101111111111011100000001111100000011110100000111111000001111001
00001111101000011110110000111111100001111000100011111001000111101010001111110100
01111001100011111011000111101110001111111100011110000100111110001001111010010011
11110010011110010100111110101001111011010011111110100111100011001111100110011110
10110011111101100111100111001111101110011110111100111111111001111000001011111000
01011110100010111111000101111001001011111010010111101100101111111001011110001010
11111001010111101010101111110101011110011010111110110101111011101011111111010111
10000110111110001101111010011011111100110111100101101111101011011110110110111111
10110111100011101111100111011110101110111111011101111001111011111011110111101111
10111111111101111000000111111000001111101000011111110000111110010001111110100011
11101100011111111000111110001001111110010011111010100111111101001111100110011111
10110011111011100111111111001111100001011111100010111110100101111111001011111001
01011111101010111110110101111111101011111000110111111001101111101011011111110110
11111001110111111011101111101111011111111110111110000011111110000111111010001111
11110001111110010011111110100111111011001111111110011111100010111111100101111110
10101111111101011111100110111111101101111110111011111111110111111000011111111000
11111110100111111111001111111001011111111010111111101101111111111011111110001111
11111001111111101011111111110111111110011111111110111111111011111111111111111111
10000000000011000000000010100000000011100000000010010000000011010000000010110000
00001111000000001000100000001100100000001010100000001110100000001001100000001101
10000000101110000000111110000000100001000000110001000000101001000000111001000000
10010100000011010100000010110100000011110100000010001100000011001100000010101100
00001110110000001001110000001101110000001011110000001111110000001000001000001100
00100000101000100000111000100000100100100000110100100000101100100000111100100000
10001010000011001010000010101010000011101010000010011010000011011010000010111010
00001111101000001000011000001100011000001010011000001110011000001001011000001101
01100000101101100000111101100000100011100000110011100000101011100000111011100000
10011110000011011110000010111110000011111110000010000001000011000001000010100001
00001110000100001001000100001101000100001011000100001111000100001000100100001100
10010000101010010000111010010000100110010000110110010000101110010000111110010000
10000101000011000101000010100101000011100101000010010101000011010101000010110101
00001111010100001000110100001100110100001010110100001110110100001001110100001101
11010000101111010000111111010000100000110000110000110000101000110000111000110000
10010011000011010011000010110011000011110011000010001011000011001011000010101011
00001110101100001001101100001101101100001011101100001111101100001000011100001100
01110000101001110000111001110000100101110000110101110000101101110000111101110000
10001111000011001111000010101111000011101111000010011111000011011111000010111111
00001111111100001000000010001100000010001010000010001110000010001001000010001101
00001000101100001000111100001000100010001000110010001000101010001000111010001000
10011000100011011000100010111000100011111000100010000100100011000100100010100100
10001110010010001001010010001101010010001011010010001111010010001000110010001100
11001000101011001000111011001000100111001000110111001000101111001000111111001000
10000010100011000010100010100010100011100010100010010010100011010010100010110010
10001111001010001000101010001100101010001010101010001110101010001001101010001101
10101000101110101000111110101000100001101000110001101000101001101000111001101000
10010110100011010110100010110110100011110110100010001110100011001110100010101110
10001110111010001001111010001101111010001011111010001111111010001000000110001100
00011000101000011000111000011000100100011000110100011000101100011000111100011000
10001001100011001001100010101001100011101001100010011001100011011001100010111001
10001111100110001000010110001100010110001010010110001110010110001001010110001101
01011000101101011000111101011000100011011000110011011000101011011000111011011000
10011101100011011101100010111101100011111101100010000011100011000011100010100011
10001110001110001001001110001101001110001011001110001111001110001000101110001100
10111000101010111000111010111000100110111000110110111000101110111000111110111000
10000111100011000111100010100111100011100111100010010111100011010111100010110111
10001111011110001000111110001100111110001010111110001110111110001001111110001101
11111000101111111000111111111000100000000100110000000100101000000100111000000100
10010000010011010000010010110000010011110000010010001000010011001000010010101000
01001110100001001001100001001101100001001011100001001111100001001000010001001100
01000100101001000100111001000100100101000100110101000100101101000100111101000100
10001100010011001100010010101100010011101100010010011100010011011100010010111100
01001111110001001000001001001100001001001010001001001110001001001001001001001101
00100100101100100100111100100100100010100100110010100100101010100100111010100100
10011010010011011010010010111010010011111010010010000110010011000110010010100110
01001110011001001001011001001101011001001011011001001111011001001000111001001100
11100100101011100100111011100100100111100100110111100100101111100100111111100100
10000001010011000001010010100001010011100001010010010001010011010001010010110001
01001111000101001000100101001100100101001010100101001110100101001001100101001101
10010100101110010100111110010100100001010100110001010100101001010100111001010100
10010101010011010101010010110101010011110101010010001101010011001101010010101101
01001110110101001001110101001101110101001011110101001111110101001000001101001100
00110100101000110100111000110100100100110100110100110100101100110100111100110100
10001011010011001011010010101011010011101011010010011011010011011011010010111011
01001111101101001000011101001100011101001010011101001110011101001001011101001101
01110100101101110100111101110100100011110100110011110100101011110100111011110100
10011111010011011111010010111111010011111111010010000000110011000000110010100000
11001110000011001001000011001101000011001011000011001111000011001000100011001100
10001100101010001100111010001100100110001100110110001100101110001100111110001100
10000100110011000100110010100100110011100100110010010100110011010100110010110100
11001111010011001000110011001100110011001010110011001110110011001001110011001101
11001100101111001100111111001100100000101100110000101100101000101100111000101100
10010010110011010010110010110010110011110010110010001010110011001010110010101010
11001110101011001001101011001101101011001011101011001111101011001000011011001100
01101100101001101100111001101100100101101100110101101100101101101100111101101100
10001110110011001110110010101110110011101110110010011110110011011110110010111110
11001111111011001000000111001100000111001010000111001110000111001001000111001101
00011100101100011100111100011100100010011100110010011100101010011100111010011100
10011001110011011001110010111001110011111001110010000101110011000101110010100101
11001110010111001001010111001101010111001011010111001111010111001000110111001100
11011100101011011100111011011100100111011100110111011100101111011100111111011100
10000011110011000011110010100011110011100011110010010011110011010011110010110011
11001111001111001000101111001100101111001010101111001110101111001001101111001101
10111100101110111100111110111100100001111100110001111100101001111100111001111100
10010111110011010111110010110111110011110111110010001111110011001111110010101111
11001110111111001001111111001101111111001011111111001111111111001000000000101100
00000010101000000010111000000010100100000010110100000010101100000010111100000010
10001000001011001000001010101000001011101000001010011000001011011000001010111000
00101111100000101000010000101100010000101010010000101110010000101001010000101101
01000010101101000010111101000010100011000010110011000010101011000010111011000010
10011100001011011100001010111100001011111100001010000010001011000010001010100010
00101110001000101001001000101101001000101011001000101111001000101000101000101100
10100010101010100010111010100010100110100010110110100010101110100010111110100010
10000110001011000110001010100110001011100110001010010110001011010110001010110110
00101111011000101000111000101100111000101010111000101110111000101001111000101101
11100010101111100010111111100010100000010010110000010010101000010010111000010010
10010001001011010001001010110001001011110001001010001001001011001001001010101001
00101110100100101001100100101101100100101011100100101111100100101000010100101100
01010010101001010010111001010010100101010010110101010010101101010010111101010010
10001101001011001101001010101101001011101101001010011101001011011101001010111101
00101111110100101000001100101100001100101010001100101110001100101001001100101101
00110010101100110010111100110010100010110010110010110010101010110010111010110010
10011011001011011011001010111011001011111011001010000111001011000111001010100111
00101110011100101001011100101101011100101011011100101111011100101000111100101100
11110010101011110010111011110010100111110010110111110010101111110010111111110010
10000000101011000000101010100000101011100000101010010000101011010000101010110000
10101111000010101000100010101100100010101010100010101110100010101001100010101101
10001010101110001010111110001010100001001010110001001010101001001010111001001010
10010100101011010100101010110100101011110100101010001100101011001100101010101100
10101110110010101001110010101101110010101011110010101111110010101000001010101100
00101010101000101010111000101010100100101010110100101010101100101010111100101010
10001010101011001010101010101010101011101010101010011010101011011010101010111010
10101111101010101000011010101100011010101010011010101110011010101001011010101101
01101010101101101010111101101010100011101010110011101010101011101010111011101010
10011110101011011110101010111110101011111110101010000001101011000001101010100001
10101110000110101001000110101101000110101011000110101111000110101000100110101100
10011010101010011010111010011010100110011010110110011010101110011010111110011010
10000101101011000101101010100101101011100101101010010101101011010101101010110101
10101111010110101000110110101100110110101010110110101110110110101001110110101101
11011010101111011010111111011010100000111010110000111010101000111010111000111010
10010011101011010011101010110011101011110011101010001011101011001011101010101011
10101110101110101001101110101101101110101011101110101111101110101000011110101100
01111010101001111010111001111010100101111010110101111010101101111010111101111010
10001111101011001111101010101111101011101111101010011111101011011111101010111111
10101111111110101000000001101100000001101010000001101110000001101001000001101101
00000110101100000110111100000110100010000110110010000110101010000110111010000110
10011000011011011000011010111000011011111000011010000100011011000100011010100100
01101110010001101001010001101101010001101011010001101111010001101000110001101100
11000110101011000110111011000110100111000110110111000110101111000110111111000110
10000010011011000010011010100010011011100010011010010010011011010010011010110010
01101111001001101000101001101100101001101010101001101110101001101001101001101101
10100110101110100110111110100110100001100110110001100110101001100110111001100110
10010110011011010110011010110110011011110110011010001110011011001110011010101110
01101110111001101001111001101101111001101011111001101111111001101000000101101100
00010110101000010110111000010110100100010110110100010110101100010110111100010110
10001001011011001001011010101001011011101001011010011001011011011001011010111001
01101111100101101000010101101100010101101010010101101110010101101001010101101101
01010110101101010110111101010110100011010110110011010110101011010110111011010110
10011101011011011101011010111101011011111101011010000011011011000011011010100011
01101110001101101001001101101101001101101011001101101111001101101000101101101100
10110110101010110110111010110110100110110110110110110110101110110110111110110110
10000111011011000111011010100111011011100111011010010111011011010111011010110111
01101111011101101000111101101100111101101010111101101110111101101001111101101101
11110110101111110110111111110110100000001110110000001110101000001110111000001110
10010000111011010000111010110000111011110000111010001000111011001000111010101000
11101110100011101001100011101101100011101011100011101111100011101000010011101100
01001110101001001110111001001110100101001110110101001110101101001110111101001110
10001100111011001100111010101100111011101100111010011100111011011100111010111100
11101111110011101000001011101100001011101010001011101110001011101001001011101101
00101110101100101110111100101110100010101110110010101110101010101110111010101110
10011010111011011010111010111010111011111010111010000110111011000110111010100110
11101110011011101001011011101101011011101011011011101111011011101000111011101100
11101110101011101110111011101110100111101110110111101110101111101110111111101110
10000001111011000001111010100001111011100001111010010001111011010001111010110001
11101111000111101000100111101100100111101010100111101110100111101001100111101101
10011110101110011110111110011110100001011110110001011110101001011110111001011110
10010101111011010101111010110101111011110101111010001101111011001101111010101101
11101110110111101001110111101101110111101011110111101111110111101000001111101100
00111110101000111110111000111110100100111110110100111110101100111110111100111110
10001011111011001011111010101011111011101011111010011011111011011011111010111011
11101111101111101000011111101100011111101010011111101110011111101001011111101101
01111110101101111110111101111110100011111110110011111110101011111110111011111110
10011111111011011111111010111111111011111111111010000000000111000000000110100000
00011110000000011001000000011101000000011011000000011111000000011000100000011100
10000001101010000001111010000001100110000001110110000001101110000001111110000001
10000100000111000100000110100100000111100100000110010100000111010100000110110100
00011111010000011000110000011100110000011010110000011110110000011001110000011101
11000001101111000001111111000001100000100001110000100001101000100001111000100001
10010010000111010010000110110010000111110010000110001010000111001010000110101010
00011110101000011001101000011101101000011011101000011111101000011000011000011100
01100001101001100001111001100001100101100001110101100001101101100001111101100001
10001110000111001110000110101110000111101110000110011110000111011110000110111110
00011111111000011000000100011100000100011010000100011110000100011001000100011101
00010001101100010001111100010001100010010001110010010001101010010001111010010001
10011001000111011001000110111001000111111001000110000101000111000101000110100101
00011110010100011001010100011101010100011011010100011111010100011000110100011100
11010001101011010001111011010001100111010001110111010001101111010001111111010001
10000011000111000011000110100011000111100011000110010011000111010011000110110011
00011111001100011000101100011100101100011010101100011110101100011001101100011101
10110001101110110001111110110001100001110001110001110001101001110001111001110001
10010111000111010111000110110111000111110111000110001111000111001111000110101111
00011110111100011001111100011101111100011011111100011111111100011000000010011100
00001001101000001001111000001001100100001001110100001001101100001001111100001001
10001000100111001000100110101000100111101000100110011000100111011000100110111000
10011111100010011000010010011100010010011010010010011110010010011001010010011101
01001001101101001001111101001001100011001001110011001001101011001001111011001001
10011100100111011100100110111100100111111100100110000010100111000010100110100010
10011110001010011001001010011101001010011011001010011111001010011000101010011100
10101001101010101001111010101001100110101001110110101001101110101001111110101001
10000110100111000110100110100110100111100110100110010110100111010110100110110110
10011111011010011000111010011100111010011010111010011110111010011001111010011101
11101001101111101001111111101001100000011001110000011001101000011001111000011001
10010001100111010001100110110001100111110001100110001001100111001001100110101001
10011110100110011001100110011101100110011011100110011111100110011000010110011100
01011001101001011001111001011001100101011001110101011001101101011001111101011001
10001101100111001101100110101101100111101101100110011101100111011101100110111101
10011111110110011000001110011100001110011010001110011110001110011001001110011101
00111001101100111001111100111001100010111001110010111001101010111001111010111001
10011011100111011011100110111011100111111011100110000111100111000111100110100111
10011110011110011001011110011101011110011011011110011111011110011000111110011100
11111001101011111001111011111001100111111001110111111001101111111001111111111001
10000000010111000000010110100000010111100000010110010000010111010000010110110000
01011111000001011000100001011100100001011010100001011110100001011001100001011101
10000101101110000101111110000101100001000101110001000101101001000101111001000101
10010100010111010100010110110100010111110100010110001100010111001100010110101100
01011110110001011001110001011101110001011011110001011111110001011000001001011100
00100101101000100101111000100101100100100101110100100101101100100101111100100101
10001010010111001010010110101010010111101010010110011010010111011010010110111010
01011111101001011000011001011100011001011010011001011110011001011001011001011101
01100101101101100101111101100101100011100101110011100101101011100101111011100101
10011110010111011110010110111110010111111110010110000001010111000001010110100001
01011110000101011001000101011101000101011011000101011111000101011000100101011100
10010101101010010101111010010101100110010101110110010101101110010101111110010101
10000101010111000101010110100101010111100101010110010101010111010101010110110101
01011111010101011000110101011100110101011010110101011110110101011001110101011101
11010101101111010101111111010101100000110101110000110101101000110101111000110101
10010011010111010011010110110011010111110011010110001011010111001011010110101011
01011110101101011001101101011101101101011011101101011111101101011000011101011100
01110101101001110101111001110101100101110101110101110101101101110101111101110101
10001111010111001111010110101111010111101111010110011111010111011111010110111111
01011111111101011000000011011100000011011010000011011110000011011001000011011101
00001101101100001101111100001101100010001101110010001101101010001101111010001101
10011000110111011000110110111000110111111000110110000100110111000100110110100100
11011110010011011001010011011101010011011011010011011111010011011000110011011100
11001101101011001101111011001101100111001101110111001101101111001101111111001101
10000010110111000010110110100010110111100010110110010010110111010010110110110010
11011111001011011000101011011100101011011010101011011110101011011001101011011101
10101101101110101101111110101101100001101101110001101101101001101101111001101101
10010110110111010110110110110110110111110110110110001110110111001110110110101110
11011110111011011001111011011101111011011011111011011111111011011000000111011100
00011101101000011101111000011101100100011101110100011101101100011101111100011101
10001001110111001001110110101001110111101001110110011001110111011001110110111001
11011111100111011000010111011100010111011010010111011110010111011001010111011101
01011101101101011101111101011101100011011101110011011101101011011101111011011101
10011101110111011101110110111101110111111101110110000011110111000011110110100011
11011110001111011001001111011101001111011011001111011111001111011000101111011100
10111101101010111101111010111101100110111101110110111101101110111101111110111101
10000111110111000111110110100111110111100111110110010111110111010111110110110111
11011111011111011000111111011100111111011010111111011110111111011001111111011101
11111101101111111101111111111101100000000011110000000011101000000011111000000011
10010000001111010000001110110000001111110000001110001000001111001000001110101000
00111110100000111001100000111101100000111011100000111111100000111000010000111100
01000011101001000011111001000011100101000011110101000011101101000011111101000011
10001100001111001100001110101100001111101100001110011100001111011100001110111100
00111111110000111000001000111100001000111010001000111110001000111001001000111101
00100011101100100011111100100011100010100011110010100011101010100011111010100011
10011010001111011010001110111010001111111010001110000110001111000110001110100110
00111110011000111001011000111101011000111011011000111111011000111000111000111100
11100011101011100011111011100011100111100011110111100011101111100011111111100011
10000001001111000001001110100001001111100001001110010001001111010001001110110001
00111111000100111000100100111100100100111010100100111110100100111001100100111101
10010011101110010011111110010011100001010011110001010011101001010011111001010011
10010101001111010101001110110101001111110101001110001101001111001101001110101101
00111110110100111001110100111101110100111011110100111111110100111000001100111100
00110011101000110011111000110011100100110011110100110011101100110011111100110011
10001011001111001011001110101011001111101011001110011011001111011011001110111011
00111111101100111000011100111100011100111010011100111110011100111001011100111101
01110011101101110011111101110011100011110011110011110011101011110011111011110011
10011111001111011111001110111111001111111111001110000000101111000000101110100000
10111110000010111001000010111101000010111011000010111111000010111000100010111100
10001011101010001011111010001011100110001011110110001011101110001011111110001011
10000100101111000100101110100100101111100100101110010100101111010100101110110100
10111111010010111000110010111100110010111010110010111110110010111001110010111101
11001011101111001011111111001011100000101011110000101011101000101011111000101011
10010010101111010010101110110010101111110010101110001010101111001010101110101010
10111110101010111001101010111101101010111011101010111111101010111000011010111100
01101011101001101011111001101011100101101011110101101011101101101011111101101011
10001110101111001110101110101110101111101110101110011110101111011110101110111110
10111111111010111000000110111100000110111010000110111110000110111001000110111101
00011011101100011011111100011011100010011011110010011011101010011011111010011011
10011001101111011001101110111001101111111001101110000101101111000101101110100101
10111110010110111001010110111101010110111011010110111111010110111000110110111100
11011011101011011011111011011011100111011011110111011011101111011011111111011011
10000011101111000011101110100011101111100011101110010011101111010011101110110011
10111111001110111000101110111100101110111010101110111110101110111001101110111101
10111011101110111011111110111011100001111011110001111011101001111011111001111011
10010111101111010111101110110111101111110111101110001111101111001111101110101111
10111110111110111001111110111101111110111011111110111111111110111000000001111100
00000111101000000111111000000111100100000111110100000111101100000111111100000111
10001000011111001000011110101000011111101000011110011000011111011000011110111000
01111111100001111000010001111100010001111010010001111110010001111001010001111101
01000111101101000111111101000111100011000111110011000111101011000111111011000111
10011100011111011100011110111100011111111100011110000010011111000010011110100010
01111110001001111001001001111101001001111011001001111111001001111000101001111100
10100111101010100111111010100111100110100111110110100111101110100111111110100111
10000110011111000110011110100110011111100110011110010110011111010110011110110110
01111111011001111000111001111100111001111010111001111110111001111001111001111101
11100111101111100111111111100111100000010111110000010111101000010111111000010111
10010001011111010001011110110001011111110001011110001001011111001001011110101001
01111110100101111001100101111101100101111011100101111111100101111000010101111100
01010111101001010111111001010111100101010111110101010111101101010111111101010111
10001101011111001101011110101101011111101101011110011101011111011101011110111101
01111111110101111000001101111100001101111010001101111110001101111001001101111101
00110111101100110111111100110111100010110111110010110111101010110111111010110111
10011011011111011011011110111011011111111011011110000111011111000111011110100111
01111110011101111001011101111101011101111011011101111111011101111000111101111100
11110111101011110111111011110111100111110111110111110111101111110111111111110111
10000000111111000000111110100000111111100000111110010000111111010000111110110000
11111111000011111000100011111100100011111010100011111110100011111001100011111101
10001111101110001111111110001111100001001111110001001111101001001111111001001111
10010100111111010100111110110100111111110100111110001100111111001100111110101100
11111110110011111001110011111101110011111011110011111111110011111000001011111100
00101111101000101111111000101111100100101111110100101111101100101111111100101111
10001010111111001010111110101010111111101010111110011010111111011010111110111010
11111111101011111000011011111100011011111010011011111110011011111001011011111101
01101111101101101111111101101111100011101111110011101111101011101111111011101111
10011110111111011110111110111110111111111110111110000001111111000001111110100001
11111110000111111001000111111101000111111011000111111111000111111000100111111100
10011111101010011111111010011111100110011111110110011111101110011111111110011111
10000101111111000101111110100101111111100101111110010101111111010101111110110101
11111111010111111000110111111100110111111010110111111110110111111001110111111101
11011111101111011111111111011111100000111111110000111111101000111111111000111111
10010011111111010011111110110011111111110011111110001011111111001011111110101011
11111110101111111001101111111101101111111011101111111111101111111000011111111100
01111111101001111111111001111111100101111111110101111111101101111111111101111111
10001111111111001111111110101111111111101111111110011111111111011111111110111111
11111111111111111000000000000110000000000010100000000001110000000000100100000000
01101000000000101100000000011110000000001000100000000110010000000010101000000001
11010000000010011000000001101100000000101110000000011111000000001000010000000110
00100000001010010000000111001000000010010100000001101010000000101101000000011110
10000000100011000000011001100000001010110000000111011000000010011100000001101110
00000010111100000001111110000000100000100000011000010000001010001000000111000100
00001001001000000110100100000010110010000001111001000000100010100000011001010000
00101010100000011101010000001001101000000110110100000010111010000001111101000000
10000110000001100011000000101001100000011100110000001001011000000110101100000010
11011000000111101100000010001110000001100111000000101011100000011101110000001001
11100000011011110000001011111000000111111100000010000001000001100000100000101000
01000001110000100000100100010000011010001000001011000100000111100010000010001001
00000110010010000010101001000001110100100000100110010000011011001000001011100100
00011111001000001000010100000110001010000010100101000001110010100000100101010000
01101010100000101101010000011110101000001000110100000110011010000010101101000001
11011010000010011101000001101110100000101111010000011111101000001000001100000110
00011000001010001100000111000110000010010011000001101001100000101100110000011110
01100000100010110000011001011000001010101100000111010110000010011011000001101101
10000010111011000001111101100000100001110000011000111000001010011100000111001110
00001001011100000110101110000010110111000001111011100000100011110000011001111000
00101011110000011101111000001001111100000110111110000010111111000001111111100000
10000000100001100000010000101000001000011100000100001001000010000110100001000010
11000010000111100001000010001000100001100100010000101010001000011101000100001001
10001000011011000100001011100010000111110001000010000100100001100010010000101001
00100001110010010000100101001000011010100100001011010010000111101001000010001100
10000110011001000010101100100001110110010000100111001000011011100100001011110010
00011111100100001000001010000110000101000010100010100001110001010000100100101000
01101001010000101100101000011110010100001000101010000110010101000010101010100001
11010101000010011010100001101101010000101110101000011111010100001000011010000110
00110100001010011010000111001101000010010110100001101011010000101101101000011110
11010000100011101000011001110100001010111010000111011101000010011110100001101111
01000010111110100001111111010000100000011000011000001100001010000110000111000011
00001001000110000110100011000010110001100001111000110000100010011000011001001100
00101010011000011101001100001001100110000110110011000010111001100001111100110000
10000101100001100010110000101001011000011100101100001001010110000110101011000010
11010110000111101011000010001101100001100110110000101011011000011101101100001001
11011000011011101100001011110110000111111011000010000011100001100001110000101000
11100001110001110000100100111000011010011100001011001110000111100111000010001011
10000110010111000010101011100001110101110000100110111000011011011100001011101110
00011111011100001000011110000110001111000010100111100001110011110000100101111000
01101011110000101101111000011110111100001000111110000110011111000010101111100001
11011111000010011111100001101111110000101111111000011111111100001000000001000110
00000010001010000001000111000000100010010000010001101000001000101100000100011110
00001000100010000100011001000010001010100001000111010000100010011000010001101100
00100010111000010001111100001000100001000100011000100010001010010001000111001000
10001001010001000110101000100010110100010001111010001000100011000100011001100010
00101011000100011101100010001001110001000110111000100010111100010001111110001000
10000010010001100001001000101000100100011100010010001001001001000110100100100010
11001001000111100100100010001010010001100101001000101010100100011101010010001001
10100100011011010010001011101001000111110100100010000110010001100011001000101001
10010001110011001000100101100100011010110010001011011001000111101100100010001110
01000110011100100010101110010001110111001000100111100100011011110010001011111001
00011111110010001000000101000110000010100010100001010001110000101000100100010100
01101000101000101100010100011110001010001000100101000110010010100010101001010001
11010010100010011001010001101100101000101110010100011111001010001000010101000110
00101010001010010101000111001010100010010101010001101010101000101101010100011110
10101000100011010100011001101010001010110101000111011010100010011101010001101110
10100010111101010001111110101000100000110100011000011010001010001101000111000110
10001001001101000110100110100010110011010001111001101000100010110100011001011010
00101010110100011101011010001001101101000110110110100010111011010001111101101000
10000111010001100011101000101001110100011100111010001001011101000110101110100010
11011101000111101110100010001111010001100111101000101011110100011101111010001001
11110100011011111010001011111101000111111110100010000000110001100000011000101000
00110001110000011000100100001100011010000110001011000011000111100001100010001000
11000110010001100010101000110001110100011000100110001100011011000110001011100011
00011111000110001000010011000110001001100010100100110001110010011000100101001100
01101010011000101101001100011110100110001000110011000110011001100010101100110001
11011001100010011100110001101110011000101111001100011111100110001000001011000110
00010110001010001011000111000101100010010010110001101001011000101100101100011110
01011000100010101100011001010110001010101011000111010101100010011010110001101101
01100010111010110001111101011000100001101100011000110110001010011011000111001101
10001001011011000110101101100010110110110001111011011000100011101100011001110110
00101011101100011101110110001001111011000110111101100010111110110001111111011000
10000001110001100000111000101000011100011100001110001001000111000110100011100010
11000111000111100011100010001001110001100100111000101010011100011101001110001001
10011100011011001110001011100111000111110011100010000101110001100010111000101001
01110001110010111000100101011100011010101110001011010111000111101011100010001101
11000110011011100010101101110001110110111000100111011100011011101110001011110111
00011111101110001000001111000110000111100010100011110001110001111000100100111100
01101001111000101100111100011110011110001000101111000110010111100010101011110001
11010111100010011011110001101101111000101110111100011111011110001000011111000110
00111110001010011111000111001111100010010111110001101011111000101101111100011110
11111000100011111100011001111110001010111111000111011111100010011111110001101111
11100010111111110001111111111000100000000010011000000001001010000000100111000000
01001001000000100110100000010010110000001001111000000100100010000010011001000001
00101010000010011101000001001001100000100110110000010010111000001001111100000100
10000100001001100010000100101001000010011100100001001001010000100110101000010010
11010000100111101000010010001100001001100110000100101011000010011101100001001001
11000010011011100001001011110000100111111000010010000010001001100001000100101000
10001001110001000100100100100010011010010001001011001000100111100100010010001010
00100110010100010010101010001001110101000100100110100010011011010001001011101000
10011111010001001000011000100110001100010010100110001001110011000100100101100010
01101011000100101101100010011110110001001000111000100110011100010010101110001001
11011100010010011110001001101111000100101111100010011111110001001000000100100110
00001001001010000100100111000010010010010001001001101000100100101100010010011110
00100100100010010010011001001001001010100100100111010010010010011001001001101100
10010010111001001001111100100100100001010010011000101001001010010100100111001010
01001001010100100110101010010010110101001001111010100100100011010010011001101001
00101011010010011101101001001001110100100110111010010010111101001001111110100100
10000011001001100001100100101000110010011100011001001001001100100110100110010010
11001100100111100110010010001011001001100101100100101010110010011101011001001001
10110010011011011001001011101100100111110110010010000111001001100011100100101001
11001001110011100100100101110010011010111001001011011100100111101110010010001111
00100110011110010010101111001001110111100100100111110010011011111001001011111100
10011111111001001000000010100110000001010010100000101001110000010100100100001010
01101000010100101100001010011110000101001000100010100110010001010010101000101001
11010001010010011000101001101100010100101110001010011111000101001000010010100110
00100101001010010010100111001001010010010100101001101010010100101101001010011110
10010100100011001010011001100101001010110010100111011001010010011100101001101110
01010010111100101001111110010100100000101010011000010101001010001010100111000101
01001001001010100110100101010010110010101001111001010100100010101010011001010101
00101010101010011101010101001001101010100110110101010010111010101001111101010100
10000110101001100011010100101001101010011100110101001001011010100110101101010010
11011010100111101101010010001110101001100111010100101011101010011101110101001001
11101010011011110101001011111010100111111101010010000001101001100000110100101000
01101001110000110100100100011010011010001101001011000110100111100011010010001001
10100110010011010010101001101001110100110100100110011010011011001101001011100110
10011111001101001000010110100110001011010010100101101001110010110100100101011010
01101010110100101101011010011110101101001000110110100110011011010010101101101001
11011011010010011101101001101110110100101111011010011111101101001000001110100110
00011101001010001110100111000111010010010011101001101001110100101100111010011110
01110100100010111010011001011101001010101110100111010111010010011011101001101101
11010010111011101001111101110100100001111010011000111101001010011110100111001111
01001001011110100110101111010010110111101001111011110100100011111010011001111101
00101011111010011101111101001001111110100110111111010010111111101001111111110100
10000000011001100000001100101000000110011100000011001001000001100110100000110010
11000001100111100000110010001000011001100100001100101010000110011101000011001001
10000110011011000011001011100001100111110000110010000100011001100010001100101001
00011001110010001100100101000110011010100011001011010001100111101000110010001100
01100110011000110010101100011001110110001100100111000110011011100011001011110001
10011111100011001000001001100110000100110010100010011001110001001100100100100110
01101001001100101100100110011110010011001000101001100110010100110010101010011001
11010100110010011010011001101101001100101110100110011111010011001000011001100110
00110011001010011001100111001100110010010110011001101011001100101101100110011110
11001100100011100110011001110011001010111001100111011100110010011110011001101111
00110010111110011001111111001100100000010110011000001011001010000101100111000010
11001001000101100110100010110010110001011001111000101100100010010110011001001011
00101010010110011101001011001001100101100110110010110010111001011001111100101100
10000101011001100010101100101001010110011100101011001001010101100110101010110010
11010101100111101010110010001101011001100110101100101011010110011101101011001001
11010110011011101011001011110101100111111010110010000011011001100001101100101000
11011001110001101100100100110110011010011011001011001101100111100110110010001011
01100110010110110010101011011001110101101100100110110110011011011011001011101101
10011111011011001000011101100110001110110010100111011001110011101100100101110110
01101011101100101101110110011110111011001000111101100110011110110010101111011001
11011110110010011111011001101111101100101111110110011111111011001000000011100110
00000111001010000011100111000001110010010000111001101000011100101100001110011110
00011100100010001110011001000111001010100011100111010001110010011000111001101100
01110010111000111001111100011100100001001110011000100111001010010011100111001001
11001001010011100110101001110010110100111001111010011100100011001110011001100111
00101011001110011101100111001001110011100110111001110010111100111001111110011100
10000010111001100001011100101000101110011100010111001001001011100110100101110010
11001011100111100101110010001010111001100101011100101010101110011101010111001001
10101110011011010111001011101011100111110101110010000110111001100011011100101001
10111001110011011100100101101110011010110111001011011011100111101101110010001110
11100110011101110010101110111001110111011100100111101110011011110111001011111011
10011111110111001000000111100110000011110010100001111001110000111100100100011110
01101000111100101100011110011110001111001000100111100110010011110010101001111001
11010011110010011001111001101100111100101110011110011111001111001000010111100110
00101111001010010111100111001011110010010101111001101010111100101101011110011110
10111100100011011110011001101111001010110111100111011011110010011101111001101110
11110010111101111001111110111100100000111110011000011111001010001111100111000111
11001001001111100110100111110010110011111001111001111100100010111110011001011111
00101010111110011101011111001001101111100110110111110010111011111001111101111100
10000111111001100011111100101001111110011100111111001001011111100110101111110010
11011111100111101111110010001111111001100111111100101011111110011101111111001001
11111110011011111111001011111111100111111111110010000000000101100000000010101000
00000101110000000010100100000001011010000000101011000000010111100000001010001000
00010110010000001010101000000101110100000010100110000001011011000000101011100000
01011111000000101000010000010110001000001010100100000101110010000010100101000001
01101010000010101101000001011110100000101000110000010110011000001010101100000101
11011000001010011100000101101110000010101111000001011111100000101000001000010110
00010000101010001000010111000100001010010010000101101001000010101100100001011110
01000010100010100001011001010000101010101000010111010100001010011010000101101101
00001010111010000101111101000010100001100001011000110000101010011000010111001100
00101001011000010110101100001010110110000101111011000010100011100001011001110000
10101011100001011101110000101001111000010110111100001010111110000101111111000010
10000001000101100000100010101000010001011100001000101001000100010110100010001010
11000100010111100010001010001001000101100100100010101010010001011101001000101001
10010001011011001000101011100100010111110010001010000101000101100010100010101001
01000101110010100010100101010001011010101000101011010100010111101010001010001101
00010110011010001010101101000101110110100010100111010001011011101000101011110100
01011111101000101000001100010110000110001010100011000101110001100010100100110001
01101001100010101100110001011110011000101000101100010110010110001010101011000101
11010110001010011011000101101101100010101110110001011111011000101000011100010110
00111000101010011100010111001110001010010111000101101011100010101101110001011110
11100010100011110001011001111000101010111100010111011110001010011111000101101111
10001010111111000101111111100010100000001001011000000100101010000010010111000001
00101001000010010110100001001010110000100101111000010010100010001001011001000100
10101010001001011101000100101001100010010110110001001010111000100101111100010010
10000100100101100010010010101001001001011100100100101001010010010110101001001010
11010010010111101001001010001100100101100110010010101011001001011101100100101001
11001001011011100100101011110010010111111001001010000010100101100001010010101000
10100101110001010010100100101001011010010100101011001010010111100101001010001010
10010110010101001010101010100101110101010010100110101001011011010100101011101010
01011111010100101000011010010110001101001010100110100101110011010010100101101001
01101011010010101101101001011110110100101000111010010110011101001010101110100101
11011101001010011110100101101111010010101111101001011111110100101000000110010110
00001100101010000110010111000011001010010001100101101000110010101100011001011110
00110010100010011001011001001100101010100110010111010011001010011001100101101100
11001010111001100101111100110010100001011001011000101100101010010110010111001011
00101001010110010110101011001010110101100101111010110010100011011001011001101100
10101011011001011101101100101001110110010110111011001010111101100101111110110010
10000011100101100001110010101000111001011100011100101001001110010110100111001010
11001110010111100111001010001011100101100101110010101010111001011101011100101001
10111001011011011100101011101110010111110111001010000111100101100011110010101001
11100101110011110010100101111001011010111100101011011110010111101111001010001111
10010110011111001010101111100101110111110010100111111001011011111100101011111110
01011111111100101000000001010110000000101010100000010101110000001010100100000101
01101000001010101100000101011110000010101000100001010110010000101010101000010101
11010000101010011000010101101100001010101110000101011111000010101000010001010110
00100010101010010001010111001000101010010100010101101010001010101101000101011110
10001010100011000101011001100010101010110001010111011000101010011100010101101110
00101010111100010101111110001010100000100101011000010010101010001001010111000100
10101001001001010110100100101010110010010101111001001010100010100101011001010010
10101010100101011101010010101001101001010110110100101010111010010101111101001010
10000110010101100011001010101001100101011100110010101001011001010110101100101010
11011001010111101100101010001110010101100111001010101011100101011101110010101001
11100101011011110010101011111001010111111100101010000001010101100000101010101000
01010101110000101010100100010101011010001010101011000101010111100010101010001001
01010110010010101010101001010101110100101010100110010101011011001010101011100101
01011111001010101000010101010110001010101010100101010101110010101010100101010101
01101010101010101101010101011110101010101000110101010110011010101010101101010101
11011010101010011101010101101110101010101111010101011111101010101000001101010110
00011010101010001101010111000110101010010011010101101001101010101100110101011110
01101010100010110101011001011010101010101101010111010110101010011011010101101101
10101010111011010101111101101010100001110101011000111010101010011101010111001110
10101001011101010110101110101010110111010101111011101010100011110101011001111010
10101011110101011101111010101001111101010110111110101010111111010101111111101010
10000000110101100000011010101000001101011100000110101001000011010110100001101010
11000011010111100001101010001000110101100100011010101010001101011101000110101001
10001101011011000110101011100011010111110001101010000100110101100010011010101001
00110101110010011010100101001101011010100110101011010011010111101001101010001100
11010110011001101010101100110101110110011010100111001101011011100110101011110011
01011111100110101000001011010110000101101010100010110101110001011010100100101101
01101001011010101100101101011110010110101000101011010110010101101010101010110101
11010101101010011010110101101101011010101110101101011111010110101000011011010110
00110110101010011011010111001101101010010110110101101011011010101101101101011110
11011010100011101101011001110110101010111011010111011101101010011110110101101111
01101010111110110101111111011010100000011101011000001110101010000111010111000011
10101001000111010110100011101010110001110101111000111010100010011101011001001110
10101010011101011101001110101001100111010110110011101010111001110101111100111010
10000101110101100010111010101001011101011100101110101001010111010110101011101010
11010111010111101011101010001101110101100110111010101011011101011101101110101001
11011101011011101110101011110111010111111011101010000011110101100001111010101000
11110101110001111010100100111101011010011110101011001111010111100111101010001011
11010110010111101010101011110101110101111010100110111101011011011110101011101111
01011111011110101000011111010110001111101010100111110101110011111010100101111101
01101011111010101101111101011110111110101000111111010110011111101010101111110101
11011111101010011111110101101111111010101111111101011111111110101000000000110110
00000001101010000000110111000000011010010000001101101000000110101100000011011110
00000110100010000011011001000001101010100000110111010000011010011000001101101100
00011010111000001101111100000110100001000011011000100001101010010000110111001000
01101001010000110110101000011010110100001101111010000110100011000011011001100001
10101011000011011101100001101001110000110110111000011010111100001101111110000110
10000010001101100001000110101000100011011100010001101001001000110110100100011010
11001000110111100100011010001010001101100101000110101010100011011101010001101001
10100011011011010001101011101000110111110100011010000110001101100011000110101001
10001101110011000110100101100011011010110001101011011000110111101100011010001110
00110110011100011010101110001101110111000110100111100011011011110001101011111000
11011111110001101000000100110110000010011010100001001101110000100110100100010011
01101000100110101100010011011110001001101000100100110110010010011010101001001101
11010010011010011001001101101100100110101110010011011111001001101000010100110110
00101001101010010100110111001010011010010101001101101010100110101101010011011110
10100110100011010011011001101001101010110100110111011010011010011101001101101110
10011010111101001101111110100110100000110011011000011001101010001100110111000110
01101001001100110110100110011010110011001101111001100110100010110011011001011001
10101010110011011101011001101001101100110110110110011010111011001101111101100110
10000111001101100011100110101001110011011100111001101001011100110110101110011010
11011100110111101110011010001111001101100111100110101011110011011101111001101001
11110011011011111001101011111100110111111110011010000000101101100000010110101000
00101101110000010110100100001011011010000101101011000010110111100001011010001000
10110110010001011010101000101101110100010110100110001011011011000101101011100010
11011111000101101000010010110110001001011010100100101101110010010110100101001011
01101010010110101101001011011110100101101000110010110110011001011010101100101101
11011001011010011100101101101110010110101111001011011111100101101000001010110110
00010101101010001010110111000101011010010010101101101001010110101100101011011110
01010110100010101011011001010101101010101010110111010101011010011010101101101101
01011010111010101101111101010110100001101011011000110101101010011010110111001101
01101001011010110110101101011010110110101101111011010110100011101011011001110101
10101011101011011101110101101001111010110110111101011010111110101101111111010110
10000001101101100000110110101000011011011100001101101001000110110110100011011010
11000110110111100011011010001001101101100100110110101010011011011101001101101001
10011011011011001101101011100110110111110011011010000101101101100010110110101001
01101101110010110110100101011011011010101101101011010110110111101011011010001101
10110110011011011010101101101101110110110110100111011011011011101101101011110110
11011111101101101000001110110110000111011010100011101101110001110110100100111011
01101001110110101100111011011110011101101000101110110110010111011010101011101101
11010111011010011011101101101101110110101110111011011111011101101000011110110110
00111101101010011110110111001111011010010111101101101011110110101101111011011110
11110110100011111011011001111101101010111110110111011111011010011111101101101111
11011010111111101101111111110110100000000111011000000011101010000001110111000000
11101001000001110110100000111010110000011101111000001110100010000111011001000011
10101010000111011101000011101001100001110110110000111010111000011101111100001110
10000100011101100010001110101001000111011100100011101001010001110110101000111010
11010001110111101000111010001100011101100110001110101011000111011101100011101001
11000111011011100011101011110001110111111000111010000010011101100001001110101000
10011101110001001110100100100111011010010011101011001001110111100100111010001010
01110110010100111010101010011101110101001110100110100111011011010011101011101001
11011111010011101000011001110110001100111010100110011101110011001110100101100111
01101011001110101101100111011110110011101000111001110110011100111010101110011101
11011100111010011110011101101111001110101111100111011111110011101000000101110110
00001011101010000101110111000010111010010001011101101000101110101100010111011110
00101110100010010111011001001011101010100101110111010010111010011001011101101100
10111010111001011101111100101110100001010111011000101011101010010101110111001010
11101001010101110110101010111010110101011101111010101110100011010111011001101011
10101011010111011101101011101001110101110110111010111010111101011101111110101110
10000011011101100001101110101000110111011100011011101001001101110110100110111010
11001101110111100110111010001011011101100101101110101010110111011101011011101001
10110111011011011011101011101101110111110110111010000111011101100011101110101001
11011101110011101110100101110111011010111011101011011101110111101110111010001111
01110110011110111010101111011101110111101110100111110111011011111011101011111101
11011111111011101000000011110110000001111010100000111101110000011110100100001111
01101000011110101100001111011110000111101000100011110110010001111010101000111101
11010001111010011000111101101100011110101110001111011111000111101000010011110110
00100111101010010011110111001001111010010100111101101010011110101101001111011110
10011110100011001111011001100111101010110011110111011001111010011100111101101110
01111010111100111101111110011110100000101111011000010111101010001011110111000101
11101001001011110110100101111010110010111101111001011110100010101111011001010111
10101010101111011101010111101001101011110110110101111010111010111101111101011110
10000110111101100011011110101001101111011100110111101001011011110110101101111010
11011011110111101101111010001110111101100111011110101011101111011101110111101001
11101111011011110111101011111011110111111101111010000001111101100000111110101000
01111101110000111110100100011111011010001111101011000111110111100011111010001001
11110110010011111010101001111101110100111110100110011111011011001111101011100111
11011111001111101000010111110110001011111010100101111101110010111110100101011111
01101010111110101101011111011110101111101000110111110110011011111010101101111101
11011011111010011101111101101110111110101111011111011111101111101000001111110110
00011111101010001111110111000111111010010011111101101001111110101100111111011110
01111110100010111111011001011111101010101111110111010111111010011011111101101101
11111010111011111101111101111110100001111111011000111111101010011111110111001111
11101001011111110110101111111010110111111101111011111110100011111111011001111111
10101011111111011101111111101001111111110110111111111010111111111101111111111110
10000000000011100000000001101000000000111100000000011001000000001110100000000110
11000000001111100000000110001000000011100100000001101010000000111101000000011001
10000000111011000000011011100000001111110000000110000100000011100010000001101001
00000011110010000001100101000000111010100000011011010000001111101000000110001100
00001110011000000110101100000011110110000001100111000000111011100000011011110000
00111111100000011000001000001110000100000110100010000011110001000001100100100000
11101001000001101100100000111110010000011000101000001110010100000110101010000011
11010100000110011010000011101101000001101110100000111111010000011000011000001110
00110000011010011000001111001100000110010110000011101011000001101101100000111110
11000001100011100000111001110000011010111000001111011100000110011110000011101111
00000110111110000011111111000001100000010000111000001000011010000100001111000010
00011001000100001110100010000110110001000011111000100001100010010000111001001000
01101010010000111101001000011001100100001110110010000110111001000011111100100001
10000101000011100010100001101001010000111100101000011001010100001110101010000110
11010100001111101010000110001101000011100110100001101011010000111101101000011001
11010000111011101000011011110100001111111010000110000011000011100001100001101000
11000011110001100001100100110000111010011000011011001100001111100110000110001011
00001110010110000110101011000011110101100001100110110000111011011000011011101100
00111111011000011000011100001110001110000110100111000011110011100001100101110000
11101011100001101101110000111110111000011000111100001110011110000110101111000011
11011110000110011111000011101111100001101111110000111111111000011000000010001110
00000100011010000010001111000001000110010000100011101000010001101100001000111110
00010001100010001000111001000100011010100010001111010001000110011000100011101100
01000110111000100011111100010001100001001000111000100100011010010010001111001001
00011001010010001110101001000110110100100011111010010001100011001000111001100100
01101011001000111101100100011001110010001110111001000110111100100011111110010001
10000010100011100001010001101000101000111100010100011001001010001110100101000110
11001010001111100101000110001010100011100101010001101010101000111101010100011001
10101000111011010100011011101010001111110101000110000110100011100011010001101001
10100011110011010001100101101000111010110100011011011010001111101101000110001110
10001110011101000110101110100011110111010001100111101000111011