20
994654 1000000
521841596 513079177 724175582 805932507 951886059
2 4 445077344 917920149 452140335
785200 425683 380079553 650708561 824651994
483926 764142 754790747 556414245 638725824
779466322 382997236 981118620 235110623 724486003
734940910 527948302 437845169 90554101 533833248
925565 1000000
999634032 861003955 513546481 521237312 943530114
3 2 587549108 254669319 410341994
296583 115299 358057007 215828512 151028118
827400 197949 874089382 275065558 841945545
998476881 795178982 873237394 963719694 994132394
227930782 797537136 719627120 703446249 607298756
1000000 1000000
351715876 130260779 84707478 301298928 638210684
2 3 583026414 673535733 798688800
588094 281834 977660697 437451197 455992094
160242 292809 706825193 85539797 32848495
831389089 26411601 863281338 804019010 823206843
538382415 134045053 168553642 540952518 12107532
932890 1000000
824372830 73717817 680872808 666878696 877595385
3 2 166432320 543539689 463237778
180244 611331 741254152 795461 474174591
843131 814246 141968524 115326278 344789071
101497814 313565146 506304882 157725406 374930164
753473203 962803051 574719554 752403215 699890423
981942 1000000
880262385 899988856 22926508 844898017 539626975
1 1 0 0 0
466641 853837 225786893 928040413 135544844
843329 337437 144083999 640923619 231146075
565873250 7371509 679047578 855894921 575886706
400820209 465073844 609122071 153000443 439831093
1000000 1000000
970786397 341359929 949142379 637628672 961847235
1 1 534825141 195100842 752495293
878066 917394 380687037 95375099 858967487
156093 834792 710462732 755089209 952606605
242589480 464779043 154544656 136019767 240291524
797978896 834371688 876626059 827557409 585964564
995972 1000000
258110255 674837370 32379629 795260416 732845053
2 3 671018016 662752528 515579501
509567 124442 693820150 700585821 741427436
597461 50403 103490940 415472330 883076777
169122906 637949447 683467575 640238001 79289359
43657336 314820944 164564404 362138490 337730204
5 4
0 0 0 0 0
1 2 0 1 0
1 1 0 0 0
1 1 0 0 0
0 0 0 0 0
0 0 0 0 0
956924 1000000
51095441 313289659 649465539 456130649 408963609
1 1 0 0 0
875096 739647 714120467 723295325 890447386
946507 209436 666348554 246289261 708778870
94345202 674834966 867744145 623205541 521338656
46868145 452266203 639075371 585235859 603182518
976546 1000000
852913409 112151372 365009283 976347175 875761951
2 2 1384457 503816261 187648928
755667 338116 796450955 764499945 115544837
771810 802324 534852287 446895685 274344738
132750862 264344074 11517015 414002015 415404074
275450016 134509037 883610740 457600680 634521164
904591 1000000
554982892 373573367 922146736 707854248 822645329
4 4 638886729 244454287 698827306
899994 594343 353405505 98894121 947887315
254978 111830 303580244 955073882 932618749
28844854 675376673 337269551 311517877 997731907
173206356 617972131 496433256 366513278 230368631
1000000 1000000
779706507 127228413 432241190 590050086 381005249
1 1 0 0 0
781423 41766 57495812 32708620 803046278
257837 999058 948956822 172010995 356851834
851916796 13667531 614669079 302205061 927323532
929908049 26628041 428786183 192857828 194486670
978271 1000000
226744006 85509634 246555229 781267572 119641840
2 4 189523708 486862687 739221622
187781 42889 347205243 676427283 904134974
316870 847116 851691717 720559989 443185554
134598585 331435163 237993199 414161963 855766251
257274975 127107139 463111280 437767226 722833946
976577 1000000
176805783 776994952 232322267 688429040 718808066
4 2 666191158 854106002 580573515
406695 158264 186729762 282723571 338889585
503979 857264 406504245 242002665 337623309
956536544 141112998 71459034 609094242 496284144
207724177 333929501 999253737 237324824 345339300
1000000 1000000
498739731 652692370 92527142 630164333 827173323
2 4 221918154 795993158 180611016
549639 16189 736966428 726669695 128464987
659171 682863 366424360 498854407 678356061
264933094 396421372 190528368 762333171 761062165
203628859 562735104 901455387 380159989 865421384
950894 1000000
411115112 21864773 24308272 153635895 329530497
1 4 249604197 968868098 52384766
69745 511884 398981842 858022470 862688171
37392 586624 946786510 201866942 246463894
758627324 858077743 948351676 80024662 886765699
539350532 956548329 629678852 119599772 373583822
5 4
1 2 0 1 1
1 2 0 1 0
1 1 0 0 0
5 5 0 1 4
1 2 0 1 1
1 2 0 1 1
926647 1000000
753307408 861247544 952985558 334151280 304953072
4 4 560389111 413635093 974099553
703258 164157 580564854 84533383 106414270
461001 841682 322916709 893521190 775272952
266320785 712698221 619410156 428691590 49559792
191465993 456865395 96552529 148018511 141063220
1000000 1000000
414634909 134631971 630058958 945776391 221119216
2 1 816139394 677434056 699758290
571287 160246 659667022 299442334 576196904
790171 926105 511688437 308641649 576978010
890894193 400293697 31671052 493244530 881176706
308808922 10096029 374895698 327173767 713524766
964008 1000000
218757033 484087490 190485717 452451758 637357587
1 4 92365621 563117510 120877408
372459 293956 924866339 258174601 935236574
802350 626286 511852829 610825331 870359735
803371058 381278541 259546215 801276508 52770747
896995282 339947235 665583038 392908521 690963242
