30
1 916277952 568797673
500909334 810285930
44 500441214 509797728
58963883 906653551
580550240 963220286
645133459 324692260
735726470 286221851
506990420 513300555
166444232 369958151
115864346 785354431
862640164 859633092
354389427 488135852
164549583 80582000
987529723 69342800
676168292 551622104
37387864 307020118
461048887 982433624
601728865 230220743
744158148 732056936
647625882 609199788
627979083 799593929
992521050 898984006
880788341 883223627
893123534 284307434
205107503 274491191
830137714 956918937
295262813 704070031
592334436 516009237
851652799 469195303
403758721 890386932
77900489 652453763
251083623 828276416
19188267 942784247
208639825 813367771
930851939 966395022
655423846 887185396
654456987 881474162
146777444 18631458
919610455 429292063
544778067 904967936
581398010 297784922
101198223 361068269
272580830 43447349
557189493 941437048
43137292 524624204
59271336 50384345
751379092 741857048
2 970370804 73494795
157008279 554662048
111589362 949807006
9 336642575 817739238
313840947 196933043
368118908 167741474
235591483 486323785
602817422 129399334
498123239 585077318
958632865 640239132
352212600 520779310
941423097 347653974
16665660 731122192
45 557959638 9784709
512502638 805524450
877273360 506040178
199301205 197478384
758241698 9702275
192683755 470358998
407521929 242755571
774763446 978817113
526386825 436584726
37234819 910273692
540383489 810943284
220109148 675056622
103432775 474979668
180574194 53161469
934623454 40050356
246935163 195122637
991020389 515707210
122899436 137901902
491171270 704683600
722128546 240038676
315227437 90089347
602039943 340976612
568626975 41120700
572627803 769922860
906805121 592617890
247767115 837697043
699772549 70321395
489552696 984143041
202315844 724831610
734570670 471172388
783878860 199549558
447979307 238136431
26125704 687666093
268059455 563067944
907842966 247883
516074126 791452278
643334879 567437412
30127183 787872745
797916901 817218145
15762700 37578936
916341110 47863716
755398111 924025178
583988685 404697799
443280469 578343078
30759335 106593330
732235804 622853594
4 0 50
30 30
10 10
40 20
20 40
43 742294176 124156558
678852489 164252259
555288263 530681373
263805734 935909053
21698684 230308859
437011030 109334824
35555377 359058319
101090038 301816861
686872060 524840446
72111722 112436442
655025457 484933148
152134548 354581139
720670725 855097137
106204316 984690318
98834465 403816003
548859384 700030259
992777008 655580100
396612894 876788037
867318144 627007493
428777154 567340475
260188385 462818445
889471401 176211412
561573654 2341229
165478120 611106638
728708224 254842523
389134226 347652160
244816749 351932418
614699024 145933716
561130540 173591718
532988533 678954490
362264234 532337819
463249392 719718255
906100903 644389723
182983527 957495124
251903350 417446128
685628307 461972450
724315251 757166363
225860433 557085460
752220234 236498539
882098611 765503945
886447350 709589154
421398574 470923504
411062664 467336939
954437590 844498429
20 167851000 757147
336971124 301413356
160567225 659598368
4890851 391749387
26239572 35766290
597006 473038164
326051436 3615544
118341522 392289610
37215528 170427798
168544290 675016433
950090226 683447133
116752251 82426872
706221268 194041604
257655783 69909134
21417562 84970743
40873980 37379060
80835680 8670528
653352030 436291072
374079500 106923810
86546364 466701606
480572136 247776867
35 691204923 258080139
942091057 474532880
871898586 607807639
314386931 305562661
384957984 647954557
982121076 15835871
322124508 10367028
372336498 868094589
787501680 242188200
763719380 351675402
909665312 394116107
748932415 733186084
512699485 563312006
95357210 776709190
246895264 429981746
305757821 56267557
847602837 315386830
389782375 512170063
866648031 358180497
217253032 958411202
283013793 47152113
100623061 399329481
278128047 472546128
689377038 860688504
624674259 891467923
834621349 383804240
91806577 275849314
131687474 449446500
251701892 363692338
517560891 404423587
883297947 68040091
360213993 471762539
402264676 73988134
738428881 891939855
87974739 579653030
10262075 421449022
49 446489881 52362922
609524850 45582072
820737733 170927732
956664597 704882817
139852500 600359915
891557801 507205641
960125095 947529616
223416241 179683067
109158750 213778182
487226198 334088546
768049836 95275126
162860935 402064999
426732229 299345570
426339897 780888164
939178353 564097418
27240656 12221093
303018051 973865908
766684310 156521666
521087457 61669916
516802181 870140089
15467632 978120144
157272446 747731366
848008972 514408519
969908718 896792822
374441934 247694264
150903447 695247117
477957532 900252751
666872016 476899772
372349175 512615105
274359953 751747038
540118875 619417338
656274860 676726694
591291065 489960071
433492509 379505551
842654505 405744777
764776316 94283739
424356510 600865096
647242631 198322373
512973007 768527737
814545380 925932872
562813239 468346643
628610789 69327498
875601716 460067783
806602625 800122854
972184656 474923800
728680851 284896801
906220573 168177984
639029471 461852547
586540287 776296758
499759351 845325128
39 219043900 103530735
51619141 180487563
922265925 206690774
929089886 209127933
432098520 184935801
99256106 107263183
867330549 201890509
112375996 135733534
825306360 169992966
705927876 190979799
312127137 130954085
165603811 129208545
366490655 201190366
881801020 159586113
66186220 148876575
254044792 155471293
364829060 129209911
984028661 155053092
682610202 161360866
873675874 107527662
255985291 168687260
613163154 186377445
86068183 157367057
5131438 170335805
183806990 136654584
941081015 188810330
247639096 123469352
171886135 162713857
368102762 206359493
941155709 213467535
753640111 133092652
618853558 189239241
930823004 119549494
693017777 169947833
124083607 107291608
692296204 150362945
244901616 187745095
656210372 206428783
934161975 197870986
115481008 131830667
2 685998469 107316291
206505503 552029729
326969577 213220097
2 803971318 539615164
100593608 458076495
279614323 28596676
9 110021161 374132206
148666890 139976200
211761802 440308611
441191826 671686080
894023412 932659600
639668909 25903915
818884604 749276666
939513005 800930088
181780587 662858099
401250358 398621364
40 715571675 76117998
108376114 973179998
36586423 665773569
201693595 195132476
376615613 997401039
813481639 204989431
637082631 976858865
842456701 955635131
755726452 724711747
908080150 578331364
493212496 104937143
666495291 198088680
548067364 567918011
518222256 42550724
285731249 49596985
255339116 795065113
316381182 525042516
234376965 895491310
16621955 513598881
767501099 292042496
751121286 175598616
304664139 177782715
140688775 668638625
972137811 824255970
22853587 721257784
656819348 474646969
241696057 561254073
755728837 925258726
601481170 248675356
902225388 554920705
117053045 974631071
378159174 806574202
957112485 931447930
245006364 539389317
441861789 245156632
187656295 942840831
908586165 925757602
652725724 834157081
607785457 474978441
130460306 725921906
404662427 836893450
3 100 1000
3333 3333
4321 123
1234 567
19 337242436 268338636
407500917 638307941
98510008 60189854
453473769 194932167
32480371 931660131
9513695 652775174
961086693 867593736
573130740 394559393
592134806 406173690
994630446 619684624
414460158 156148794
31331588 260798822
93914331 627043612
726746769 467887781
622908087 711158683
590834417 158993806
748331609 658729329
98157958 874972718
109489198 101889760
139508444 970540148
31 698433574 618613792
77855500 518589920
280732067 774720616
248758149 696280954
735973017 636536912
91058341 732564650
802373227 881722084
326432134 673362148
61600273 564094743
621803371 295773348
982523241 477436181
93143461 192960536
434731578 20006068
752858151 138243038
109120708 902639370
489076394 542929893
794110461 977926424
443098740 925789808
69032306 147168164
762122442 570216251
649461944 644517412
858428401 966421686
265729162 494957783
982514913 819062635
472476036 93309934
186432394 603602308
954604669 400256485
653342137 511618153
660898481 953329788
73634899 324476330
684596035 412930825
921807843 873464957
46 685369874 249481769
540793730 885144937
468537568 739266245
299989359 358468695
373704215 407238800
752446042 565998082
664823463 802961294
159240045 637003840
759384819 862231239
518341431 908544234
73288738 694986473
418861323 596188900
445543217 193355441
684640002 452924794
767341227 826714594
44704055 338647139
393337870 372149290
226610669 980091446
777676668 847092110
756836275 868880308
148430597 47408279
886904526 606919303
150116515 410531302
278375001 640070137
144842702 472780741
370232088 325200643
242939672 578252855
150559079 494568302
652968899 488279067
59477064 540070626
698169043 265969449
668265227 677063227
660847565 578451260
565635481 518078739
402107152 280960145
353785181 793350499
634885585 740814146
461446351 331752257
999058859 466461141
530405280 939437256
993601003 727954162
842138492 932267545
747191897 453259824
637071744 789878647
820839863 721666567
581491768 208151950
256454115 350146794
10 144701157 194598620
187215006 480774619
873085864 581899586
676745402 242938434
750265227 307591836
567473674 190257405
503546091 829492804
265428478 710931207
649216958 678890332
706080239 404796558
109290532 90156288
3 813211106 451758413
498152881 436239192
46589061 752792310
886815555 744930837
27 406687329 236230761
580503197 927631645
355504054 263043441
362655529 588724084
427450513 886480076
30706613 652663209
320933486 19020712
140345573 899203084
981622801 359712331
573447335 190377779
87810795 969898059
486620134 462104347
166097682 768065015
465402216 49513964
845439801 306866194
48965415 91461924
184400279 967160256
901650063 770965363
47528873 324028844
599581549 348094101
529684755 458343576
971352902 220891228
37850945 453123371
509047568 635617503
673243806 421892743
645215699 970381457
382522028 337627436
153228529 432996854
13 635934188 465668832
931428557 781249531
285162320 82766615
893287599 425657876
446759061 493443199
87228014 326396075
828373416 949054704
978831874 22653476
904748857 688098460
955547487 314446308
999294865 96284773
717761490 157952043
622216757 889967753
668363484 100394457
12 53262787 592853130
119094103 231567678
475712531 803011025
313530573 653665360
764516442 728872363
869087297 947960376
32382874 20997784
468565995 316993892
609454701 994634212
773110016 733318774
451233825 541689129
532896941 128607583
790693368 747487078
33 832157085 477133114
418473317 33981628
135257914 995546132
470085773 831081349
391917311 390978382
560496002 710146066
768468128 928846018
820476790 596823353
237915288 164290529
14361737 964679386
750666541 333365800
726030939 968858794
103589115 232755888
87531824 12908303
580977979 348691395
917906979 943419795
695004750 497422239
693241044 948866457
801228683 118366269
748834789 482118239
240154273 312538834
965034920 350807498
6744783 549778902
255108335 576754095
281936488 447799321
245075556 624738513
385242574 390608697
103774826 735492078
448760859 465797919
301699748 923619850
772890161 597472996
456453472 977408805
560924360 619234719
565934986 725788776
28 865173395 625756883
93917367 993358174
164037028 912879590
173174737 986172456
198321232 963177837
615256700 171649079
318892078 974031585
692025570 508282126
695847609 308019826
194038071 939486634
594719599 221757493
465973630 330266484
588148192 112465176
903058120 197874716
655958043 29012987
248732851 987665534
979171756 78464760
784502404 799630015
175594833 456523460
843516894 518062459
629539140 781718062
666546462 440023577
736653340 840516946
776949815 63062621
152924056 967343068
766516802 294284457
814765332 293261726
974501670 72871032
514960658 7772643
50 18589266 803705043
944712569 873478544
918861907 655714741
750664721 822860056
742066371 230077556
509530363 134786933
699655096 535558588
250997192 268065591
775710612 275647267
392292603 592169864
661842552 466202650
637767107 202799413
164549208 645381720
653632680 805499900
161978592 467303450
109371924 697942390
437403823 269439812
264169054 91428094
90780081 299376326
959484679 12335082
457111988 938382891
559274678 755682412
692696105 673748814
96630401 302057344
688348313 99308814
990239703 69819316
415150642 794508470
839372328 806111618
326644422 801386306
656297589 341234092
907388327 54739150
7325529 46200957
156334509 210326910
911122406 621278503
550999889 650733037
460994958 410212093
304887118 430620470
808209756 65113891
641379696 926587156
579163625 32719513
760663490 367629711
852021119 653617952
177080168 930340576
572262778 148693838
838171548 608225093
615633517 918077700
93162092 746527360
843094813 294236431
860999962 339328421
417931314 90561151
279670373 360338140
50 623841894 885585428
779361854 94600157
205589295 975940480
250702417 729293486
203001661 167784862
19627960 536113707
529158101 349802674
534163152 50818630
90246245 938665264
48848936 759684551
776171771 480806343
781028669 476776187
495139355 738302780
630156639 489854206
9755457 281732944
262238412 649166167
897543157 271773166
674500408 323658191
515703138 158597672
337021303 985758016
455558073 152848375
849585542 717412422
977130066 766542482
425166864 639386600
125326776 189724964
929783630 990894460
744790661 926974404
164653725 500318471
649938613 822634081
681334083 255773370
802406614 675385574
847696376 245349983
336345216 253012178
820731972 439794655
840507427 75251257
401419798 429582889
427917944 792806797
336877117 877127647
418003729 765694041
804315733 349661298
140705724 462665146
263304922 31676764
434898654 931252467
412018334 132391052
594438126 747786461
113924583 172704703
418579699 243188768
872348683 403363128
768327040 287648147
397697964 269695470
552688689 479537723
7 61 34
241 69
924 30
580 70
649 68
453 15
599 82
242 81
17 929014080 566446503
424913336 420290276
709441841 199870176
922488230 595310572
410618286 477250282
526259599 915537840
35709956 183508581
704238904 94967569
270780865 398638147
774406249 141813753
865421595 186559187
499221327 525452825
682397642 6583385
406256193 144240154
985026732 75534879
874411221 578856181
164369116 784498110
321140063 104533601
