1000
72185797819121
6969228997371956266
4913910437881764552
433909998933051902
6265403473419043917
3537182337063992405
7664302533433416674
493096550622115655
6190260458784309521
3536385190161959252
3850628462274947857
5432350697554742021
7804512033926440693
848226402794970582
3836916835048004871
8396227690231739538
2420701601725632819
6789157068663395393
5835060875397041933
9140706505740479205
2278531550511641904
6665365731169662664
6009198201231230305
5825801995629237579
2515305481390281781
7069666498392248449
2193082062241539512
3313634562769165218
4487330825756894900
8385964576608391783
8343952032106034378
4761952858781651528
9100167263192522949
2454749804733735600
8741582276698086421
4618207815422153189
2555628529470928973
4886057296321508854
8679008189442238184
7023729349888446469
7635266935504763134
146353713624075685
8008166313737642227
6790472596524256484
9218371850721868794
2150843120537144771
3237544222818235362
5452060486978314158
3800774256056770273
2484013397598512792
4955754462240356193
2649066555028238644
1417816538687994910
7400886541284481789
4929429718690574928
8811647716028845495
5115133157540343695
5763217480151987258
1473595299665244431
6592035927826224940
839237726919570517
27666436453797832
247890030492343888
8650575721098732978
1668470266896130738
8181044867778390197
1386596185425730124
3558512548827429853
4609297462876855432
5415840679877923517
5442791252003837471
5129542741158961505
9069388732797450126
1308056514825460119
2325455647707473166
4279926202334259810
1162429012145972439
2944558514960065607
1168713383493257304
5733561890530597006
2285936743057962914
3590789425229208418
261714856320305542
3933744311735008964
8739023069617922870
1210000634030124290
850151680958983186
655445699877629414
2334042209991213959
7223313034893558355
3223791222009428177
7461196882006580051
6010374000374268497
6268133238612921701
2307001410986747828
4346627782198110592
5537654817144822475
6971426096489879534
8774815935971038443
4052106993334202136
6354727286459197519
9104810196842726524
7851576851981422647
4956877553338482369
954009599944352421
5319272128455069235
4058640265452740410
8017542850299964163
7385341471243616545
6841121666860424881
8172194627830598028
4273397948904654296
6580159480734265471
6158252418322490035
1840567674998112877
7986357995081310672
5017037601829364808
4153721951361396269
1987931656930413487
2912117505740790897
8130440437359504735
4312219558590041586
3367988641012059550
9215224604483211204
5815227875764507035
5488298191277462
7132913358400475165
2943893640683452545
6294898215885776819
1893206686631448190
6538638537964853799
872058788544667844
7046700999348965207
1972438193271046244
747653893244384697
8782122857133582357
3595764659651977456
6384132006059131541
7165322494542721512
3896504067951537950
1789034164355518308
1769262619503012781
2251003116192057565
1258574660106608473
5543339819165549587
7640223731560777993
9112110501582268171
2154572264107045919
2023706011902045130
6419534310180324456
6421706481210513912
6175237965901740846
520573230383258844
2093776671785989805
6454833403686038634
7033473470517740013
5108930416660920448
3040635748118924954
1319359652406898383
4476334652836798502
7501052232088315161
6816040656217238959
1248219373976909882
2866060166401850565
4778477668383720764
2387403051685352217
3624947575535363896
4389367920629937168
2576023690982754144
3410268093006513787
6196115157774429810
4740226363867466226
6647909756129093910
4249182946643624926
2965868342728950217
4769823661964610562
3706254381986191888
9098881147382799202
6180566847168067257
4996394422165527799
7648377099600389750
2529138381788357075
5037221050689783991
2459073850846727381
2275711594946585223
6401238470325834111
7536429571614417793
1482647013022324227
6528545308142716106
5371886641499081036
9145278043869938611
2578040793759388432
1578846943139554431
4571943208740370283
1504157249044438920
7221826590287802026
4025316377153752564
5393709910995075134
616580266321938759
3594637797557808846
3558095001210388046
6078694054802685475
4968273471166513639
7525645918802721938
6328170626652806563
86215670484253371
4805008532515589102
2035461220182745115
651491692415015701
6675542152686391820
466726555119825182
4216574248360016787
4118139472657082504
2637353008093337759
6416122538018246743
6282633283186716897
530115811031002760
5002693802334769002
7896983060992879517
3482287844593821745
5314257577747821335
6265733605224637365
328238615252323918
8977621206947163099
3240343476559915583
5604226615474032906
5099253224768903953
3292051859627764253
8985891750743072902
2319932611684770640
7499044284070288013
2255909712473876560
6408919272002044631
2431467621480085403
1075178121643356169
1048472990678992253
56072293075800850
5528113890065958214
760988513209234093
3461624328180257031
1140353500381092798
273337323822318209
4558602066842152077
8614910540328015492
3317257953092981844
4611274021003557400
6197215700206015236
6979972887220826547
2126650273951619131
5189087997035355509
5687227378687553672
2073425059265485407
6022968910259494159
6863150124926955701
439388556100383760
1152413420603964221
4465776544672803942
8430392495615771019
5474492422293965357
4580160541978228019
4073341809205727851
7119928098885048348
4084020005125242291
4314152589200360105
4112977064974588373
1893939286364897812
3435888403328592904
8899182034679919191
648727794982471376
4854609716925274853
4775006260367372896
7762168943152532305
3909699560496338867
6581305245053471384
8041712619935904384
7716253063410008381
3588447222220848942
5585697637439947162
4976052331624779752
3704956403430375655
766330442637265418
4356935991007056200
968169458154769046
7397316380846137289
6168778923993454721
2248199850935225142
2431861271805578118
747144042123985317
2147818803185982791
4531840068140780794
2454516000831604236
3921695704500264843
8886493700300485073
7340472820295007508
1578628390725972820
588484552649513827
2697541162960190230
7616997434640276032
6700255111109338907
7397922413840539251
418194295616259027
1414082305561931707
569371484694808348
8569894184876104285
1886759913345260689
6453510305915687601
4562164942987457889
6563086568883375537
1850619142542333454
4022277860585146066
7943052114900952377
4099965984014734320
4830941620760001900
6946801906798373251
7589830133321540595
2140542604044727636
3971753780728859528
9106463398501265931
7844759997094999239
2874050574154626296
9201222947717244481
4317227336107359055
6371252856273452986
4994775515955050847
1468509467254322687
7575466233301342749
378847860348388843
1014750121979239869
4784838900619029270
5178773238375652826
4767635762702635920
6799238311184901613
210288703100349561
6188799698183489132
611419900904394009
8495809297557437734
3505938335619256501
1543188260679784784
6374516425714072581
6582677498916881252
5440030932293050945
8574948425531448008
4666745963348924557
8478456814453814868
6676212936861130610
4526987846357705779
9003077036558033728
2520296658794041155
6443061827220922116
898656585708797334
5633060716370977848
4566725211078631023
5431533493076947858
1394729637624056270
6745640566757610081
476080130697132480
2957403180318381175
2261038932814206810
3532261090591398077
5507907314863628023
8626172568469103487
4732959437596889448
5996370054381774875
3758872223642883514
4425215771369539347
4927112853940939505
5585103866625159265
6487438193534113043
8653865936620727585
3813811091888806370
7221921844445238360
6285646096422950587
4864526302641224362
1325252379186266634
2318959720475710477
44416152898420663
2539683652244867768
2572661948942991822
4674588980132237637
3841307790570853642
4025920803824100004
7066715223688242543
4069953302972536089
2739933422712109762
3122199929344641574
512876550150819533
4475973693782814176
1055841686597889616
7974615068307661620
3388619204160085592
1496066164716805222
532400040343939942
4317473569693484501
8150736799204508141
3802316213332057877
2843819158162030481
7511666119210855382
8480816345575529493
7102424952034076345
5279844825079024120
7408837926959181309
7947058196898331318
8019667304056769289
3589477094984003606
4848452273095685491
3874167399678275394
6909643465282127975
3118280964657324238
6854127696918973806
8108836630813722084
6549641801903704250
3314690059407478380
1485231689358218568
889396421740746183
5189176035619498803
8099889566891795530
5858735375383612459
8101929448116628483
1042892161350199759
3529042897657826677
1122849273341627295
1321728168635356484
6535570469758135014
3606030534950103440
5799348797694903790
8381191184963543230
7924841917029475852
3955657977761418903
4599055190663859080
4157294680200234363
6832293831697197607
2768134524556970461
1014741222772178453
8969510161680902304
2198947580296615258
7687441090271162095
1194256450673744422
3127822153730218782
4060756326810608274
3992588065710359522
3526251001223914895
3961187104071579483
6181473206925871494
6438526525872339721
7833209249385038922
7317658983582885755
88617129240781482
5894268966431382231
5948133272604558708
3480569071412981837
3592507691601924172
6397226407563100147
2688846925424987227
7880127423797792147
1329479493950538264
51542023301086715
3522912432770888714
3177041524790599686
2683999423829441409
1147301773191099800
449154701408157488
3475519293246121131
6971537899221064727
106351062767544087
5173522373348073763
3832866508271897280
4746257773536036700
7766484195285581598
4288932949355281652
461565837513583986
1867265650518961195
7669454484977103647
7743468925966512792
1671236118546441928
8615645504450205411
3403797484706038283
5790712761489280540
3742718086201355943
4103018135010367387
6901951406452583492
1208474432904026946
6136384201817858042
5361408690623400765
9057650375886886666
8499087182180072628
8925670687708023245
2571436718827912203
5446019005572022149
7698670154409259565
6737195571444888271
3223836538386698930
6125677500088851991
8016844101483730740
8466754062961465278
8778374508542273049
3836991022308415990
8877822342145598751
4853169645262878615
7545708266291372933
6114109074224323726
8683149647191043229
1162454923785065838
8178599561529154559
1503022750468535176
5556206751868938754
7735444974387892631
3611460949640624771
6155197655976522344
371013611769449
5799224414955280910
5297406310699067172
3241024491386787719
3420369792537302596
5316628862093542224
6866508523321585433
4082482997819141799
846713591281805936
9153454055065741384
304404167910257216
4493736030039449920
8261596369062316462
6351160727365031789
4443085192317331543
8735639274982292099
8792291453189275847
1172176296031049438
7905866767456802262
64636854303465621
464796080025047948
5915631334740798840
1264463579382577819
7605839340819496534
6049496535973348835
4855684403552560219
8329225139356871031
2560278294293356774
3610890114040946894
2241291721194145234
6717442205112607096
1855896275692686465
208046150165664244
1733799107563368013
7191079743990457034
6146123752584065994
3238995135020507572
2694061585884078456
2063238389916686493
3733298816694692804
5343673855149976530
4032831008042501661
7694901174861803092
7831268038977504644
2441073744270149557
4920964599229846916
9211710519357315472
1127287697028782422
3920919935881595968
1969815227151873658
305083773982343568
978074911271923579
4446114652911948461
2375244076244113305
2605275047437821889
1919598749762059877
7047242641941694993
5311303691693480805
8373417968114388459
1052448455882184554
6439413087900929584
6898796107118732777
8254583010063212598
3190277192616700065
1983478441318007628
164038701512000502
7244681570800146872
6732908777876505456
8096245792573426066
3167535496605055947
3340626688866275697
743912886928391063
7160965353429715660
4549847836968998370
5928177565276201100
3249527353020329248
2596790057233132943
5775237190733686395
1453050930405681040
2323877101462612105
7882322499978202902
5611909551757342617
3446421478177751533
2415256901917984910
1870659504007361192
654399488994946938
8884353801780845559
1821781405941336918
750104430784257789
1407141924785222372
7462850096550071767
419850980506905967
7652836624544442916
7389468830707111897
3682104455176807527
6043212254820730133
9097598048799399408
3814598242215348195
996573341231568331
7997762258063454071
7695694840679229168
6612592892126661974
2052568105357889779
14514074139359241
3779421985254979817
207172455909446969
3472612748654047514
7322178320475557299
3060348539736385088
6030914424690924878
2389958053976078931
9103851657323054940
5924404664408258588
3476597549005196090
4142278949770144266
5403052435578285413
4460434460625344909
752578532754420395
929800200490093819
7763016504577966472
7636279402844831986
7501184509008719355
7745749485215525556
5922282856361660910
7524052421718198334
1785955631420024159
8583749105657675660
3490534903416656344
2100680613917569288
9092837196360647968
4228740267575184619
2573461438758861566
6824664894101531268
2803282037336221107
7500348711544743305
6620176459657764677
7241020562858055716
5322431119327764883
7365746531842459084
5790384577458986207
4352108053064099547
4884879667515242784
7912957350270078066
3681439177171688783
7806997577734253691
4213965090614735346
2697789357206550291
9223371536489136211
6840205581111110996
7347197015194392794
5540796735455708698
2321456731891078485
5309194957578492659
6896323018764818479
9127773432429387485
5116919952531923270
986996727129792243
2271720663505638019
3083976168561439575
639794066986184637
8082088580073216889
1341081738519893551
6104867348623026754
5395925328220197697
4557419477329247042
8530049026791645594
2364721599268237233
5725077954744513751
222899379872217336
5632926747226837072
5242911260340443718
3449292896242330360
3470542246340060627
5378288976732255252
1022009802611634886
6319529410696355095
8041588383225741006
8988526575313353871
4384276489707245568
9151234428756197881
6444411931851312813
4380955930122563266
4105389997031441725
4053771894529438115
9197331964851358190
1146320390798468006
1754819296636782259
6053046129880307715
4220766586638006426
1283755606439902999
8974004561895871830
7860233096087250512
8537367286712221428
4304248824011958051
4245061958789054779
7988722480467196512
3548838337654380840
7509896343093792349
6655449252828315730
2896012863696066298
6346066816089012302
1528907580271566666
1626137591458672125
1826711839384927563
6220723206915677019
2982884157061174869
2959081675138303149
8028370024185575717
1362982498119073975
8688245428932631168
6095977706491073663
1571170487987256147
1525672658374914081
3331412137629398406
8889847554601933831
220077899587804090
8173490501844203791
8423000110712045155
1591733868993943063
7511687495346736013
5377811943585386895
4351153793496078198
3065039772630327354
4731254782028796101
7638472739556681026
44067924177317629
4192631163690048803
7780213865740741287
6769132755406460110
3901128279766036548
3743527989206175006
4847437937437531834
3723363466193197288
2442246983602662361
1706028378158080679
5724694827130073386
3018932117552620377
1700375143987279811
4917720885500735490
8538717103578677224
287653351949704017
5211770682112908054
1293661244241373961
2851114762041462990
1502191978135959636
3501029682040052169
5555336624597027425
3090780787038153536
5017779515235833381
2655143976861504557
4052015849476552373
3002933724824635792
8971536642555333897
2936505829937796376
3221438653056944515
9089533228299555555
386320808416418325
7242940253247750317
935812295615153102
4035324325771541089
2606465135992970762
8137800654979782776
6183976862681646843
6989777217084759592
7871042344856699791
2157808240422287386
2409905738274132135
2762426827840243097
9148060714677997149
3953225863555847225
4277808657059392764
1677550309968353922
4642654297998897391
8282920189889408646
5802802939875157598
5017965853121142036
505531897552930764
8995498829167091569
8023204461837266337
4781739949329109459
8943599422386277871
2108197647849932418
8268793626395758477
781891367611938482
7112049266229300351
479022424589379013
660730095846100598
2489547518975185161
6339386771478722209
8712834880792712387
8409622914569782720
7520109216140603666
4444533104473199403
6485719858441651641
1553547148153645336
1937499914937357346
3438261019119385723
7440510097516645739
6077391403304165178
4815806908532790041
5597389441017818205
200754843417818382
3480121334352680043
8943902974682741499
7316772400079375377
4180292520473813195
2252585008229534863
1972135064030508357
3754366476079913862
3164988815846037200
6349377810744097223
7177460686555886007
199742361045296765
495774745941868718
1508488637432763184
106793998035618727
8499040671797221241
5026879364627255954
5132964520633999208
4440406309800122000
3769338728385929290
8679913101790399710
5438431583292695408
2608022662585631741
6878738778318997733
5112596604353839822
1080639627723799117
3267889120880800643
2450963726854565084
3822619408496769156
4885293615935606277
4334484891472337415
911796896297842907
1224999160901398225
4042518915919855141
9166239563460505877
3227625476725282044
7393724457723342888
2778248812686165163
5090576555866182676
4672051900810172742
6729753856501255805
2002050107199093089
3553017541870983505
2438326940874335172
7899845545490524104
8239840831465626674
8893143125969104879
2620184996704439199
6630661845150927241
4487031306450503989
7918046865629859728
188185815106797398
8849963831855214303
9203835696069236030
5420209408858039263
3765214248709283404
5030752149645497834
5300664401887454986
6284211597502436396
5200710127381107686
2701270903532881695
9020314575149591652
5383729982853574581
4810664556278573273
7450084044433293864
5485732719962992628
1848386330631593741
2589808646473287649
7314639356354364251
7279088690597301407
1475809235120851459
7023041652066310065
3613654269172537399
3068565280266436610
7196165591433814734
8802359316835301222
7166915368854550181
7765604007013400587
7087183015528733091
5398046148420451685
7393447645997904538
6371251877017077502
5081330436496148335
5413990596148102590
8288483779152011698
2397332599663324580
361135148332549
847078563998442920
6263061783661293154
6873847364805982843
9057244703900889654
7219773323745020478
800704813180634578
8547939707910747640
7206738927463954885
2643337185821727542
2728801700093722684
8393023279902154665
8225275891829535604
6939718410708867397
4317524778788944570
1925403684918879161
8280474765528101771
8842502856055363529
8471074091116837107
2424734611125837114
7115376100785757136
7154714882391955774
3861576406818551668
5968406892508736729
7650713364793218424
7196271877257928028
1106775948173481316
9148231352248925692
3919310860889730783
5843395989983956238
3969307523140636671
7365404588830582386
2276251996288909242
383723777558760109
866998854887887190
401134451254494066
7602199361119573666
4722128368160696473
9207686460703981829
1951688850190151281
1004468984455095470
893528325297422509
3570276151654550747
8293717288148830538
7536097425461280038
7539559208418253083
4229138663858111149
5466744442771399814
6156773661738278076
6816967105763193383
5768863419292297585
8265022593845900770
3028306734257048272
4163979436408085447
2387279996095817164
6491865922710851700
6373040952645215770
8113298277479922132
1999064556374444787
7246089067155605502
6598956092112761454
1800670601293317578
188692599608547236
7017390054284452440
3875644081785165604
6242849182596266454
465708570872667622
5844775034217232949
1010156106050469008
161568342620492065
4963785517722682716
5906226520003142752
256414066397513207
3042791830138664572
3465854573987939748
7091398911794527685
7034857574242290058
1702578573911770901
7733615777165764593
3397426537216688791
7256142935595939656
7519791200485164781
8281591706208992451
3807546477468395305
5113838138228574429
3237111793081276660
8965025051516547567
1299096473609074755
7393087943226761935
3698715357735221398
5555885942326349272
6964854693502474826
9026005620212951685
6731994227584016798
8106223036349862244
6249607166135590041
2654954093466810471
204471471404043388
8712362722452800935
5239882517008172001
280198062708805615
5918145663532070144
629621238223666045
5297042106784584625
1937218172570168752
6981635069691125327
2539635264953963370
3451453573895060188
3269073909425566414
5739540729593746760
3196737458595455545
4759344186369573726
6423317729464335215
7449412985379572482
6789614512387769967
3023793350212343486
4064169649461947170
8606301987725667339
5230204375924668743
9110722790071071606
1025404326117554951
4099658959223615012
5026611638940679096
1369608254130302148
4846479576159692120
5421431325392891822
8383603175021091897
4685172888265738918
4272353803909325363
6394422008430464532
6389558190190311417
2312536515914779784
6856927126755002250
2662870777817458207
6046384931660261586
3913603681718596235
3979247647516971076
3533958174102517835
4777807077483266609
6805269634953790027
4734540114153865597
4632882004421388623
3833136851751276512
268650841180793861
1069428716336004572
5829459610533887365
4711128982592491031
4723209931057530742
8998758640496621039
8729678354592820061
5812246896950444781
4507858813947089449
6334970067526175953
7834674897677768525
7383405754120750004
4148917174120223448
216509530157830541
8040933726716308981
4230927423804909442
1730635804526632953
3294237564152862262
3902414290348658176
7793872123495220395
8522498964431530394
7564417524135698455
8991937441233785851
6787933801356050845
7646603013466770952
114035377740750861
5583313259835196682
5046939410004427741
267976625313756774
5322259723692150565
6010153961896187248
6784991170307543822
6332461869824720086
6956528834606302486
29691332479095418
5251775970089678894
1953451767217601823
2222498569425335813
817891426145683231
5475634943900173505
3594874897860230858
7358646830777932611
9047537966813228622
8869040933613041260
7966799790679186170
4360156838240803254
8031261907849405339
366625598316392226
7287921402714969233
380984949948424995
6296276860685531951
6008249748481716212
2521825335978482283
209623667761824232
2106038318822210932
2040330903223682472
569517973717609369
2660850494605087243
3547423557005883522
6831374260568292542
4920937768464155475
2602587716686881745
8622438459897579271
5414765018289246770
3188349251562543601
60471254449017613
2877385728095290592
4704604588206093658
2032985357269100279
1769921057745955902
5945990066947159884
4564918562523043735
1282695600068281687
1695017954480730527
759537392700241292
3325201515454146154
2737635705001605513
3543126562850256082
7993711261269826412
8473912412033918216
6890865073226196918
7321807596775206398
4760018943404607791
7462500703888276820
5331041484413404502
923631879613272014
6367070918299477166
3997059358910854908
2977438190233216575
9074988279666963494
64197178928325158
4860911452893288147
5786457976289933737
2630404333702325531
4091127608960518284
1329367068446658136
8046891838186177657
6973807304396362000
8013212204943889718
3026843735969510220
5563045116035749986
7431660068023074617
3848464803903250547
2984636267908622263
4646811773890922979
8287247124379218099
4178570036426708295
3771476518068374231
8802434015198820598
4447970309383651435
6318405400471630877
8361563584355766101
3693159082830545755
9043012711432463144
3507791520327599794
7646777181514632161
1224389004722257383
7244901516936061502
7195283902064698129
3237888068508069689
2244569824860969381
224518071333489138
6491928758328278590
819100180701743742
8587656671457183634
5438422909572290995
5316631426199051715
2513625912824334057
2368123385592275471
7474944522675226692
2533249377362419997
411938324851346845
5338358249679512492
4937031780423225149
8481901902807579552
715156563898567348
7857719974186512151
8822814165741205784
5512578520246698000
3999586263415579796
3658251605975359926
6098292290604150393
6212897775944782077
4366419025995196124
7198470664304603775
2148564609995549138
5844304662590708345
4478659804758269068
286103599278269468
7240029864644904515
3810701596412913694
2452639588849231919
3754653840581293283
1309166072428677742
5467407637709228603
6276149575184727243
7593303529915528152
5085220564660198129
6961401066720313378
1178541166117893185
5278566365078455566
5603753593842316751
7102944471163691578
3535279029891167102
1136552585479346873
1520011918719384816
3188025925159269761
7764833072399348043
1199366612022109205
2421388552220535301
2624334041542670598
4710272796838978040
9040530298668061233
8360515943243377326
2845556597343782027
6127235825548556128
1832765299501882839
1021327714038737000
345802179644672822
1713424577007690007
7814022840281790615
2682097881895082439
4415058172620649993
6135756547873481578
401578400138817014
2100194322932475319
8142950392459173057
6590967881244362812
581640811162605639
5903822046167774335
5258939279868770797
8608125038825543984
3317561322852629499
4981386766305551342
8903521665142737112
6640249334152452125
1484807591890419686
6093088071251413557
669940330623954374
1764027014553951677
4579105689587530307
4591293750661114735
3525573903422544695
5798824244843919841
8628917112703279694
11999680923326392
4662679045049227077
3625061925192122168
4961876676462832293
3508620327704956616
8661842138713574239
7065158813791448344
7172074731393315285
6108249678669078402
8380060878292124014
548859308488597398
4368696312466322402
88217861076082043
5747973694655996067
5638561233792028345
4551592272679853703
7080699255986934201
7125942423106857088
2829224976126665731
8871281553804880227
1427497896714591315
3383147957055697040
5477490690566542642
5345581208197826859
494159799706734732
7114620881518537469
4004089227828850704
2737273592744381127
2782602921540394297
5676130608649796808
2313082595226087969
9075477141200051513
8311017316611603465
21553791455903216
9222221575970461667
230514159052796540
538301090802499807
1424381808438100534
8662685261272946360
2688682105410034602
846199501012096895
4107443282901660141
4121121207388346886
8747862099657206209
4653871905266908513
6343113028819306141
3870580843138126096
7413545493677667284
8844482405638501641
6317925717319570969
1002523090367388466
557361360517627107
4830467632756862570
3453341913048286536
6022696769329259417
1062847091286434724
5527839292404816556
1974000899614535441
5341490272347025403
8928772804401226967
7507477262017489629
8337399355249318750
445325690867893384
9147475254657448557
1089229026844531537
4504400333832891611
1829127748615478622
3848056449699689616
971328296555520633
3921920349348788155
8448116421829573634
298429417671973518
5648733721103319153
3725824515706670877
4332192830255896817
3502678455569981383
9095279165407235575
2222800912683782851
6375861638357569961
2487601375778400183
199950562547190146
4423252836932412095
6339645907197093067
2555750908600476208
5234104481336789806
6620895979017120208
7236376336417637138
3680676503959549955
1431879063968669349
1091612238361106457
7691756247914561122
2552722897562985648
5398557515670239424
8796616772765062572
4545089419786233331
2486266417409457120
5330240310963766382
2805894757770807582
110777091130577956
2072148355913414980
2363574982394678470
2218121280541902788
1067581883909149616
4746969864720394497
3806528772395204440
2591117796282755785
7620891449764939041
8632264236764639051
1010809847728287094
4757307698182182143
1230443066136987079
5875883331344250465
6504503773847139156
8026954957920627145
2408937631677362714
224741354672051799
8843816672365067979
8607392119115787093
8875607010820158248
6730025497065834143
4205964733531293420
1581463022251709452
5137994159620400947
3084166704793717317
4429635163982134081
8965710863840662754
7671848178402373534
1266603933170532251
3375477643730666046
3344675649837438534
5970926040272171599
3191845267690318012
1248374929711152336
3194513382682381334
8380001564561661584
4820624800507929777
4753109276059219009
1689734748222855874
4625120832855142311
4634201110004007513
3259413912502414684
3014609044253519521
5653246993478437261
9175351567656939940
8029186477041151855
7596479275521209603
357953952397571003
6525095443766628886
8842444268177214506
5639793464731195854
7530336187472724676
8754731774258128311
3524369817514204145
2516868449727801261
2659693924105878182
2133663869174848660
1290202871501778698
1005705256974303902
1816001160500642134
1460642946170514344
5066561332643220704
5486966784860372118
6364071799620047487
2821364175961682584
8283916858130463017
5815969879365641771
5537827344508756338
5799594013369796825
8551604476111412568
275272645806647274
6314850961822603813
5541175417761602458
7442667596881139347
2758762497727956675
1477586059306827515
7497280138677384013
4544537838600289203
4880263777232435344
4009524740665502296
4341547599838784749
7477818090379357475
2670180722648810633
1924700864457716094
2925604741523272648
3398059888457486289
8071403651766112592
1829468345149830625
4568748062691495581
4790834213093697676
992900245056727686
5228351380195625982
1048667755323110994
7841326273269171093
63564177728740459
2072758802003991179
7873309155861598852
5924998297783555189
35597214794771158
2174324320469175679
2293830880889553547
4144134333510348295
5486984810908652409
6955260770614763648
2402657052801040798
8022941722627233062
7616526096642328253
4671607569672264627
5712097134095148980
242710260336621784
1674563584465561854
9167524899730623334
1269563110645287677
1770974269452726268
3145852413242700122
6274473043172540340
2866084553321587399
3593837697854196476
4374569898649044038
5933188392232231699
643409539506815787
4293998039140469553
5680698904066258449
8967218023154747852
1398577988477736183
3975910932349576935
9139641972455613331
7535687471376132335
4939691099287845527
2798666589436776276
8654941185890930444
279409668984374376
2787113977703715257
3069054347958761573
9114035408230147461
4103255314770003709
6083604310410960226
1542685242879093277
2291590174798032520
4865741164664679339
4868325995620001388
6011679409252582920
1322473032695903818
8416993603361303875
6524573734195121123
586366455469181141
3504354639688455943
7785240000020114978
2324584225497846378
2177112488856886057
7066618653118170235
7508736310837396270
5062228170426461901
380049115862205516
7216803492562189156
8444189043268398521
344480374664536792
4710415652305227923
540007118618022467
631679798334362945
1014684586964295839
3538675778198852521
176357327954832483
3861677605233986554
8674214319313186527
5016595607162808725
8269395188311709216
4892590637159792776
2083258957947483960
8425469187550807251
2043996188969940216
2087327924954598571
1689927189280574892
1693338686563670013
7196554968250124964
356842865780012712
4974612513366445591
4268777574658443324
8898344899328386652
8379529745525494269
5261698633208134148
8888940144720508006
5909843555897987394
4582630119182629710
6908770580630422520
3571743548005810271
4078710547924530102
8558252782936681947
2935297303015893324
9069948418618396615
867626777268778496
8006971732629121616
4367444805638500629
3182204935351873463
183595971755091006
2886814710708494261
7217298581822226525
4975415688278675709
5122252387897586509
3449824299592958594
1403709916805534970
9112578601162202288
2527695915672331819
5349451725464462355
5716708987092899600
7415635907537955679
9028421686210414099
1918457739990255985
1588171405167111139
6128982855429809673
7124958072880210121
5125372672373545921
2896518213673125734
5125729037942040493
3679541945253868769
1227895902192248340
917761836792435353
5306034888664787158
3441782772939388957
1013842737867718662
8530564263822110136
8522973588092316968
6147286413370733109
230918888289774539
2386573488390793267
1220375045724033540
1108792035186383649
6920961506458403649
68329743912553346
5610752199571026810
2587194510841430831
1722590738806162444
8557029874260501595
3987169462226121441
670106411216749634
5773700847002621412
354352563129813590
3971262904848227202
3707611732254764346
2474657653054233479
2280391703831700719
8026574894777352675
4448476166168835025
684305957227761626
2402230498602335000
1793204729211589384
9112077632068927912
5302576842343983723
1567521626260208275
12491544650302408
3178047667766585275
4286912704797767615
8881602072038265033
5964255294302464501
8340278860768963526
7824662864530098047
94702045821307130
4225214678334377406
4727449557110494411
8295411418858387888
3425996084272825345
4864197266056577179
311145871312329977
597817112869605146
4994926476056303091
4144925944177872681
4207430607310680026
171147297488604288
7813006997084216805
965500754749883613
74978306289368449
6063896024231824139
5898994258549261287
5521557798696880701
386969436915670194
6950588590270302290
8329020234255285107
8050059451239451673
1023791407114917581
1274116566891673453
4154153174207822028
8047734584934432361
6514262823841174728
7579119950507910658
7773778871448447859
3701305175167087030
4074009737216038146
6820955228284537225
8848961047556797260
6333172953835297325
3813946671651985771
335367809972685692
8210696909742911371
3800470317211737375
7989298994035858555
6475436947089072703
3887030374553822051
5655458815801865613
2996964832944668586
4754316982639158388
3923504161244159494
7292941408052027943
7886018812689620718
18329460990048629
5136929982819215622
7581652648946190493
3330789654845881954
7356471606014045922
4466794520329993296
4375747798039308597
121874189734627104
3016861136347897601
2226207174381256415
8701038296782664556
3999552899979067692
5636311688623223344
7996233688253615518
7366193781422056783
482266756796201271
793616609788551836
3749942844318009467
714684087729832274
7143275129956169286
2135292956645133369
5114032980182407024
5190244889658372295
5858913469046943810
2069135272093182801
4606529528159254287
6864401279566081028
8541665449103524884
1096890788856213458
7635772745045121591
8836928847161326599
1632384596444260890
1122299916957448521
4975400720259076754
1348125299847209711
9023418061942724231
732577214842372574
1332311166232227929
8017978643009475514
3817849401299393767
1254393746486332814
7367916274059129889
1389819158676608163
2423919259933674991
7095423082117448006
860739158224274060
3926385921630458345
5977763405855170479
6131877535128290348
2726099981146037490
9086003427826826946
2184561913296983408
82645076252514468
3412776565586952246
1710118135035754266
6132030977730354126
5668532773181503939
6638241289497291064
7127281736589680593
1197518671489355675
1922283168513778187
7883399432882174137
7268541373580857230
6305933193987243822
6872520283437884682
7180570581465300262
7118202168113192386
9063115990119615729
8413817514156894184
6427804162483793676
3863373322940161558
297785288168577946
4572355183615530043
2469278838302725590
4645315403576904617
14556942375691284
2660289906837479124
7465659364047196537
7453777436555521640
5004705218552450918
4626425324754359148
8750053138552560144
2982422968110662479
8528586977695594305
4408050697749767239
4881987397302843892
1176430533619931513
2512944580168638299
7007275764007757282
7809958825391346763
6310006642810278318
3138732289528763884
5268744174523121791
8477118763696317645
5283665149013931502
805824861582404467
5996723838664823544
4041890737987418111
3767283114634327048
5905677739146833780
461132188001140032
2089959807460768985
2800713875214202801
1728299389009360674
2281195757068171496
7346283931638966906
4207719640413391867
9090063957337679618
1534454006777694130
1679418666708049467
8191419983849692339
6922824702774691035
2617085001733382359
1507085637925660395
6882166557886827327
7477605293244473884
1090665890153802834
8570728135496916045
7059097549688377917
3109719223086714682
5357682063914183975
1796536490114812310
5400805115211245766
9164751067999848770
6394715488989206625
7391231249516406491
2516967586550866707
4091400338303575137
7320381541793438705
1437212585965310647
6128317701979229916
7178692000515955930
3016626477743929740
5006196160006563088
1242948011137690847
3500529537583725569
1461160330693030386
9093237364324508581
8907379542271157479
1572185450713088842
3562813606038018731
7456799166178753158
783960244274450788
2403268690749697175
8330392610525733506
2525104410311713708
427072732134687391
3559360105957879917
7122655347218241774
2105419143176453790
3127286081731870587
6297522723904242382
4383973618165753861
1940916102343092943
5614280984280006655
8403254784590004796
2425775947201562685
7063948895294695920
7318295996297622656
1551317037787906410
7305134597336631353
7337905777016356438
8086232610517499631
2776740648345799963
4171069929026695088
8196537335001445544
8008098925437066157
8377852126882329307
7183973798019044799
7042610776465524849
8887711242394020322
2394168519234466877
7094645664224883579
7682175126226960531
4992339624310968985
4636319048269928388
3680248212439782898
3122561451041543393
9092838828454607108
4084482065957527590
5221031589113209024
8710759664733664053
2513598150047092265
9190997024361244603
885280978710653009
8508330329421107693
7960993137528725686
6676859888169081853
256824898806901569
4108894160744059527
880718689829451009
838035934532740969
8193565105070001101
2756517838103560432
849787000301265206
3034582713205395875
6723892403648625144
1638082283700527808
5767186122772940348
8945224161185166697
4859888224470540824
1810175227166543283
8636855027160348559
7618222383433905309
856374183060264336
5272169057124182316
4787267714129309388
4092910598596182601
773020769439498093
5487554053069228073
3485678451074239874
3440606810586954851
585937315690045337
4784762507884272856
8290391218099544087
4676356454137821462
1015748540426307808
517252331494832405
2660490044506710718
1911823376830885400
9103353256630274158
5559624936442282246
2210608638230793380
7085834474272555886
806681365164741080
8447479950282833711
4127743493052419835
2300190940594201934
7767303598795236497
4679058800153185694
2209105404532178424
6215956859044757386
9222795512548661910
3870329511405870389
4385636401933827061
6184278398483082517
5822948410338654408
2796453268163895977
6470606608250002473
2918825343193211503
2616193193381719086
6060387275623684789
5836304558911328496
1155452637254979508
5980800548028864017
2733134656151244543
1382147204667649823
7232290539515306517
5835968199378785698
6856617819179840602
4273724234551975103
4682242680458758227
7927960109848177103
2859069218629796155
4976548211161892073
2108094241812668590
9156198831229059153
5757197860214779519
1011987379897419251
6502591593237157055
3739835975773844293
7391088071926348883
3036192329365258038
8142325624744113809
5259553415350691473
4811108034862128538
6844244294250204075
4742068426714483205
7666344667377403246
4216260269989634722
4685705038943601074
1168585135267941724
8331288144776114536
8807421234774737462
2471959748052431749
1179941311608067935
4580553631808286888
1610555996872994969
7452191129274386458
2254198047491727117
1874404105225049037
3171410903711101113
6917179315539846348
4757337561206650302
6600668049153829901
5823930509993631403
1184670673223376179
153666783056371448
1668351368851207389
4855196826219718997
3124260688487199210
8657606547798183743
4499012997832923370
4461790479448845437
5411173926245884704
4578577863958659872
2701092169916918997
303733834708849241
7917943734471578492
4934819966689765003
7863360516679288654
3227255624906704052
6346407127006929860
5187298365206784307
2946951718757147752
3958497883527634019
4798857962808064996
6594847692856597200
2555474335246647170
1767338885385793610
8693893017346837047
8372662592080240628
8352842610544521923
5591305245994621861
2776913085515067663
5191692859796533950
2147357378011344736
7937741996272688326
5975325547108369443
7046353047654328412
7484614653613377855
9216668036970659635
1776776410722378146
7781585730908081429
4444717425863480104
7184076254864821864
5510942154925842353
576503346600298085
4897298133011032647
802653973603743509
8595590269455228984
2018315712363045819
2032530065331761308
3662834581647485621
9027659990107167108
4680156336095899020
3743709456579510859
1186560169874826690
7659196729346415980
4698113595911065316
8283698310011865509
3045733179134408445
1738140026521416834
8214306893273858887
8264593020273370563
1677133430221348536
1683863399726851901
3679491363226087738
116193998096095352
5320965866173572756
8235955359064344532
3536132720258916250
2136922067737839049
6993822791460965618
7086473220013386752
