100
2
11
10
2
10
00
3
000
000
000
1
1
3
000
110
000
3
011
000
000
4
0010
0101
0110
1001
4
1101
1011
1101
1111
4
0100
1010
0011
0100
4
0111
0000
0011
0000
2
11
00
3
011
000
110
4
0001
0000
0100
1010
4
0000
0000
0000
0000
4
0010
1010
0100
0001
3
100
011
100
3
001
001
001
3
001
100
010
1
0
4
0000
0101
1000
1000
2
01
10
4
0101
1000
1011
0100
3
000
100
100
4
0000
0001
0010
0100
3
010
101
110
4
1011
0101
0000
0000
4
0101
1000
0111
0111
4
1010
0010
0000
0100
4
1010
0001
0000
0000
4
1010
0100
0000
0000
4
1010
0001
0101
0100
2
01
11
4
0000
1001
0010
0010
3
100
100
010
4
0010
0010
0010
0000
4
0001
0011
0010
0100
4
0100
1000
1000
0000
4
1000
0100
1000
0010
4
0100
0010
0001
1000
4
1000
0001
0001
0111
4
0000
0001
0000
0001
4
0000
0011
0010
0100
4
0010
0010
1001
0000
4
1000
1000
1000
0101
4
1100
1000
0100
0010
3
010
101
000
4
1111
0000
0000
0000
4
0100
0000
0000
1000
4
1000
1000
1000
1100
4
0001
0001
0001
0001
4
0101
0001
0011
0100
4
0000
0000
1011
0000
4
0011
1100
0011
1100
4
0100
1011
0100
0100
4
1000
0000
0101
1000
4
0000
0011
1100
0000
4
0010
0100
1110
0010
3
001
001
011
4
1010
0100
0110
0000
4
0001
0010
0110
0001
4
0000
1001
0000
0111
4
0001
0010
0000
1110
2
00
00
4
0010
0010
1000
0010
4
0001
0100
0101
1010
4
1010
0000
1000
0101
3
000
111
000
4
1000
0000
0010
1000
2
01
01
4
0000
0010
1101
0000
4
1000
0100
0100
1000
4
1001
0011
0000
1100
4
1000
0011
0011
0011
3
000
001
010
4
0010
0010
0001
0100
4
0111
0111
0111
0111
4
0100
1110
1001
0000
4
0111
0111
0111
0000
4
0001
1010
0100
0001
4
0001
0000
0010
0101
4
1010
0000
1000
1010
4
1001
0100
0100
0100
4
0010
1101
1101
0010
3
100
000
000
4
0111
1000
0001
1000
4
0000
0010
0000
0000
4
1110
1110
1110
1110
4
0101
0000
1010
0000
3
110
000
010
4
1000
0010
0101
1110
4
0101
1010
1010
0000
4
0011
0000
0000
0000
3
101
100
010
4
0001
0100
0001
1000
4
1000
1001
0000
0000
4
0101
1010
0000
0000
4
0001
1110
0000
0001
4
1100
0110
1101
1001
4
0111
1000
0111
0000
4
0110
0000
1110
0000
