148748178147
296962999629
114831481318143
114974171971941
127131321713721
127391723921739
127571725721757
127991729921799
148214812181421
148313148148131
148974718979481
185035180385103
185935189385193
195433549151439
201612061121061
203532530330253
203592530930259
207472407727407
238872838732887
250875280780527
257935927392753
259133952153129
259815928192581
263173126736217
265975962792657
289332938329833
296696296996269
314893481938149
314893984148193
329696329993629
349613946143961
354074035745307
354913954143591
356715361771563
375615163765713
495475449759447
556035605356503
603736370367033
607576570770657
614876481768147
625976592769257
627736772372673
634996394964399
678296827968729
687137816387613
719477471977491
735897859383597
767177716777617
768198176986719
789418417989417
801918910198011
839878893793887
889379388798837
893879388798387
923819283193281
101603106103110603
101681106181110681
113279117329121379
113947143719173491
114827121487128147
116027121067126107
117223122173127123
118549151849185149
118583151883185183
120371123701127031
121367126317131267
122389122839123289
126317131267136217
129341134291139241
129671162971196271
132169162391192613
132383132833133283
133499133949134399
134909139409143909
137029203971270913
138937139387139837
140167140617141067
140741144071147401
142969146299149629
144593149543154493
147827214787281747
149731171439193147
150209200159250109
151673163517175361
152081201581251081
154927214759274591
156041160541165041
160231210631261031
160243210643261043
162011211061260111
162859215689268519
167159171659176159
170749174079177409
172021221071270121
172217221717271217
173891178931183971
174221224171274121
178933179383179833
180239230189280139
182339231839281339
182389182839183289
182593185923189253
184231234181284131
184523214853245183
184999189949194899
185327218357251387
185923189253192583
188933193883198833
189347193847198347
189377193877198377
189391193891198391
192043201493210943
192383192833193283
192961196291199621
193247243197293147
197203203971210739
197389197893198397
198323239831281339
200153205103210053
201497204719207941
201947204719207491
203771237071270371
205949250499295049
207433240733274033
207469240769274069
215497245719275941
215497247519279541
216719217169217619
217369239671261973
218531235181251831
218579251879285179
218947248719278491
219547247519275491
220357225307230257
224591259421294251
225931232591239251
225977259277292577
229343234293239243
229601262901296201
229637262937296237
231481234811238141
232963236293239623
234917239417243917
234931239431243931
234989239489243989
236909302969369029
237409304729372049
240371243701247031
240551245501250451
250741254071257401
253081302581352081
253937323597393257
259309309259359209
260753265703270653
263111312161361211
263489324869386249
263491263941264391
270133321073372013
271279271729272179
271867276817281767
273269322769372269
273271322771372271
273827328277382727
274139324179374219
276113321617367121
277513327517377521
278269282769287269
279637327967376297
279823289273298723
283133332183381233
283303332803382303
283501320851358201
293147342197391247
294341344291394241
296377329677362977
302171307121312071
303187308137313087
305821328051350281
307121312071317021
307243340723374203
307409340709374009
307423324073340723
312383321833331283
312709317209321709
312757317257321757
312779317279321779
313849349381384913
316213321163326113
316219321169326119
318559351859385159
319567357619395671
321851325181328511
321851352181382511
323383328333333283
323803328303332803
324397329347334297
325943342593359243
325943359243392543
325999359299392599
329347334297339247
329603362903396203
345601346051346501
347951371549395147
348937349387349837
357823358273358723
361763366713371663
364411414361464311
366713367163367613
367127371627376127
370169370619371069
370241403721437201
370421420317470213
370483403783437083
372877377827382777
374219423179472139
377827382777387727
378269382769387269
380461408631436801
380641408361436081
380951385901390851
381749439781497813
384317433817483317
384907407893430879
386401408631430861
389357393857398357
401671406171410671
402371412037421703
403181408131413081
405917451709497501
408131413081418031
412591451921491251
412717417217421717
412739417239421739
415489448519481549
416393439163461933
416851451681486511
418351451831485311
419477447197474917
422377427327432277
423869428369432869
424397429347434297
424597459427494257
429467462947496427
429631432961436291
429683462983496283
431857435187438517
432961463291493621
434909439409443909
438169463891489613
438241443281448321
446731461437476143
448169464819481469
449173471943494713
452671457621462571
456061460561465061
456293459623462953
458501508451558401
467183471683476183
467591514769561947
475289524789574289
480379487093493807
480959485909490859
481157511487541817
481589514889548189
485131513481541831
485603486053486503
489157519487549817
491537514739537941
493523542933592343
493567543967594367
495617546179596741
503779537079570379
503791537091570391
505823528053550283
512497542719572941
512767517267521767
529673562973596273
530743534073537403
534571543157551743
535169565391595613
535609536059536509
538939539389539839
540377543707547037
541483544813548143
541859545189548519
542599545929549259
545189548519551849
552917575219597521
553607603557653507
556043605543655043
560477605477650477
560543605543650543
560873605873650873
562591565921569251
562979579629596279
566179615679665179
567101571601576101
567179571679576179
572969576299579629
573161615137657113
578267582767587267
579263627593675923
580639630589680539
585601586051586501
586301635801685301
586367635867685367
587927592877597827
588631638581688531
592463625943659423
596009600959605909
596243624593652943
596317613957631597
598163639851681539
607471640771674071
608743648073687403
610741614071617401
613169616391619613
614881648181681481
618509651809685109
618577651877685177
625397659327693257
629177712697796217
629467662947696427
629653662953696253
631487634817638147
632473637423642373
638063660833683603
645397649573653749
645397659473673549
650779705769760759
652381652831653281
656291659621662951
658633663583668533
658639663589668539
662789667829672869
663713713663763613
667103671603676103
670487708647746807
671003716003761003
671087716087761087
671161716161761161
671249716249761249
671477716477761477
671591716591761591
671633716633761633
673297732967792637
675179715679756179
678289682789687289
678833683783688733
679517719567759617
679829689279698729
680161680611681061
681731731681781631
687389687893688397
695603696053696503
695749745699795649
697013701963706913
697019701969706919
701609706109710609
703499703949704399
703753737053770353
710839801973893107
711947714719717491
721859752189782519
723169726391729613
723493732943742393
725929759229792529
725993759293792593
734933739433743933
738401804371870341
740561745601750641
740891807491874091
749171771941794711
751277751727752177
751481754811758141
757807807757857707
757829758279758729
759641764591769541
760169760619761069
761879816779871679
762917771269779621
766813816763866713
776719777169777619
778237827737877237
780163780613781063
782129827129872129
782231827231872231
782251827251872251
782429827429872429
782791827791872791
783283827833872383
783421812347841273
785921789251792581
786031831067876103
786211826711867211
788387837887887387
793843843793893743
796487846977897467
796711797161797611
800159805109810059
800743804073807403
804197809147814097
807409840709874009
807427824077840727
814873848173881473
814937847139879341
816329839621862913
816859851689886519
823169826391829613
824399829349834299
825959859259892559
825997859297892597
829639832969836299
835987859783883579
837149839471841793
838931839381839831
848933849383849833
849731871439893147
855607856057856507
856043860543865043
859049908549958049
859279875929892579
860971876019891067
863897868793873689
864901906481948061
865937869753873569
867121871621876121
867827868277868727
874091907481940871
876719877169877619
879269928769978269
879287928787978287
891859895189898519
892643928463964283
892733932783972833
893881938881983881
895319913589931859
899429948929998429
907433940733974033
911269916219921169
912497942719972941
914873948173981473
916859951689986519
918529951829985129
919253925391931529
920743924073927403
929609962909996209
929671962971996271
929693962993996293
932471937421942371
934951939451943951
950161950611951061
971851975181978511
983987988937993887
990371991037991703
992963996293999623
993493993943994393
