4
7
85
14813 16310 14813 24700 23646 20849 9821 20791 17316 1997 22246 27115 6603 15089 24268 5004 25076 23162 24003 10117 21102 1654 1100 24372 2177 3549 1235 8872 27693 7755 21057 11468 8115 17249 17842 2286 277 931 24016 5286 22541 19752 18693 9209 24409 19621 20826 536 11083 8546 8327 16933 19120 22855 19761 21642 15369 12985 2325 22704 17989 15640 10876 647 11621 4617 1026 18797 7093 22974 9444 24118 1616 9366 19759 13033 3726 18586 2445 2596 4841 19246 22565 15813 13297 
70
14813 22246 21503 3549 27693 16310 15145 17842 23646 9821 19752 18693 20849 27115 16933 24372 13920 24268 21729 1026 931 20826 20791 24016 25738 8327 15089 2325 17989 7093 25076 10117 6603 22974 10024 10876 1616 2177 2286 24409 7755 19759 17249 21642 8115 7692 15640 19246 1235 277 4617 24118 22541 17076 9366 20671 12985 2596 22565 18586 19320 9209 2445 19761 7571 18797 15813 2166 9444 13297 
82
24372 14813 25693 26751 3549 9821 16310 27115 22246 17358 27693 23646 21898 7755 19213 20791 12752 15089 17249 931 17842 16850 6603 20849 13066 24268 24118 1235 27789 12428 18264 24372 18586 19752 25076 8115 24546 24016 4803 277 18693 22541 2325 10117 12985 2559 9444 16933 1026 2177 3577 7093 17989 20826 8327 9389 1966 16517 22974 2286 24409 2445 13297 19246 21642 9209 1616 23997 10876 19759 15640 19761 2311 3320 17822 15813 9366 4617 2596 18797 14061 22565 
76
23646 20849 14813 24268 25076 3549 22246 27693 16310 22583 14368 27115 22296 17842 7616 15089 7755 931 20826 8327 10117 6143 17249 2177 19752 9821 18693 8115 20791 9817 6603 22313 10876 277 9602 1235 20649 1126 22541 24118 10073 12985 7046 9765 2286 24409 9209 24150 16933 19761 21642 18586 2445 24372 1026 27417 7093 18797 24016 22974 2325 21998 3674 17989 15640 1616 19246 15813 4617 19759 22565 9444 9366 2596 15049 13297 
94
4795 11778 4539 22246 23646 20849 15089 14813 4614 27693 24268 3549 11458 11204 8748 22204 25076 24372 8115 9821 10117 6298 9920 17842 24016 19752 5265 277 2177 26260 18693 17138 12935 16310 931 20791 6603 16933 14163 1026 1235 5869 2325 3631 25902 2286 19263 7093 27115 20826 16393 7755 6237 24409 21642 17249 22974 24118 17989 25803 8327 6955 1616 19246 22541 10876 15640 9366 1491 25159 5071 12985 18586 9444 15813 12202 4617 9209 10646 19761 425 3479 9619 5212 18177 2445 11290 19759 2596 18797 20840 16286 13297 22565 
70
17930 15089 23646 20849 24268 14813 16366 16310 3549 20503 22246 25076 9821 793 27115 20791 10117 8115 6603 24372 277 27693 2177 2286 931 7755 24409 20930 24016 1235 9209 2358 22541 17538 2325 18013 17989 21928 21642 17842 19752 18693 16933 19246 17249 15640 1026 7093 12985 15813 20826 24118 8327 19761 4617 21423 10876 22974 1616 9444 2721 9366 18797 19759 18586 22565 2596 6493 2445 13297 
74
23646 20849 22246 14813 27693 26049 23560 17842 15089 24268 19752 18693 27747 9821 16310 256 6495 16933 24372 1026 20791 7093 27115 7755 5546 3549 25076 24016 6603 8115 2325 1235 10117 2177 17249 17989 931 22974 24118 22541 8048 277 2286 9209 19088 22333 19527 23232 19246 20826 18586 1616 19761 23638 12985 8327 9366 24409 21642 15640 9031 2596 26671 9444 4617 2462 10876 19759 2445 22565 13297 17416 18797 15813 
9
48
4274 7517 3687 3639 3005 144 8172 343 2318 22 4437 330 7776 178 1969 7690 7026 4732 4431 5151 2583 2429 7211 5226 5798 1181 7587 1367 3231 1631 910 295 7624 2275 2444 4772 4378 3155 6891 3780 3968 5773 5863 7462 4268 6822 7162 5572 
48
8172 22 3687 7517 3005 4405 7776 3468 330 343 1969 21 7587 5798 4437 2275 1975 4274 2318 7641 144 3780 1367 178 4431 4732 5863 4772 7162 4513 1631 5151 7690 1677 5226 5773 4378 7026 6822 2429 7624 295 3968 4268 4723 3155 1181 7462 
48
7776 4437 4274 4772 8172 3005 22 144 7587 3780 7690 178 330 7517 4732 2426 2318 7026 4378 2275 1969 3687 2429 3155 343 939 1631 7149 5151 4431 7197 7177 5226 1269 3968 4468 5798 7624 7719 5863 7162 295 5773 1181 6822 1367 7462 4268 
48
4274 1716 22 3687 3005 330 1628 7959 4437 8172 1969 4732 144 4772 7517 5773 1631 2318 4268 178 7776 5798 7587 2275 5863 7690 343 4152 7026 2429 1367 3780 7162 541 3968 406 7624 4431 295 1606 4378 6822 5151 1181 5226 7551 7462 3155 
48
330 3687 1992 22 3005 4732 1946 7830 4437 7587 7517 4274 178 7690 4378 343 8172 5226 4772 7776 3155 7026 1969 5798 2429 2318 3968 3223 144 5773 5151 4750 3780 7462 2275 1631 7624 5863 4431 4268 1367 7162 5288 295 7922 1970 1181 6822 
48
3005 7531 178 22 7587 7776 7690 3687 8172 6399 8084 343 5226 4274 330 4437 4378 2275 3780 5863 144 6448 4772 5840 7462 895 4732 1631 5773 7624 6822 4892 7517 1969 3155 4431 3952 7026 5798 2318 4268 7162 5151 1367 295 2429 3968 1181 
48
22 7517 2318 330 7690 3005 3782 8172 3687 7776 4274 5509 144 4431 4437 343 1969 4604 178 4732 4378 2275 4772 7858 5773 7026 3554 5226 2429 7587 5151 1631 5863 4268 7624 295 5798 7827 3155 1367 3780 1181 839 7462 7162 265 3968 6822 
48
330 4274 178 8172 144 6832 7517 4437 7331 3687 3005 218 4772 5773 7776 4268 22 2275 7587 7690 4732 3780 7026 2429 343 3968 4431 295 1631 5479 2318 1969 5151 5226 5798 5863 7462 1181 7162 4378 3155 1367 6563 3916 6822 1773 1927 7624 
48
4274 144 22 7517 6164 4437 679 7776 5290 3005 330 7587 7690 4772 4431 178 2275 4732 8172 1969 2318 7026 1631 3687 7624 5863 5798 5773 3494 343 6289 295 6822 5151 4378 3155 5226 4538 4268 2429 3780 1181 3463 1367 3968 7462 2732 7162 
9
414
32866 100040 95996 24600 74344 93434 67169 78762 40257 10224 26212 46141 39262 26692 44816 49009 4329 94894 103772 113272 72818 12133 113738 114753 102279 46985 67375 50056 110945 104398 27675 57504 30831 12932 68741 12037 57213 91591 31251 66225 84065 92286 378 71556 2434 39271 69234 59593 38293 100917 6478 44349 114958 43276 87454 85147 58986 55160 109751 77880 112466 30422 36884 25787 109864 52390 100770 14558 30206 27368 90400 67257 47799 21115 18276 72182 97902 22369 28879 39446 19661 99509 103383 16184 78983 63335 99446 69743 47159 67349 83831 30728 111340 105287 98170 17005 84000 29941 35065 86637 54517 86765 27599 15894 110095 41176 73460 80001 62110 16821 40361 45195 75086 54567 97317 23647 79121 60776 115773 105209 112689 112312 79031 78925 82087 88024 74419 52134 108070 110488 50895 88991 10809 77375 72493 68423 102222 66460 7378 85886 51036 36890 72001 17000 23243 39120 82879 63766 14590 73469 14936 61176 36003 10416 7962 72969 13241 114080 91333 57566 6756 40070 95014 36508 109077 114545 1141 35096 49424 41943 89694 40327 30671 76369 12821 3287 59041 16730 49013 108011 41973 19541 97007 108742 99884 14854 89113 106253 91798 25732 44078 11514 95941 88083 92535 43825 32144 31407 61653 61980 11300 115574 21616 97822 7524 45817 102856 44451 97580 44457 114756 22437 32624 53983 103477 22255 104043 32350 40896 5653 64789 47946 23148 14412 67825 1253 39945 99068 12748 67839 117559 65931 50377 87397 29511 26611 6252 69530 3622 15922 76379 455 51713 19600 47748 1160 18818 41521 42977 13983 50669 48336 76892 39507 72249 56763 64157 115355 42745 44105 35180 15354 8851 26055 63138 26533 90612 99545 42733 29301 1505 27816 37607 69946 3037 1444 2083 80161 41016 33423 51400 18731 89789 15281 85544 76274 55353 15243 13193 56865 51803 49078 73085 55712 38064 78761 63798 85118 49062 116434 90982 7286 12547 78093 14662 80401 74768 59400 110454 5032 85359 11686 101419 67531 18053 108780 30571 8363 3985 86518 99780 37870 17237 72033 2711 25884 96128 101740 41001 76007 38231 58045 106076 118159 91425 16193 17985 39478 15938 109537 58657 74804 9720 43422 26422 71272 74306 43470 60972 5242 60593 5917 36933 40378 83409 44903 29189 12619 59293 113243 25119 37426 14708 103620 101613 83091 28525 109027 24123 77148 106973 58315 80772 31505 19754 60006 92799 99582 67887 11841 67227 113142 30772 48414 13874 40503 12443 90829 117871 3971 20595 11837 104527 91435 52107 42577 95599 113201 96747 92787 82299 11028 103549 105962 53541 78370 42262 73141 54270 114685 109750 21971 94515 111971 
402
59593 106264 60682 78762 19661 110095 93434 44816 82879 61176 84065 102279 95996 71556 38293 26692 4329 12133 74344 32866 113272 10224 39262 68741 113376 49009 50895 67169 31251 100040 72818 16184 24600 39120 103383 92286 57504 27675 67375 12037 86637 43276 66225 104398 67257 78983 49424 90400 107464 40257 88154 58986 98170 30831 77880 29941 12821 44349 47159 91591 46141 55160 88383 113738 114753 35065 36884 378 111181 110945 94894 53816 45195 87454 60776 30507 40327 39271 47748 8413 68885 86765 88211 15894 100770 112312 87824 2434 6478 3287 109864 88690 14854 63335 112466 22369 47946 72001 80001 57213 91798 23647 64157 82716 25787 44451 106774 92535 12932 18276 45817 66460 114383 39446 112689 109751 21115 78925 85886 69743 23243 99446 106132 88991 114545 44105 17005 14936 18382 63199 53983 88024 49013 17000 109077 114958 62110 16821 74419 75086 97580 84000 40361 104043 97317 72493 29301 1444 59041 94126 25732 73469 55579 83294 115773 30728 99266 88083 85147 65931 72182 97902 79031 7378 76369 37971 115574 41176 53601 40070 57566 108070 11514 52134 82087 76274 95941 67349 72969 25884 108011 56865 68423 114080 112814 41973 35096 63292 1253 108742 97822 38064 8851 64789 39945 30422 58015 69946 41943 116434 14590 7538 101740 114756 89694 16730 30671 18818 87397 105287 56718 43825 3985 11300 26422 99884 83831 5653 21616 35180 102856 14412 12748 76892 91425 6252 103477 22255 26611 89113 2083 72249 26055 76379 73085 42733 92886 455 5032 106076 80772 113142 71155 105209 3622 95014 11824 108780 38231 56763 14558 48336 54567 13241 36933 63798 1160 5917 112517 19754 49062 77375 59400 97007 99068 44078 32624 31407 26533 48414 103549 36508 15922 88867 6669 39507 3037 61653 33423 42745 63766 30571 40896 89789 69530 59984 98560 19600 13193 85359 42977 15243 1505 41001 39478 80161 75915 49078 63138 90612 41016 11686 104527 14662 55712 74768 17985 85544 2711 107315 59293 101419 78761 58657 96128 29189 109537 91333 71272 78093 110454 37607 3241 78370 15281 80401 18053 22437 14708 118159 44903 72033 18548 83091 12619 43470 32144 109027 58315 91435 55353 44457 23148 32350 58045 51400 40378 83409 10809 103620 51803 25119 77148 67839 92799 111698 12547 94515 60006 27816 16193 99780 96747 117559 85118 67887 43422 28525 67531 67227 13874 109750 30772 60593 36890 42577 37426 44936 24123 3960 113243 31505 53541 95599 40503 3971 105962 73141 54270 21971 15354 370 12443 11028 99582 76007 114685 113406 42262 111971 20595 37870 
462
51775 114753 67169 84065 19686 57499 24600 102196 100040 40257 36256 4329 2434 24338 61855 32866 49009 77880 27675 61176 22787 93434 12133 74344 78762 19661 61876 39262 31251 113272 85147 12037 84907 88395 102279 94894 87454 91588 30422 96156 102082 15567 16184 100770 33547 67375 68741 65660 44816 26692 95996 104219 47159 67257 46625 46141 71556 103383 12932 92286 10224 15894 26801 99981 43276 46168 110095 21115 58986 1428 47748 19649 72818 78983 93507 61997 46679 75130 76891 22369 21293 98170 82879 62110 105287 111811 112466 44349 114958 113738 16821 18276 104398 57504 108743 55160 30511 109864 75086 90400 66460 59593 97317 69743 62050 76369 3287 14558 66225 23243 30831 38293 378 96090 112312 110945 6725 86765 103055 39120 29941 12267 63335 39271 14936 35065 95047 10606 41999 11514 80001 115773 64157 91591 50895 24413 49424 79031 26943 36508 72001 34586 57213 73469 40327 6478 108070 95941 2470 36884 21658 57566 109751 13707 97007 1253 99446 23647 84000 111882 112689 88024 44105 6252 47740 52134 42069 45195 12821 14854 74419 72493 91798 45817 72476 10809 7378 54567 61536 23421 32624 81938 40070 25732 104043 13877 41943 86637 19600 17005 76301 40361 13193 49240 41176 49013 41973 85359 82651 60776 34165 106057 11686 109077 89694 82087 88083 72969 77375 56763 114080 63766 16730 32144 63138 3985 55409 114588 44451 14590 104336 35096 9742 47946 1090 39804 96128 72182 115574 36771 58899 27220 76274 67349 39945 99884 87397 95014 14248 26611 91333 92962 455 99068 68423 97902 44078 114756 70388 1160 83831 14662 103477 31407 12748 59041 89113 25787 3622 101419 15922 71272 39507 40896 3037 56865 44903 28542 108011 88991 108742 81289 15016 61533 67839 43825 42745 61653 69006 11300 18818 117559 39446 69530 22212 21616 80161 33423 32184 97822 78925 58315 64789 15354 41016 102856 105209 14412 76379 44457 42977 85886 62246 114545 15243 37426 33764 13241 11028 66415 116434 49078 89789 48336 32350 55712 1505 116604 106076 30728 70903 68772 90612 63798 22255 5653 49062 41001 76892 26055 42733 74768 10456 35180 67105 5298 31505 37607 65931 18053 60593 30571 39478 5032 109537 113243 67766 118159 12619 58657 92535 85483 59400 49941 40378 2083 83409 43470 30251 15281 55353 97580 108780 85544 17985 110454 51803 26422 29301 84651 109027 1444 5917 2246 92799 86974 38064 91435 78761 59293 17000 83091 45601 22437 103620 101740 60006 72249 3971 80772 27816 14708 91425 12547 23148 99780 30671 113142 78093 28963 104527 26533 30772 67227 113627 42577 40503 80401 53541 79850 85118 73141 12443 116659 72033 30281 25884 52998 73085 75623 51400 21943 94515 58045 53983 25119 16193 84666 38231 29189 2711 37870 78370 103549 28525 67887 13874 112057 19754 96747 109750 67531 21971 99582 36890 77148 105962 8851 48414 43422 72184 54270 111971 24123 114685 20595 34198 69946 76007 42262 95599 36933 
414
32866 95996 74571 24600 100040 78762 93434 77880 44886 39262 44816 38293 16184 4329 2434 12133 74344 47159 59593 10224 86637 29581 113272 27675 114753 68741 71556 59676 31251 40257 39120 102279 100770 67257 44349 13959 49424 39271 78983 26692 43276 19661 86765 84065 92286 55160 109864 12821 106380 98170 85147 67375 62110 72818 113738 57504 14854 6478 90400 103383 12037 58986 91591 112466 22369 63335 45195 16821 66460 39824 23243 30422 104398 72182 66225 110095 36884 87605 80001 115050 12932 87454 18276 30831 14936 60776 75086 61176 97317 73469 23647 57566 114958 25787 109077 15894 112689 46141 378 114756 67169 103477 68273 49009 88024 94894 69743 14558 115773 40896 79031 76369 11514 47748 95941 54567 74419 45817 48548 52134 88991 29941 108070 97007 35065 110945 30728 40361 104043 109953 67349 47946 59041 77689 92638 5653 57213 40327 112312 72969 97223 3287 67238 9170 17005 80161 114080 64157 108011 16495 10809 41176 12748 63514 109751 108742 82087 113790 97902 99446 44105 77375 35096 21115 105287 43825 14590 68423 3622 1253 91798 83831 32624 72001 84000 49013 70402 39446 19600 105209 39945 87397 114545 13241 36508 13193 85359 11300 21616 44260 88083 2031 97580 50895 25732 95014 11686 21656 26611 6252 56763 15922 97822 35180 78925 44451 102856 79948 40981 455 25690 64789 63766 99068 72493 18818 103120 4735 1160 65931 115574 39507 7378 5917 14412 85886 17000 25812 41016 76892 32144 65640 44457 3037 89789 41001 40070 82879 67848 26055 29301 76274 56865 5032 83091 96128 41943 108780 42745 17985 113950 58315 58657 91435 91333 92535 41973 101149 110763 116434 30671 67839 89694 90612 22255 117559 60006 3985 81555 38231 106076 33423 56949 26422 53983 26533 16730 32350 89113 76379 77148 15243 20989 96747 37433 1444 48336 37607 63798 43470 59293 38064 20391 49062 14708 99884 63138 72925 27816 49078 30571 25119 44078 16718 8851 21971 60593 25884 22437 26238 69946 31407 29189 61653 2083 15281 55353 69530 35627 55712 42977 56473 86931 14662 74768 87660 72249 1505 101740 85544 73085 51803 15354 101419 115391 42733 2711 72366 80772 28525 3971 91425 19754 76007 18053 59400 39478 118159 71272 78761 75399 113243 49403 109537 85118 12619 44903 113142 109027 92799 106303 40378 103549 83409 24123 78370 13874 78093 35576 104527 67227 42577 48414 80401 53541 33529 103620 33965 12547 40503 12007 30772 99780 67531 73141 37426 11027 11028 72033 58045 31505 35192 12443 43422 57809 110454 23148 54270 96634 94515 36933 16193 109750 67887 20595 99582 95599 51400 111971 36890 114685 105962 42262 37870 
402
19661 77880 32866 84065 92286 66225 112565 58986 100040 74344 26692 4329 100770 24600 38293 59117 78762 16184 22437 38920 39262 12133 94058 93434 47159 44349 31251 22369 59593 67257 110095 39120 40257 46141 10224 27675 12037 87454 86765 112466 110945 2434 49424 61176 78870 57213 65688 78983 67375 104398 57504 12738 91591 82879 12821 18276 14854 113272 68741 98170 95996 69743 100177 108307 73469 67169 52134 62110 109751 16821 30831 113738 66460 49372 85147 99446 10809 44816 378 57566 23243 45817 15894 6838 86637 71556 84000 75086 72493 92535 103383 102279 72818 97317 47946 12932 7378 103665 36884 43276 97007 40070 47748 55160 92420 50895 90400 40327 21115 45195 115773 109864 91798 112312 66342 25787 49009 114753 25732 60776 72182 53983 63335 72001 76369 11514 94894 79031 18818 32624 29941 30728 88991 67436 95941 108070 35065 104043 14311 65931 19600 39446 80001 23647 41943 36909 38413 49013 13193 114545 78925 89694 72969 112689 39271 64157 88024 85459 40361 85359 12748 16730 114080 99884 97902 1253 74419 88083 14936 3622 3287 11582 82087 13160 6252 44451 6478 76892 97580 14590 115574 72249 76274 59041 35096 56763 109077 114756 105287 103477 83831 39945 108011 11686 106009 63138 44078 56865 95014 40896 108742 114958 116434 73085 43825 13317 8851 35845 112512 11300 87397 31407 21616 29301 26055 26611 36508 30422 44105 455 1444 67349 105209 99068 61653 22255 14558 38064 54567 5653 85886 15922 69530 106076 32144 13241 44457 102229 32350 42745 89789 77375 63766 102856 14412 3985 42977 1505 1160 80161 23692 41016 91333 69946 85544 96128 17005 58657 14662 78761 78093 5032 60593 12863 44043 90612 27816 73055 41176 116229 17000 37607 41973 76379 48336 63798 41001 101419 17985 35180 66206 49062 67839 2711 80401 39507 15281 42170 113243 72033 55353 36933 51803 22437 3037 12547 72116 5917 68301 117559 40503 30571 39478 109537 71272 108780 44903 111308 33423 68423 58045 97822 89797 12619 15243 38231 76007 59293 43470 29189 101740 109027 91425 64789 99780 28525 25884 46728 102501 89113 37426 31505 36890 25119 26422 92799 49078 80772 76164 58315 16193 42733 83091 19754 59400 30671 15354 55712 11028 48414 91435 67887 74768 110454 78370 2083 73672 18053 96747 67227 29529 85118 23148 118159 42577 40378 14708 92587 24123 83409 99582 64082 103620 104527 21971 30772 67531 113142 103549 60006 26533 13874 12443 62641 53541 51400 20595 37870 114685 73141 94515 41789 54270 111971 43422 3971 72170 95599 105962 77148 109750 42262 
399
67169 74344 100040 24600 95030 77880 78762 4329 38293 2434 95996 32866 40257 44349 84065 59593 92286 85147 39120 26692 39262 49009 46141 79592 44816 110945 31721 19661 71556 114753 27675 12037 49424 100770 43276 12133 12921 57504 61176 86637 22369 10224 47946 94894 113272 31251 87175 67257 30422 66460 12821 68741 110095 91591 78983 53540 23489 87454 113738 98170 67375 16184 104398 39446 62110 16821 114958 15894 75086 67349 58986 14854 72818 30676 97317 14558 45817 55160 48556 54567 115773 104043 79031 47159 109864 36884 108070 86765 57213 12748 93434 72969 63335 90400 77375 103383 109751 78757 39271 102279 29941 73469 23243 80001 99446 30831 112312 112466 13659 18276 25787 82879 6478 23647 57566 97007 63766 106149 65931 12932 114080 84000 378 112689 35065 69743 21115 26088 35096 100541 40327 40361 3622 88024 91798 74419 99672 39945 25732 30728 59041 5653 81952 92535 45195 2861 32624 72001 72249 66225 18818 68423 76892 72493 82087 90804 49013 41474 17005 47748 41176 26055 41973 108011 14936 7378 87397 108742 89113 14590 43825 72182 105287 26611 60776 19600 97822 64789 11300 5160 40070 15922 88083 21616 455 88991 8112 108577 1160 42745 113943 35180 64157 3287 39507 73085 36508 115574 109077 76274 5032 114545 102856 30980 50895 13193 14412 85359 76379 78925 3037 91333 11686 76369 114756 90612 11514 56865 95941 88600 41943 85886 89694 16730 97580 95014 44105 1253 99884 97902 44078 37607 48336 32144 96128 15281 85163 6252 83831 36089 33423 32273 105209 5917 17000 3985 22437 109011 44457 31407 15243 49078 30671 56763 99068 26533 44451 61653 66804 77148 63798 32350 49062 103477 25884 55712 27816 67839 83091 53983 52134 30571 42733 116434 13241 48531 39478 29301 108780 1444 2083 10809 58315 89789 26685 55353 98215 109537 60006 38064 23148 51803 106076 14564 50157 74768 69530 18053 63138 26422 22255 118159 104527 12619 14662 16274 8851 117559 3971 101740 40378 101419 109027 83409 38231 15354 92799 40896 80161 11028 42977 29189 78370 80772 36890 67227 91425 2711 28525 60593 1505 43150 18978 85544 42577 113243 53541 41016 12547 78761 85118 73141 59400 54270 67531 46658 53394 78093 111646 71272 111971 44903 37426 103620 40503 69946 99780 51400 58657 43470 41001 94515 91435 113142 19754 30772 12443 105962 76007 80401 110454 31567 103549 43422 25119 13874 72033 48414 42262 23434 31505 99582 58045 24123 96747 36933 21971 37870 85835 16193 17985 59293 95599 109750 114685 14708 32600 67887 20595 
414
100040 16184 24600 27675 84065 38293 39262 92286 4329 12133 40257 77880 32638 44349 47159 74344 39120 4948 78762 32866 58986 67169 44816 3619 12037 71556 114941 67375 2434 43276 59593 86765 93434 87454 61918 45048 102279 26692 64183 31251 67257 46141 50895 113487 27979 2826 113272 49424 94894 55160 111783 110945 15894 57213 39834 114032 109751 100770 114753 114958 68741 114470 112466 103383 67349 85147 39271 99446 39446 19661 78983 112312 72001 12821 10224 115706 57504 73469 104398 95996 84000 105044 45195 30831 30422 7822 72493 57566 98170 18276 7378 50262 14854 86637 91591 109864 61176 6478 113738 60776 49013 14558 8897 22369 40070 50269 41943 36884 45817 24325 62110 72818 88083 35698 115505 81401 104043 16821 63335 66225 69743 76369 75086 115574 12748 110095 90400 4027 76274 11514 378 68423 47748 97007 97317 70787 89694 32624 95941 49009 97822 40327 29941 96040 78925 80001 91798 3622 23647 88991 25732 17005 16730 114006 115773 112689 12932 82879 18818 35065 66460 65864 54567 79031 88024 28794 92535 21115 40361 63774 76892 23243 114545 47946 14936 26055 3287 74419 105287 41176 85886 99884 109077 41973 59041 17000 15922 108011 108070 5032 108780 97580 72969 45045 19600 1253 108742 42745 90612 114080 38231 89113 36508 72182 13193 42733 44078 35096 64789 37607 43825 59400 82087 97902 32144 11300 31407 56865 40823 33155 15281 2083 53983 78548 21616 6252 39945 102856 116434 44457 61653 25787 65931 114756 108557 29189 30728 104527 106076 60593 79124 85359 29301 11686 14412 69530 76379 77375 64324 63766 14590 48336 44451 32350 103477 63798 87397 49062 30571 56763 40896 26611 28525 63138 113243 39478 108686 72249 455 1160 109537 39507 19223 73085 55353 42977 96128 58315 51803 3037 13874 80161 1444 14232 38630 83831 12619 63682 33423 5653 38064 110454 109027 8393 1505 15243 57889 92799 64157 101740 49078 105209 8851 92781 25884 32327 25847 67227 85544 40503 35180 95014 12547 12882 99780 44105 78761 13241 89789 41001 99068 36508 67839 14662 69946 17985 27816 43422 52134 41016 30671 3985 78093 58657 42577 53541 55712 101419 26533 117559 85118 73141 12329 107439 59293 63542 28172 91435 2711 74768 10809 91425 18053 75146 26422 77148 15354 80401 80772 94515 71272 76007 109750 30870 36933 5917 78370 118159 91333 113142 72033 105962 103549 43470 58045 40378 44903 19754 54270 83409 83091 67531 103620 96747 14708 16193 30772 36890 37426 21971 22437 112606 23148 27081 25119 31505 4653 67887 51400 12443 22255 60006 3971 114685 11028 20595 42262 48414 37870 95599 111971 24123 12738 99582 
366
114753 26692 59593 67169 4329 100040 39262 94894 78762 67375 32866 40257 44816 61176 46141 95996 110945 104398 71556 30831 93434 38293 77880 47748 74344 16184 24600 39120 57504 39446 43276 113272 47159 55160 378 49424 27675 12037 102279 109864 39271 68741 57213 12133 86765 40327 73469 103383 12821 14854 10224 64157 45195 91591 63335 78925 80001 100770 50895 45817 104043 85886 23647 84065 31251 36884 22369 67257 91798 44349 78983 98170 113738 12932 62110 44105 16821 75086 66460 97317 25732 114958 49009 92286 86637 72818 90400 115773 72182 3985 109751 58986 44451 29941 3287 57566 79031 108070 35065 21115 25787 105287 23243 97902 2434 112466 112689 18818 67349 40361 88024 18276 99446 12748 85147 84000 97007 3622 82087 32624 76892 68423 72969 87454 74419 15894 26691 47946 59041 26055 65931 30728 19298 94134 72493 15922 17000 19600 60776 6478 13193 7378 114080 42745 26422 36508 108011 72249 35096 88991 108742 5653 43825 14936 40070 22255 112312 35180 80772 5917 98036 32144 30422 83831 39945 11779 72001 19661 114545 69743 14590 11300 87397 41943 76369 14558 110095 73098 5032 49013 21616 89694 90612 16730 11514 95941 19754 102856 99884 54567 26611 455 109077 44078 1160 39507 31407 30671 25884 105209 1253 44457 108780 95014 85359 88083 99068 77375 97822 115574 17005 13241 37607 41176 11686 97580 61653 64789 76274 6252 3037 69530 14412 38231 76379 96128 33423 67839 56763 41973 48336 63138 14662 15281 29301 58315 117559 89789 42977 56865 54635 63798 82879 73085 64106 83091 49062 41001 95599 15243 49078 63766 55353 17985 30571 39478 91333 55712 29189 51803 114756 1505 2711 109537 59293 85544 2083 78370 28525 74768 32350 92535 116434 12619 103477 104527 106076 14174 91435 52795 76007 27816 78761 14708 18053 78093 89113 12547 13874 109027 1444 40896 22437 80401 66225 80161 96747 60593 92799 15354 52134 67227 53983 99780 118159 109750 41016 101419 71272 71547 43422 72033 42733 58657 23148 58045 44903 16193 59400 38064 40378 113243 42577 40503 94515 83409 21971 53541 60006 43470 48414 85118 3971 103620 11028 105962 51400 37426 30772 26533 67887 67531 110454 25119 73141 54270 37870 20595 42262 101740 8851 31505 91425 12443 69946 10809 24717 113142 111971 24123 36933 114685 103549 99582 36890 77148 
429
24600 65001 4329 12133 95996 26692 50904 93434 100040 38293 99479 38426 9330 39120 27675 50685 73115 31251 78762 74344 50895 32866 39262 19661 8675 61176 77880 44816 44451 40257 16184 47748 113272 47159 110095 42177 10224 57504 59593 8720 102279 67257 114753 46141 86765 110945 88291 67169 78983 71556 94894 43276 55160 48835 12932 109864 44349 72818 70050 57213 49424 26686 67375 90400 107191 12037 12821 102586 35755 109751 98170 73469 82879 99446 63335 55675 114958 75270 18328 39446 22255 21115 100770 62110 40823 91591 84065 92286 113738 104398 80001 68741 58986 105846 57566 23647 14854 86637 30831 22369 16821 2434 103383 29941 112466 39271 92535 97007 45195 84000 45817 60776 72182 90825 88991 45708 18276 32624 10091 69743 75086 112689 84766 64157 97317 66460 115773 105287 88024 35065 44105 378 40327 97398 74419 76369 36508 11514 40361 7117 85147 114545 59041 23243 32109 87145 6478 32144 72493 30422 14936 79031 95941 44457 1253 49009 117331 108011 91798 97902 104043 109077 25732 48414 40961 7378 40070 82087 19600 108070 14590 12748 87454 58080 108742 93984 41943 18818 43825 6252 67349 78925 47946 83831 12973 17005 3985 62900 76892 15894 68423 36884 11300 43489 13193 21616 114756 97580 3622 56763 14558 89694 16730 85359 103477 85886 49659 99884 46880 54567 37911 6501 97822 40896 95014 105209 72969 114080 44078 29301 15922 35096 66225 102856 26422 41176 31407 63138 110798 11686 14412 39945 42745 76379 87397 55878 14662 79582 48336 90612 26611 53983 96128 37607 112312 80354 455 72001 63798 25787 61653 49062 30728 32350 80161 13241 101419 30571 77375 41973 49013 17000 65931 15281 26055 15865 41016 89113 58657 1444 69530 2816 5653 89789 1160 41001 39478 3287 88083 39507 3037 55353 33423 99068 15243 52134 30671 106737 5032 47102 108780 49078 38231 63766 51803 71272 95620 81596 27816 109537 72249 67839 110570 77176 2484 85118 115574 42733 29189 55712 80772 42977 12619 58315 1505 64789 74768 41352 35180 2083 85544 18053 76274 55905 26533 91333 117559 59400 117084 19538 12547 22437 109027 118159 56865 48310 38064 19754 40378 99780 78761 83409 78093 10809 91435 28525 15354 775 110454 103620 5917 78798 116434 72986 11028 44903 8851 29386 13874 92799 83091 101740 106076 73085 17985 68177 25210 109750 67531 60593 80401 37426 113243 60006 75822 63542 31505 30772 59293 23148 67227 72033 40503 43470 42577 25884 95599 104527 99582 106820 61673 77148 74525 69946 43422 53541 2711 78370 96747 21971 91425 12443 94515 73141 58045 42262 16193 51400 16506 114685 67887 76007 11079 105962 54270 110001 115543 93748 36890 25119 111971 37870 14708 113142 20595 3971 103549 24123 36933 
3
135
21703 33291 9394 1640 33600 8679 28363 7116 24929 23089 33979 26948 17229 19852 6468 12294 7407 15621 16502 4095 7137 11910 15104 31251 7858 23906 35720 20791 35185 10046 35089 13288 20378 9277 4960 19515 25335 11333 27815 1072 24263 31288 23326 903 20690 7704 38189 21831 8216 23876 17099 12209 23941 9304 3642 28766 3341 29122 34469 28745 30172 37604 16755 30171 17314 14387 13001 11091 37382 22983 17065 26243 19070 31625 5156 25343 38184 59 8939 20728 21902 32041 24274 10307 22129 38486 18129 8365 32638 3555 3162 13387 29154 7878 26374 3841 29561 4415 8029 3070 11445 23753 24226 5230 38133 28637 34376 16210 15448 2459 16147 14895 13344 27345 1925 10981 20435 14238 8374 10325 22616 30919 25100 11856 14702 12290 29203 4476 9816 8947 24689 27430 13782 3456 17814 
99
33291 22810 21703 17229 9394 33600 1640 15621 11810 28363 8124 7116 24929 16502 20201 4095 11910 20791 35185 26948 25335 10046 19620 25848 13288 24263 1072 15956 12294 7704 17099 25251 7407 6440 23941 13151 28745 30172 3642 7858 28766 3341 37604 19732 17314 38184 9277 36750 13001 25343 8939 20728 34469 5642 4960 24274 27815 3162 903 13387 16576 8597 38189 23876 14387 26374 26546 16147 22983 29354 32303 5353 18129 14895 26563 22129 30290 7878 20435 38486 15881 3070 8029 5230 14238 30919 28637 11445 1408 25100 12290 29203 9816 4476 17814 8947 3456 24689 16355 
99
33291 21703 37314 33600 9394 17229 35476 1640 28450 6875 15621 28363 20929 35836 20791 7116 24929 26948 16502 8670 37848 23040 7858 4095 4960 25335 11910 1839 35185 27815 23970 1072 20351 903 22193 38189 3642 12294 10046 7407 19263 13288 24263 23876 28766 3341 7704 17099 23941 2467 28745 30172 13001 25343 9277 37604 29537 3162 14387 23632 18129 5190 35788 6911 13387 17314 26374 16147 14895 20435 34469 14238 5258 30919 38184 22983 8029 8939 5230 22129 20728 24274 38486 28637 15985 7878 25100 24689 4850 3070 12290 11445 26920 29203 9816 3456 8947 4476 17814 
