6
3
139
11268 45797 37678 10821 54011 390 23574 16085 10156 48846 37889 4756 10571 27865 10644 37652 41537 41639 50717 8006 55181 44605 11425 50222 25990 266 42837 27001 11505 38024 29676 11822 1501 14193 34754 48576 49346 31461 26789 43729 35822 24164 17561 26199 42573 19503 34918 11515 27485 29567 52619 15180 40225 55199 33809 31169 44469 53020 21882 58118 1053 13007 32793 2073 42886 53648 53060 13985 2882 14182 42537 55228 29046 4377 31579 13874 29770 39979 45145 10870 48778 49644 58112 23976 8780 16583 17241 7172 48777 35330 14382 773 5693 46717 34972 34643 21201 8873 20479 43692 5267 42394 33057 26499 59775 37244 39743 43817 33859 43336 25676 1146 36840 11049 7509 7586 37504 24757 23187 37169 40399 53855 55957 15224 36916 34134 6616 15733 12 47643 41911 47549 20612 50386 33461 46673 16045 9044 32578 
179
44051 37678 390 37889 10821 10644 11268 41009 8006 59055 1501 45797 23574 4891 54011 16085 36576 55181 41639 35576 11425 52567 10571 50717 16134 52765 10156 50222 58471 27865 25990 58259 38024 31914 49346 14193 44605 14924 42837 35822 29567 48576 4756 53648 26199 42573 25599 31461 58607 11515 41537 34972 52619 8103 36608 19503 58118 266 5007 21400 15180 10256 10761 15565 25415 27001 29046 34754 13444 39979 19795 26789 34918 8780 27485 55199 31169 48928 1053 40362 35330 24164 13007 2073 20410 5267 11221 20998 6954 13985 21543 59775 33057 17561 2882 33809 11049 39743 42537 14182 55228 13874 34300 44560 10870 21635 49644 40225 9720 20670 43336 44469 37169 1147 1729 58112 21882 42886 53060 21725 4377 26144 7172 11746 31579 46717 32793 45145 43287 48778 18082 23976 42926 15733 48777 29770 773 47643 17241 8873 5693 48418 26499 42394 16437 36840 53855 20479 33859 1146 43817 35310 7509 7586 40399 32578 13079 24757 55957 6616 46335 41911 28694 47588 25676 20992 40908 50386 47549 15224 15174 36916 34134 23187 16045 31514 20612 46673 9044 
298
26020 49860 37678 10821 46720 11268 30177 57438 16203 53106 10644 45797 40398 390 47810 9955 29941 2843 3164 54011 32286 10156 17682 12778 23574 10571 8006 16085 41878 41531 27865 41639 41468 15345 53650 33187 23510 44605 25275 3727 55181 685 50717 50262 14193 37889 33242 59134 54415 976 23270 50222 42837 33380 35822 9360 11425 47529 26199 6096 51700 41257 26742 2233 29553 4756 1501 540 59854 20920 28518 55651 25990 13502 24806 10302 25358 42573 47133 9033 31329 19126 38024 41537 39989 12733 11515 48576 49346 52619 266 17942 29567 54323 35985 3765 34532 16319 53648 18864 53034 31461 26987 15131 40564 26194 43487 46230 14188 27001 12074 49513 34754 58654 49877 43538 16197 10753 34918 27485 19503 18336 34972 16497 33007 27665 26789 21325 7566 5632 40225 24164 41050 21882 1575 55199 37334 17561 33809 18081 31169 5267 56056 44469 13007 12876 33057 21570 4156 5981 10158 3283 19234 15180 58118 42886 26819 1053 37730 14182 45145 29046 32793 2073 283 53060 13985 5220 15030 27384 38095 2882 38624 31386 4377 48778 23957 46156 42537 46373 55228 57589 31579 44417 44533 29770 10639 52932 17241 1389 23976 55061 51012 18456 13874 48777 11049 39979 6553 59567 10870 5693 3578 16440 49644 773 23409 58112 53563 13016 12965 51321 2611 28390 20479 8780 35330 59775 7172 42394 18406 36840 3351 52961 42036 12986 3180 46436 7586 34681 37169 8654 46717 39743 15687 8873 26499 40399 41856 53947 43336 13129 45588 8963 43817 25676 8983 33859 23187 12259 59759 15733 34460 10593 852 53855 5206 6616 3650 15224 34523 53657 26621 47549 53576 36916 39098 6196 46017 17344 57840 15352 1146 14365 47643 42563 41493 7509 11583 24757 55957 41911 15162 55056 51706 2210 26822 34134 16045 9044 48158 20612 50386 46673 32578 32968 36708 31809 
10
494
74139 126081 83900 65626 21206 132487 93500 71023 11541 118259 81719 118359 19131 174289 176931 51366 150579 134730 192070 134520 64639 151419 43713 50397 92813 166231 137188 44878 101943 167448 181578 128719 8445 171515 96265 45535 65009 34220 137434 96435 72440 6216 17596 165838 75581 34296 39845 14999 1614 85791 75425 119464 183103 69484 125347 83168 104240 13420 97913 14476 2610 92711 28091 70123 141120 36058 130601 173646 117738 167803 65127 166958 8933 135883 19500 60531 12534 72630 189159 189440 129259 178724 85742 64024 188077 165939 59940 168893 30635 134115 77009 26374 107795 8562 47291 47929 144514 142504 72230 190339 100667 191319 173817 184641 5605 88327 160381 43035 96411 177436 149135 54818 109252 158072 118624 134713 17408 132316 30884 92221 185636 34857 58206 36424 96401 24529 137400 15544 92273 84949 59217 18281 150025 57049 82054 70378 79932 25016 189351 159191 175772 170144 4250 106886 98472 122767 189015 82244 173516 47160 179903 40037 114947 164676 22411 98994 86449 39089 46779 122108 160611 71730 111433 107249 105660 151669 68549 167216 133817 159010 117218 98063 151075 9300 5337 134621 32663 55125 130915 44998 14312 102735 39868 33824 91437 13733 42109 161537 157664 42382 76965 153882 104326 133043 75255 73690 32188 87910 105353 85064 122349 82856 5313 102629 1280 126781 4452 155362 71310 156202 150682 119289 100954 189193 56366 18868 82594 47080 14436 39870 50048 153244 66066 78838 186407 49315 183102 18095 188491 25337 136977 47134 126649 79042 55805 137262 192857 164683 48628 44110 115458 59416 104253 153244 30604 128783 26170 104468 145079 163650 22764 57966 83548 180475 187395 89094 146257 44781 90957 121903 56066 137599 143051 169814 51469 6823 81333 27752 65779 73791 80119 14078 19918 154544 31991 52595 177076 130558 118089 124049 154072 87430 50366 80489 80087 37685 92538 177008 138413 187258 179618 14829 135182 94482 71581 146944 17941 120158 179131 159798 11764 52924 6691 88926 100790 127262 179207 173657 150777 150830 41808 103623 190716 47060 122575 679 43332 96027 34179 180903 158850 158031 38268 47677 25204 161354 66874 127978 190720 191642 58325 85256 5387 102122 105955 64623 145405 52700 97251 50234 15091 78582 12701 127219 97078 99309 101420 4330 31413 8293 42291 68976 10552 56390 65984 79312 67666 158600 118028 108392 57187 40203 138637 88232 1903 73872 2404 2830 57982 189049 99301 41724 179489 85980 162622 144140 11795 188260 39295 72283 36917 152334 146452 169217 180403 190524 31714 76661 130210 171578 66830 71116 192892 180995 72277 128349 102439 122774 39212 69848 68523 43392 80065 129177 119709 90070 191623 161000 91081 60438 43304 99417 157246 123402 165300 51043 46555 157210 64280 41415 62236 157708 156176 193939 149041 10974 167088 46186 133681 43508 43209 40931 17809 42713 107407 8926 30378 81006 25157 158226 59652 61893 77491 184151 54399 118691 181388 100130 180548 173150 177670 61947 69046 162997 119467 58735 63503 30691 112168 50025 83180 105974 55189 1043 102565 169820 97205 172784 123255 142073 156963 107268 24079 182558 15888 164301 71737 176262 86369 42962 5365 92927 121128 122457 95244 159692 47171 42490 112817 64746 113988 37008 66604 112369 
454
74139 137188 174289 50397 126081 192070 94722 151419 176931 65626 83900 6216 21206 96265 92813 45535 18512 11541 150579 138555 83168 132487 92711 19500 51366 54818 3161 118259 19131 118624 72440 70123 178724 93500 166231 8445 71023 100667 97406 134713 17596 132316 82054 43713 75425 39845 64639 24529 191679 47160 134730 167803 87090 14999 44878 122349 134520 165838 65009 28091 77986 13420 72630 15544 34220 164676 159191 130601 37866 107748 75581 14476 137434 34857 189159 104240 97083 57049 2610 189440 181578 36058 30635 71730 85742 151075 27074 165939 1614 173646 107795 151054 122767 5605 11122 59940 119464 47291 142504 64024 188077 183103 27752 159010 144514 141120 104468 117738 135883 185636 96401 129259 18868 98063 134115 25337 150025 96411 148890 18281 39868 179903 70378 158072 86394 114947 13733 76965 161537 97913 69484 59217 22411 190339 25016 122108 160381 82856 85791 68549 120649 79932 76070 92273 109252 125347 167216 77009 47929 46779 55805 102735 75255 32188 105660 50048 126649 117218 91437 40037 30604 92221 98994 33824 119289 146944 85064 66066 155362 146257 150682 121903 173516 83548 79042 99309 118089 167236 163428 17408 26170 65127 81169 12534 65779 56366 187017 105353 111433 1280 154072 57966 94482 14742 100954 44998 138413 22764 191319 166958 87430 127262 153244 137599 64623 86449 173817 192892 31991 39870 41566 118144 679 115570 113635 38230 150777 36424 177008 6691 145405 189351 137400 180475 137262 97251 92538 85256 104326 190716 18970 87910 179618 9300 49315 182931 78582 41808 32663 106886 73107 135182 15091 183102 18095 160608 191642 175772 73690 183370 126781 107249 11795 79801 192857 69848 147829 5337 159798 130210 164683 96869 11838 118028 167088 48628 55189 187395 1903 42291 89094 17941 153244 108392 73791 90957 52595 128783 162622 52924 97078 179131 122575 71310 157664 104253 133043 57187 47080 163650 14312 88926 51469 47677 11989 189049 141375 101420 154544 88232 59652 87863 14436 80119 73872 143051 128349 42382 80087 189193 145079 71581 136089 108803 85980 57982 103623 124049 159450 81333 169814 122534 72283 173657 130558 4330 144140 71116 100790 164731 11764 133681 190524 80065 36917 90070 14829 152334 158850 158031 120158 37685 47060 43332 67666 58325 123072 122774 72277 52700 179207 39212 91081 113199 10974 6823 80489 25204 43304 60438 169217 1043 119709 54399 63716 45026 180115 180903 96027 180548 51043 8293 115384 31413 77491 43508 50234 180995 56390 30691 156176 31714 180403 68976 157708 173150 40931 83180 171578 161354 68523 157246 164891 164301 177670 123402 99417 71737 44453 50025 186588 47171 10552 165300 46186 74962 81006 100130 64280 123255 182558 100932 149041 99301 122457 191623 8926 76661 146675 66830 145733 179489 43392 193939 107407 30378 42713 61893 25157 42490 121128 118691 58735 134029 188260 162997 112168 119467 184151 69046 66604 142073 169820 102565 172784 144562 37008 97205 112817 95244 156963 107268 15888 86369 
494
137188 51366 132487 21206 126081 75204 65626 77064 11541 6216 83900 91539 71023 79718 134730 40887 174289 187915 165324 176931 38817 19500 92813 43713 34857 39845 137434 36230 166231 192070 74139 118259 14999 57049 83168 165838 19131 50397 129259 150579 8445 22908 1614 86621 134520 72440 51310 134115 93500 130601 173932 104240 70123 189159 52871 64639 66823 189440 45535 34220 30635 25695 2610 85742 96265 190339 142504 97913 92273 65009 71730 43716 59940 92711 17596 151419 153929 75425 96411 122767 75581 141233 8651 22411 154756 70378 192116 144514 44878 131146 166832 114947 85882 178724 13420 14476 181578 185636 141120 166777 102818 102977 85791 161537 104468 5605 106886 36058 15544 71310 173516 173646 107795 105660 4338 96401 18281 75255 107249 142091 14312 117738 56366 54818 143012 146792 123508 80535 151075 151087 135883 100667 158072 136144 167216 134713 165939 42382 125347 39870 65127 167803 25016 121257 119464 59217 79932 40037 33824 98994 150025 47291 180167 118624 159191 183103 132316 155362 119181 122108 160381 68549 12534 24529 18932 3175 42087 85117 189193 158308 150682 109252 2751 117218 69484 179903 47160 28091 166958 72630 164676 91437 99309 86449 124049 46779 149732 64024 9300 159010 180475 85064 78769 92538 137400 75419 191319 179618 105353 13733 173657 98063 102735 188077 57187 32663 79042 77009 158850 17408 80119 173817 94744 32188 44998 118089 50048 73690 155045 1280 100954 39868 159163 126649 43304 126781 135182 82054 30604 17941 39112 25337 137262 158031 18868 153244 194145 138413 76965 120158 36424 153244 187395 77491 183102 148820 119289 58325 128783 52700 189351 49315 175772 57966 122349 73791 31413 104253 56390 157246 52595 52924 163650 82856 27752 679 18095 136239 31991 10300 83548 75181 64280 87430 51469 5337 65779 85256 30976 14829 128470 185386 157664 182558 104326 121128 172856 150777 130558 132196 69848 55805 179207 41808 47929 11764 116126 100790 164683 15091 28068 66066 146944 26170 43332 22764 87910 133043 146257 192857 177008 121903 154544 97078 101420 154072 83705 159798 83094 106581 88232 47080 80087 47060 107407 94482 161354 71581 48628 73872 90957 169217 82346 180903 167088 92221 137599 10552 57982 173343 79048 127262 191642 119709 143051 6691 169814 99301 42291 64623 145405 92300 72283 103623 76661 36917 111433 4330 108392 180995 89094 85980 97251 6823 179131 25157 72277 24073 54399 14436 150685 51043 50234 88926 78582 190716 122575 47677 179365 142461 31714 147878 152334 189049 71116 145079 118028 180403 162997 122774 157708 173509 86369 43508 68523 81333 144140 66830 59652 158270 96027 177670 133681 80489 34859 29433 66404 168775 83180 8293 176775 37685 1903 81006 1043 68976 162622 123402 158926 11795 171578 190524 151517 130210 128349 164301 46186 90303 43392 42713 67666 83579 60438 156176 65370 170032 100130 163010 39212 118691 189211 40931 80065 38741 38381 97205 90070 179489 192892 25204 58735 91081 193939 10974 180548 61893 8926 99417 30378 12224 173150 15888 149041 184151 30691 142073 88886 156963 191197 102565 172784 50025 115876 55189 122457 37008 169820 71737 112168 47171 112817 191623 42490 99954 66604 165300 188260 119467 107268 13282 123255 95244 69046 63611 
450
176931 65626 132487 44878 60315 126081 83900 11541 192070 92813 70123 51366 14999 4182 137434 43713 28091 6216 150579 50397 60157 8445 166231 189440 39845 134115 104240 71023 176382 178724 106886 134730 96265 137188 21206 75268 1614 8513 100667 74388 74139 71310 45579 2610 45535 112770 134520 19500 92711 16528 65009 15544 93500 118259 134713 30635 34857 130601 57049 64639 75581 5605 80119 122767 19131 34220 72440 132316 14476 165838 24529 181578 174289 119464 17596 142504 151419 59599 22411 97913 85791 47160 148047 167803 83168 189159 125347 92273 65127 79900 164676 29995 96411 85742 183103 36058 75425 173646 69484 159191 13420 166958 159010 98063 141120 96401 137400 117738 54818 129259 107795 72630 161072 70378 64024 59940 190339 173516 135883 137262 64303 165939 114947 25337 188077 120158 12534 191319 77009 61564 39868 144514 107249 173817 185636 161537 119289 47291 36424 66066 65137 158072 71730 105660 75255 160381 83548 56366 59217 104468 94212 85064 109252 14312 150025 135366 46779 102735 32188 146257 42382 187395 189193 79932 179903 65779 18281 47929 50048 40037 13733 39870 180475 177008 126649 92538 121903 25016 124049 30604 122108 167216 98994 154451 33824 173657 86449 57966 17408 9300 118624 99309 189351 68549 158850 139377 168437 158031 76965 175772 32663 79042 82856 87430 154072 50234 31714 117218 150777 91437 94482 53394 82054 105353 1280 100954 57187 127262 73690 153244 41808 73791 126781 106391 58325 64623 52595 55805 5337 179618 15091 49315 26170 145405 92221 52700 135182 44998 111433 155362 130558 22764 97251 17941 4491 138946 118089 18095 97078 122543 150682 153244 164683 151075 157664 122349 138413 104326 679 128783 191642 48628 152462 133043 129377 137599 47080 87910 101420 14436 89094 6823 88232 31413 11764 6691 163650 155890 192857 42291 78582 183102 108392 104253 179131 88926 52924 91534 190716 145079 43332 81333 56390 118028 43304 11795 1903 80489 157246 51469 130210 43569 180903 100790 90957 31237 96027 47060 149235 128349 27752 73872 47677 143051 57982 8293 161354 72283 169814 154544 162622 37685 189049 180995 31991 25204 68976 85256 36917 18868 80087 159798 10552 52557 99301 85980 165300 71116 71581 103623 122575 4330 146944 69848 72277 171578 60438 152334 125576 76661 14829 156176 180403 64280 144140 68523 122839 123402 179489 192892 188260 107407 80065 40931 181113 51043 49661 8926 172602 46186 116125 122774 67666 91081 43508 133681 39212 113280 167088 22225 77137 66830 59652 179207 81006 69046 10974 149041 180548 157708 83180 43392 55189 30691 177670 190524 30378 169217 157846 25157 184151 193939 65844 50025 54668 164301 42713 122457 90070 123255 173150 162997 119709 191623 99417 77491 118691 71737 88227 15888 95244 144855 58735 61893 182558 86369 1043 102565 142073 121128 37008 97205 78967 172784 99616 59931 47171 54399 97084 156963 112817 119467 100130 52799 66604 169820 42490 109635 107268 112168 
484
51366 132487 34857 83900 166231 165838 176931 126081 57049 43713 74139 65626 6216 192070 145798 71023 118259 174289 21206 19131 61180 137188 68286 134730 70123 96168 129259 157463 68842 183688 11541 134115 39845 134520 72440 45535 93500 1614 14999 17596 190339 44499 140138 173516 75425 150579 34220 97913 65009 189440 85791 178724 64974 92273 107249 19500 109151 100667 105660 8445 117793 83168 74969 54818 92813 14312 15544 125347 86106 75581 42382 44878 137434 134713 104240 14476 30635 118624 106886 142504 132316 96411 65127 13420 130601 151419 85064 64639 61723 181578 28091 72630 96732 79042 118089 189159 167803 85742 138413 106241 189193 12534 24529 70378 114947 161537 141120 50397 679 32607 47160 164676 36058 10021 122767 76107 173646 191319 191642 2610 5605 124049 22411 107795 167216 71310 35621 59940 159010 96401 173817 71730 64024 47291 159191 135358 117738 96265 104468 75255 125727 149505 26649 56366 36424 144514 119464 173657 67375 39661 185636 135883 189351 188077 144006 80119 120895 25337 192488 39870 99309 158072 26800 59217 18281 25016 6021 79932 175772 183103 5337 180475 40037 98063 122108 42725 42291 160381 158850 120780 68549 57187 66603 117218 17408 69484 175556 56988 91437 92711 172227 44998 98994 135640 83548 104326 87910 109252 604 92538 151075 61767 46779 102735 32188 39868 119289 33824 150025 134493 179618 157664 179903 159866 155362 36971 84006 13733 105353 43304 50048 102142 76965 126649 158031 86449 66066 58325 135182 133043 9300 102838 61377 146257 32663 1280 150682 192857 90831 120158 47080 30604 82856 55805 121903 166958 141710 183102 65779 100954 177008 137400 58135 153244 26170 22764 57966 108392 154072 17941 52700 82054 87430 129121 73690 81094 150777 159798 94482 139782 46831 49315 41808 50234 18095 31413 137599 137262 104253 122575 165939 6691 52924 85980 81413 187395 177603 126781 144140 99041 51469 75040 73791 127262 15091 153244 122349 64623 164683 56390 18868 190716 145405 128783 97251 97078 14829 179207 77009 169217 101420 168848 18707 11795 133681 163650 88232 164564 130210 47929 157246 52595 154544 80087 71581 73872 130558 31714 48628 103623 119709 80943 100790 14436 89094 4330 128349 52160 57982 145079 179131 146944 92221 72283 72277 80065 54399 111433 179453 171578 51043 180372 192892 192351 96703 90957 11764 81006 77491 36917 152334 78582 157708 118028 82799 1903 190524 81333 96027 180403 90070 8293 88926 83180 143051 169814 100130 43332 68523 123402 162622 37685 46186 6754 42713 47677 27752 68976 60438 179489 67666 188260 189049 156176 59460 121275 31991 71116 6823 40931 91081 8926 180903 30378 47060 109917 55189 41147 122774 189553 159881 39212 92403 184151 99417 149041 85256 43508 69848 102565 177670 164301 119467 10974 64280 180548 118691 71737 161354 167088 67142 25017 42490 50025 80489 107407 155348 165351 146723 30691 173150 10552 172784 99301 15888 76661 112817 58735 66830 180995 165300 25204 182558 112168 122457 59652 130298 123255 59551 25157 45293 142073 1043 43392 2384 69046 191623 162997 47171 86369 193939 61893 36375 66604 9284 22242 62958 37008 156963 121128 95244 169820 97205 107268 
424
34857 65626 43713 21206 150837 83900 11541 132487 74139 93500 50397 71023 96265 126081 6216 134730 192070 15544 39845 118259 57049 100861 150579 8445 19500 1614 130601 44878 134115 137188 45535 134520 28091 176931 51366 174289 85791 64639 72630 64024 19131 166231 165838 65009 128484 188077 34220 97913 14999 184558 83168 181578 23002 92813 75581 189159 189440 14476 30635 94219 36058 72440 125347 142504 92711 85742 83252 70123 92273 59940 173646 96411 178724 137434 70378 100667 134713 119464 183103 104212 122767 114947 69484 107795 161537 65127 129259 17408 75255 151419 22411 71730 17596 104240 75425 105660 54818 2813 144514 2610 167803 190339 13420 5605 12534 185636 141120 47291 166958 117738 167216 160381 85064 96401 135883 18281 150025 79042 132316 179903 118089 137400 24529 118624 191319 173817 36424 138413 679 25016 47160 122108 82054 158072 173516 13733 137262 109252 107249 46779 187395 68549 19374 59217 151075 189351 82799 76965 79932 165939 102735 164676 18868 14312 146944 175772 120639 117218 40037 159010 56366 91437 98994 32188 192892 33824 159191 25337 82856 73791 105353 191642 55805 86449 77009 39870 1280 50048 155362 42382 9300 180475 126649 97518 100954 98063 153244 150682 183102 189193 76947 124049 5337 30604 32663 92538 42291 122349 49315 30568 39868 52595 27752 119289 66066 146257 47929 104253 50898 57966 87430 150777 41808 15091 4286 1664 26170 83548 121903 31991 108392 73690 22764 18095 126781 179618 137599 135182 164683 44998 85256 17941 51469 97078 157664 154072 104326 85980 133043 52924 87910 48628 89094 47080 14436 69848 92221 106886 144140 104468 71310 145079 153244 101420 6530 130558 80119 6691 94482 190716 14829 173657 158850 88232 111433 81333 100790 11764 128783 65779 179207 73872 57982 127262 96027 177008 120158 99309 11795 64623 169217 50234 47060 72283 70368 43332 159798 145066 180903 158031 122575 161354 10552 163650 31714 36917 179131 145405 154544 58325 97251 88926 130210 190524 152334 90070 180403 80087 128349 80065 91081 78582 68523 192857 6823 8293 123402 107131 57187 180995 71581 118028 90957 80489 165300 133681 103623 4330 119709 143051 167088 1903 46186 52700 10974 139714 162622 60438 99301 156176 42713 68976 31413 47677 169814 76661 43304 166291 37685 56390 59652 66830 81006 118691 40931 77491 67666 189049 58735 71116 54399 180548 72277 171578 146616 155410 51043 8926 157246 157708 83180 55189 43392 39212 78342 179489 122774 123255 142073 30378 185612 188260 193939 43508 119467 182558 121128 69046 184151 25204 102565 123379 164301 95244 30691 173150 71737 64280 107407 100130 172784 25157 156963 177670 61893 149041 1043 169820 112168 99417 122457 66604 97205 50025 143703 191623 37008 42490 107268 47171 112817 162997 15888 86369 
604
65626 11591 83900 51366 173502 166231 174289 77630 43713 126081 137188 176931 11541 150579 8445 331 83168 44878 28730 160397 74139 28091 70123 178724 151419 92813 45535 50397 181624 21206 188948 192070 21593 173559 39845 183223 165838 14999 1614 130601 85791 137434 189440 74497 132487 71023 125347 86380 134730 189159 134520 98129 65009 85742 59940 149074 30635 100667 45896 6216 17104 193728 51029 2768 153938 113272 93500 14071 134713 134115 72630 39267 96265 54818 34220 92711 51802 104240 129259 142504 190339 2610 75581 132316 5605 118624 118259 96411 106065 82054 97913 75830 103632 24529 15544 14476 47160 36058 151075 65127 96401 12534 34857 173516 150025 166319 158445 147971 186708 144514 167803 173646 185202 101650 122349 19131 72440 159191 39010 70378 40353 25337 34036 136264 30922 185636 83548 182025 17596 175503 115275 80271 107795 127864 164676 18868 41079 107249 63958 27752 141696 114947 43245 140401 159010 122711 27986 191319 179903 13733 22188 18281 76960 64639 106886 64865 98063 173817 65779 57049 36424 47704 76965 29885 31991 181229 92273 64024 75425 146944 13420 105660 96479 161537 141120 39868 85064 14312 189351 117738 89005 85256 175772 87384 165939 69848 47291 181578 56401 187906 19500 52392 25016 160381 91501 82856 112092 109252 118013 169957 122108 167088 188383 107725 12453 30899 75255 68549 56366 177008 87394 135883 919 77009 27351 53856 46779 79042 158072 57744 38895 178754 55805 119464 59217 119289 183103 26170 122767 188077 171896 64798 5337 42382 84171 102735 79932 138603 17408 71730 53390 141679 44289 117218 32339 71755 22411 66066 104468 40037 157664 98994 39870 118089 131744 86449 146257 47929 178040 69484 133043 80696 10929 22764 99309 44998 121903 9300 166958 15589 176456 154072 47080 32663 109965 104326 58672 74443 84191 192892 137400 91437 32188 77406 73690 57187 67300 152419 159798 189193 1102 43304 120251 126781 105353 138413 185680 92221 50091 28448 26850 1280 14436 50048 124049 126649 115669 71310 92606 145079 30604 137262 57966 110918 94482 153244 190543 117275 167216 87910 77491 182558 65306 33824 96333 105568 180475 122575 87430 102795 187395 150777 84339 41808 15091 100954 173657 127262 97078 158850 112247 153244 77262 49315 127167 148596 139218 105000 80119 128783 191133 144032 192857 59652 18233 101420 111433 133474 693 81333 75707 158031 137599 6691 108195 190716 155362 58325 37400 26985 64623 184056 121550 163650 74627 120158 145405 150682 170639 90957 18095 171453 92538 50234 11795 52700 1043 183102 114036 173320 88232 92517 73872 26826 6823 130210 155495 164683 104253 133681 51469 31916 109966 179618 48628 97251 78582 679 31714 135182 189555 154544 118028 89094 144147 179515 138325 19701 17941 191642 143051 80489 57982 42291 169814 1903 80087 179131 96027 107313 192979 162622 72283 174932 17313 43813 36917 73791 81999 191302 70696 88926 47677 52924 31413 183166 189049 58965 128349 75632 52595 108392 58783 55189 80065 189486 100790 71581 97205 130558 91081 11764 152334 97280 85980 10974 85894 181959 43332 192322 47060 180403 161354 122294 8293 71116 144140 97256 10552 25204 43461 171578 29874 132750 60438 37685 122774 180548 182295 121128 79542 68976 68523 190524 156176 145021 112809 69215 123402 140646 125376 27517 30691 66545 14829 81006 46186 56390 119467 81969 90070 157246 174787 42713 103623 40931 65584 74219 8926 30378 64280 180903 107407 179489 188260 118691 43508 100712 177670 105271 67666 193932 149800 69046 4330 179207 99417 58735 72277 184151 99301 25157 76661 142073 156963 176830 67660 51043 149041 162997 157708 169217 83180 66830 50025 51908 39875 43392 67915 88086 119709 102565 172784 47171 193939 180995 147270 39212 173150 165300 133463 52959 123255 19961 112817 54399 133189 75567 164301 71737 61893 86369 129218 28704 191623 107268 122457 42490 37008 23078 37744 100130 12474 95244 58532 32754 169820 66604 125169 112765 15888 84892 112168 32608 
410
137188 51366 126081 176931 192070 166231 83900 92813 66135 45535 6216 34220 14999 74139 137434 65626 189440 44878 11541 43713 30635 165838 39845 134115 132487 118259 1614 104240 34857 129259 85791 21206 70123 71023 174289 28091 190339 142504 2610 125347 134730 72630 134520 178724 150579 8445 130601 65009 75581 106886 5605 15544 19131 71310 96401 65127 93500 14476 72440 83168 96411 189159 151419 57049 85742 54818 64639 50397 64024 12534 17596 70378 97913 19500 191319 122767 188077 92273 105660 181578 85064 36058 100667 173646 134713 59940 167803 173516 107795 96265 107249 173817 79042 159191 118624 25337 14312 144514 132316 47291 92711 82054 22411 118089 167216 75425 132441 160381 114947 185636 13420 119464 141120 36424 117738 150025 135883 189351 18281 55885 25016 183103 17408 165939 161537 109252 44998 69484 24529 47160 166958 104326 158072 46779 77009 138413 47929 679 52226 179903 83548 122349 13733 191642 76965 59217 122108 75255 33824 137400 27752 102735 137262 164676 151075 42291 32188 159010 42382 79932 71730 189193 40037 50048 175772 124049 92221 173657 181016 155362 158850 187395 5337 157664 68549 87910 98063 117218 104468 82856 56366 39868 119289 126649 98994 65779 158031 108392 31991 86449 80119 55805 192857 120158 66066 111433 58325 26170 99309 91437 52700 9300 50234 39870 22764 57187 32663 180475 90957 30604 133043 73791 146257 177008 92538 85980 47080 73690 18868 126781 137599 121903 144140 57966 52595 105353 159798 85256 1280 153244 69848 6823 154072 87430 6691 85722 100954 146944 153244 128783 150777 41808 49315 167088 27016 14436 130558 91457 190524 94482 143051 193982 145079 15091 80489 150682 179618 163650 122575 31714 127262 135182 149748 64623 80666 11764 169814 154544 81333 192892 190716 18095 37685 97078 43332 101420 183102 17941 164683 31413 88232 55189 11795 180903 67666 59652 130210 96027 80087 145405 104253 48628 71581 52924 43304 97251 100790 51469 89094 56390 78582 157246 1043 47060 179131 180995 161354 73872 64280 57982 72283 36917 10552 118028 128349 152334 22727 80065 133681 91081 103623 99301 4330 10974 76661 77491 88926 39212 90070 97205 8293 47677 1903 72277 162622 180548 68976 60438 12622 189049 71116 180403 30691 66830 171578 43392 179489 114119 146660 149041 188260 51043 122774 156176 19224 14829 179207 81006 68523 157708 40931 193939 43508 8926 122457 83180 123402 164301 61893 107407 46186 165300 42713 177670 123255 182558 173150 37008 169820 118691 25157 162997 25204 50025 169217 119709 54399 121128 99417 30378 58735 86369 184151 15888 69046 142073 66604 100130 47171 102565 71737 172784 119467 112817 156963 112168 42490 107268 191623 95244 
478
83900 151419 174289 176931 137188 70123 10113 126081 21206 132487 65626 71023 93500 192070 74139 134730 6216 112496 92813 4156 167803 11541 14999 189440 150579 134520 64639 30635 134115 44878 142504 137434 19500 106886 118259 71310 179570 28091 96411 83168 104240 178724 71778 167965 8445 65009 145899 95416 100667 2610 70378 134713 15544 114947 76776 45268 159191 43713 161537 25337 75581 39845 72630 1614 83548 190664 85791 181578 5605 45535 54818 125347 107547 50397 118624 34220 132316 24529 47160 65779 82054 19131 65127 151075 97913 130601 71730 75255 14476 12534 72440 34857 96401 171484 189159 92273 64024 150025 188077 85742 36058 51366 104468 166231 119464 136905 56366 191319 89776 122349 59940 105660 179903 74194 173646 137684 183103 165838 85064 27752 107795 154743 136149 96265 57049 69484 17408 18868 17596 122767 129259 89895 92711 75425 39870 164676 5913 185291 166958 13733 144514 146944 79042 165939 140138 13420 115646 141120 118089 159010 76965 192892 82129 190339 22411 21676 44998 180475 173817 99407 47291 30836 137400 98063 168853 117738 39868 185636 167216 18281 119289 66066 25016 180377 146257 160381 121903 173516 82856 180568 77009 91623 33824 104326 101198 154072 135883 80119 122108 107249 55805 155362 137262 47929 109252 31991 61706 46779 36424 189351 85256 92221 102735 94482 32188 152478 120158 92538 50048 55189 119911 68549 16403 188638 87910 179618 117218 192857 138413 135182 679 187395 91437 26170 158072 34364 50234 150682 183102 120606 177008 14312 42382 14185 189193 127262 59217 124049 175772 99309 159798 79932 5337 17941 111433 64623 40037 180531 145405 173657 52924 31714 186560 22764 90957 97251 126649 105353 57187 171578 78582 3651 69848 30604 123686 73791 98994 158850 86449 14786 143051 57966 33220 87430 1280 137599 100954 118028 157664 27484 1903 162622 74961 158031 6691 100790 190716 6823 113566 150777 156387 48947 191642 153244 104253 181580 133043 11795 167088 80489 59652 158555 9300 47060 161354 51469 169814 10552 52595 49315 60438 43304 37685 32663 47080 41808 42291 92585 15091 63662 73690 58325 52700 97078 14829 77491 179207 1043 109470 78177 75520 126781 138374 101420 156176 18095 88232 164683 73872 57982 169217 72283 130558 48628 130210 14436 108392 153244 128783 89094 36917 31413 152334 179131 122575 163650 99301 180403 72405 128349 25204 32667 68523 154544 30759 40931 3200 145079 11764 88926 8926 67666 43332 56390 85980 180903 80087 47677 71581 180995 76661 30378 191623 144140 189049 71116 184151 86075 80065 81333 119709 157246 97653 70010 39212 91081 122774 10974 103623 24386 96027 149041 90320 102565 8293 123402 149257 66830 40249 96148 4330 180548 43508 54399 131519 72277 46186 43392 68976 18233 64280 165300 172784 190524 42713 123255 193939 51043 61893 189 89686 118691 179489 58735 173150 37008 107407 86888 133681 177670 188260 112817 157708 83180 134486 90070 182558 25157 100130 112168 20958 99417 142073 30691 156963 50025 15888 167049 107268 164301 162997 121128 86369 153159 169820 69046 71737 116171 42490 115386 81006 119467 122457 47171 97205 16856 95244 66604 
574
74139 74764 126081 21206 141444 132487 118259 137188 120330 108650 43713 65626 32678 19131 190435 50397 72440 176931 86366 126904 71023 29863 17596 165402 79481 11541 134730 39845 75425 13420 83900 34857 1614 40804 57960 98483 92813 45535 175960 141120 42349 163139 161672 150579 126825 74649 117738 86441 88120 85791 70123 192070 102020 33324 134520 178724 93500 137434 133631 104240 46322 123782 51366 36116 100667 73343 44878 191250 135883 186278 158072 4366 14999 174712 65009 59217 174289 166231 189440 30635 79932 75581 2610 35938 5605 96401 19500 134713 150025 45412 14476 151419 34220 8445 130601 189159 125347 85742 59940 55732 144514 142504 57049 65127 6176 174707 132316 188737 40037 71842 126229 96411 78736 185636 96265 66766 83168 24529 36058 150842 165838 18784 70378 114947 159089 12534 185052 64639 99475 173646 66066 181578 171098 122767 179903 165184 12789 6216 107795 97913 191319 13325 134115 80531 47291 185851 160381 35047 129259 47160 167597 71730 33611 109252 15544 190339 47967 28527 3775 161537 173516 13733 179710 190068 107249 33791 28091 98994 18281 77136 72630 106886 173817 92711 75255 167803 56366 41487 25016 76965 119464 39870 164676 159010 86449 165939 104468 183103 82856 66145 122037 9300 122108 151075 148740 47807 99309 46779 139787 57187 136726 36424 77009 43579 171408 159191 62817 18868 32663 55805 14312 189351 115556 57568 175772 43304 5337 180475 69484 42382 157664 16543 72401 68549 64024 54818 133043 189193 124049 188077 102735 69605 42639 71310 98063 25337 117218 163359 73690 39868 38626 83548 173657 32188 50048 92538 119289 126649 139345 47080 166958 158850 75709 118624 126781 17408 66066 92273 57477 146257 121903 139191 155394 114436 140121 82054 158031 105660 26170 10315 49570 58325 136557 44998 188924 153244 154072 179618 85064 65779 30604 22764 122349 151311 172785 57966 137599 82575 128783 87430 27752 151325 137400 104326 137262 87910 187395 79042 175064 131977 125095 73791 91437 150777 105353 163650 35405 41808 84043 118089 1280 146944 94482 154544 138413 133282 178138 22411 105223 6691 31991 80087 71581 14436 127262 145079 679 15091 190716 191642 103623 52595 52700 85256 51808 4330 11795 72277 97078 192857 135182 101420 81333 130210 64623 88232 73872 42291 148513 69848 121107 110746 32282 17941 167216 80119 167088 177008 145405 60232 57982 130558 77491 192892 97251 188543 47929 59652 128349 100954 71429 96027 90957 8293 159798 11764 153244 85417 33824 108392 12830 35734 78582 120158 65130 154569 122575 143051 141140 52924 92221 169814 114871 68976 31413 72283 79082 85980 118426 49315 56390 58977 160894 50234 18095 43332 154889 69716 164683 36917 117651 155362 118028 100790 31714 48628 157246 89094 133681 180903 80065 55510 179131 47060 88926 83753 101411 143261 1903 50721 150682 111433 4891 144140 76766 179489 164053 1043 175098 148901 27196 180995 152334 105814 31375 159640 97205 180403 167088 171578 68523 182558 64280 183102 190524 123402 51471 51043 111477 130713 157708 46186 42713 51614 18759 69110 162622 156792 83180 87899 16950 89478 104253 85303 60438 180921 96451 107407 51469 91081 47677 83880 10974 14829 156176 161354 37685 40931 189049 76118 25157 126101 8926 90070 180548 141180 29852 129286 193918 67666 164301 30691 6823 118691 81006 162997 139165 165300 122457 123255 179207 169217 71116 71737 39212 10552 94713 99301 122774 43508 55189 157739 119709 80489 76661 58735 188260 66830 54399 25204 43392 193939 43798 61897 149041 100130 142073 42490 156963 149161 30378 119467 99417 184151 177670 176292 50025 173150 125653 61893 191623 121128 112168 69046 37008 95244 102565 172784 99270 169820 47171 157963 15888 105635 148391 112817 154094 107268 66604 163467 29659 47087 161863 86369 
10
263
24515 116156 61338 21406 8854 60628 12609 18997 6547 72819 37960 75431 107918 83148 90392 55849 85606 95930 43838 39379 86671 61188 48117 55134 56494 775 47885 103453 50470 38133 104787 113117 64478 94167 75784 21626 93440 30214 88787 89554 82206 58564 30863 106475 46511 109362 24534 99326 7379 9842 87440 57897 51813 117152 53822 62991 93483 31776 26077 37795 23345 90026 54312 112369 8024 40208 35268 103568 34635 117565 14979 85934 13202 36036 16956 106150 52981 80721 16845 75828 112965 78118 99090 92167 47144 110200 54772 48720 101718 115218 10099 10409 87534 8134 108456 21966 101736 469 68384 113715 32791 49161 11764 61891 82796 17477 40068 75349 95435 119831 54175 59155 58550 19382 42302 79061 34357 78272 41228 39510 111021 13397 106416 112841 108666 54823 2304 55614 86883 21507 90937 89247 12972 93981 67541 5976 25537 5966 79976 87087 87719 100017 17699 108426 69314 11126 49647 81494 105311 116212 72949 18731 1927 38475 93052 105324 104362 39588 87928 101437 25007 7491 8097 70738 33315 64182 103987 91423 117827 85981 92983 107566 29453 11459 48055 118508 9509 39294 33765 2787 78128 83380 22284 62600 105168 107380 43364 3945 63182 16997 40979 50196 108341 72580 78667 15446 68074 87374 74997 2559 88815 100576 28473 49153 45710 60208 109481 66719 43976 74569 70494 56216 71626 48135 79610 68793 97276 5644 114680 89686 15106 34598 6929 80131 33113 43242 45812 114818 52657 23487 66515 31207 74727 79775 92591 11495 68558 34981 104525 92165 68581 46287 102676 59687 14967 5782 100949 96613 99314 118077 98434 54034 87069 57413 107474 107127 73688 57647 2567 21474 25702 43293 108595 
220
8854 54944 12609 37960 4075 93440 107918 90392 56550 61188 18997 44197 39379 103453 72819 116156 75431 30214 38133 55849 6547 55134 80480 60846 47885 58564 31776 24534 109362 40208 106475 53822 78118 35268 775 8024 75722 57897 14981 51813 99326 117565 9842 95930 24515 50470 113117 88787 14979 36036 34635 39547 104787 89554 46511 41228 52981 85606 48720 77105 99090 10099 16845 75349 83683 7379 10409 87534 112841 21966 49161 115218 106150 108456 113715 119831 25007 61891 78449 32791 11764 21783 82796 63022 48117 106416 42302 92875 54175 17477 101718 117827 54823 92983 19382 59155 11459 110200 18987 69314 12569 93483 60686 75784 56409 55614 117152 95435 78272 13397 112291 90937 70738 108666 105168 34357 87440 79976 92167 23345 93981 79061 8134 27655 87087 107380 5976 87719 49647 18731 104362 112369 4083 39588 101437 106599 116212 88815 1927 21507 64182 81494 16997 23487 60208 22284 30769 68074 67541 5966 40979 49153 66719 105311 29453 2787 47144 39294 54772 56216 7491 110352 71626 86883 11126 87928 45710 97276 43364 39415 74569 118508 43976 48135 2559 70494 57747 33765 89686 93052 114680 43242 45812 33113 11495 5066 109481 104525 73688 105324 15674 43293 29474 46287 9509 96613 34598 92591 99314 98434 34981 107566 57413 68581 31207 107127 62600 66515 51022 52657 59687 21474 28473 100949 25702 6929 108595 87069 46535 54034 
313
5258 24515 55849 93191 116156 104787 24786 72819 775 89554 8854 20635 50470 47885 107918 113117 32774 41228 18997 93440 96188 106475 69934 12609 46511 75433 90392 20709 65456 109362 37960 40208 61188 16845 39379 55134 103453 30214 56485 85606 83173 35268 9842 78118 50683 38133 96628 84067 34635 41872 58564 115218 110212 76166 47999 21966 75431 21475 31776 50515 106451 68789 48117 97151 106150 107892 75784 108872 108456 109178 51203 5861 24534 32791 85959 95930 49161 6547 189 8024 19382 57897 17477 27751 88650 97798 51813 107195 88787 36036 87087 11764 14979 116212 18 74944 7379 99090 53822 79061 10099 16525 5976 87513 87440 23345 52981 95055 112841 64846 10409 26833 87534 31158 48720 82796 75349 112369 113715 102878 96909 119831 99326 87719 54175 86319 105311 47144 42302 75898 117152 105346 104770 54772 92167 48212 46571 29453 58882 101718 23487 114714 73688 17538 8134 61891 86883 3831 59155 44290 105324 78272 13397 117565 110200 1257 61296 90937 107566 95688 2787 77967 106416 61702 22874 93483 25007 54823 43293 95435 43364 98838 34415 6442 89262 20751 55805 34357 79976 55614 93052 93981 105934 29088 49647 1927 117827 67541 5966 118272 70542 115810 9509 30002 92983 38354 11126 12843 25139 70738 3662 2559 26423 109481 79904 64182 22284 90818 98310 66673 87928 11459 108666 105168 104362 107380 68074 41488 16997 49153 34598 69314 34981 18731 101437 56216 88815 33417 52096 34036 74971 69164 14640 106110 62600 81494 45710 45443 74569 26623 71626 57413 79958 35931 117435 97276 39588 11020 103353 7491 72251 60208 115793 40979 66515 64303 72759 119586 66719 27071 88624 107127 48671 114680 61695 70494 118508 39294 45812 31194 79797 48135 43976 32754 21474 104525 52657 98570 89686 21507 46287 115562 43242 33113 47504 11495 108595 52973 73248 33765 11659 92591 82228 96613 31207 28473 59687 87069 68699 99314 100949 68581 112866 79057 20752 57430 6929 96410 32914 25702 69454 98434 54034 
260
27679 11447 75756 47885 8854 72819 12609 31647 775 15580 50470 93440 111399 113117 37960 99326 90392 109362 101718 41228 56310 108666 6602 107918 61188 39379 103453 94711 85606 25236 25159 112841 48117 55849 75431 112839 18997 40208 87384 6547 24515 53822 55134 25041 25007 3621 35268 21507 38133 31776 104787 34635 75784 30214 21966 8024 89554 87440 46511 16845 78118 95930 58564 52064 117827 115218 93483 108456 116156 72609 24534 50731 88787 52858 92983 57897 81028 106475 53454 32791 11459 51813 89437 49161 36036 75345 17477 14979 109887 79061 7379 99090 105168 9842 68335 5976 106150 10099 87719 10831 10409 87534 52981 23345 60208 100478 112369 66719 105311 113715 117565 74914 119831 48720 75349 37781 117152 110200 13314 95435 33765 4666 54175 42302 89556 34357 79976 85355 19382 37624 47144 49647 61891 92167 87087 1927 59155 104292 81494 8134 78272 29453 100980 64182 69314 116091 81010 104362 22284 42273 13397 49236 18731 92591 11764 82796 3795 106416 68074 49153 62329 2787 43120 101437 43364 54772 54823 103806 90937 55614 93981 56216 2559 71626 84102 94861 67541 5966 70738 11399 39588 97276 39294 105324 11126 59392 109481 107380 39172 34598 99946 107566 113186 116212 77596 23487 104268 73688 87928 88815 34981 7491 114680 104403 39498 118162 57413 8765 3430 104027 62600 25702 45710 15194 42288 16997 86883 70494 104525 46287 96613 40979 99314 45812 107180 59687 115777 98434 43293 43265 43976 100166 74569 93052 107127 48135 66515 118508 54034 43242 3209 100949 52657 89686 21474 73891 33113 9509 28473 68954 31207 6929 118722 36386 108595 61187 11495 68581 97983 87069 
233
775 107918 8854 50470 99058 12609 37960 28784 36669 72819 87460 113117 24515 61188 41228 39379 47885 116156 85606 90392 106475 99326 48117 109362 18997 104787 38133 115623 31776 8024 89554 6547 40689 118715 112841 40208 25007 103453 46511 35268 14979 52981 117565 110200 30214 64552 75431 117827 55849 48720 101718 34635 21966 58564 92983 11459 75349 55134 24534 95930 93440 100362 33406 54175 16845 57544 27358 98024 59155 33603 88787 7379 78272 67222 49161 115218 11764 57897 77939 51813 24219 78118 36036 108666 96399 77853 21507 99090 108456 10099 10409 75784 13397 61891 87534 113715 117152 82796 92167 119831 42302 34357 106416 79976 49647 87440 28233 9842 32791 106150 69314 1927 17477 50616 19382 8134 23345 64182 112369 72297 105324 105168 103518 111245 22284 24050 33765 85456 50144 80211 90937 93981 87087 54823 60208 66719 79061 53822 44093 68074 70494 112079 67541 116212 5976 95435 55614 100426 47144 5966 49153 87719 81494 70738 54772 93483 105311 86883 11126 43922 107380 107566 93052 29453 62600 18731 73047 66515 87928 9509 2787 43364 900 45812 92591 23364 7491 56216 2559 45710 21221 71626 109481 25460 118508 34598 34981 40835 23487 16997 28473 101437 97276 94195 94874 88815 43976 109048 73688 100949 114680 104362 104525 59687 39588 39294 40979 52657 89686 33113 57413 46287 11495 74569 107127 21474 37395 58670 96613 43293 25702 6929 43242 48135 31207 108595 99314 68581 98434 11793 54034 31942 87069 
296
90392 55849 775 68950 77153 31194 107918 24515 50470 8854 39379 116156 16910 56883 74271 38133 18997 85644 93440 104787 31776 89554 75431 113117 106475 99872 46511 46861 117565 78118 16845 85062 14022 12609 115218 108456 37960 47885 21450 41228 109362 61891 32791 6547 17477 8024 84775 53822 36740 61188 55134 2515 112841 25007 79061 95930 113911 40208 35268 34635 88787 7379 72819 103453 71575 5976 85606 117152 107665 92167 17115 21509 21966 93470 62723 69314 110200 8134 87719 95435 96277 89656 30214 49161 58564 93483 111700 62777 14979 37398 26613 105311 35703 107335 3765 29453 9842 19724 55746 52981 99326 117827 45019 18731 100935 89029 106150 65975 56560 102942 81494 2787 79207 71329 101718 48117 92983 19382 104362 11459 48720 75349 110195 54175 87087 112628 43364 24534 101437 11764 19837 66117 2559 109481 91176 59155 105324 49997 78272 13397 82796 11386 93422 57897 42526 108666 105168 116105 7491 94282 75784 118508 87440 51813 107566 117022 54871 31781 106416 20244 36036 88815 98695 21507 116212 34598 60208 99090 39588 56134 42227 96998 28227 16231 90937 10099 46535 10409 87534 66719 62317 43976 74680 39294 34981 70494 113715 43887 45812 62600 58998 119831 49859 23345 112369 54823 104262 93981 57778 55614 42302 67541 4794 63878 22297 47911 47144 49402 47748 69577 23487 70738 75481 34357 111464 7109 59687 5966 66515 28473 33765 79976 107380 45851 107066 92591 4907 57413 49647 19583 64960 73688 52657 1927 64182 16997 11126 97327 19803 22284 68074 6929 87928 45710 40979 74569 107127 54770 55322 49153 100949 56216 42341 71626 41199 21474 43242 97276 89686 106801 60806 114680 104525 48135 54772 63071 46287 86883 110700 18114 108595 82178 96613 33113 99314 11495 37951 81186 107522 39400 75104 69288 68581 98434 93052 54034 40895 14266 87834 64411 31207 87069 116243 43293 25702 9509 
212
24515 47153 75431 72819 94489 85606 8854 90392 104787 116156 55849 89554 46259 55134 107918 95930 39379 88787 7379 117152 93440 38133 106475 47885 46511 12609 9842 31776 775 50470 109362 40208 37960 61188 92167 99326 103453 30214 16845 35268 8024 63848 113117 18997 58564 78118 34635 117565 92037 14979 48117 101718 106150 52981 115218 48720 108666 24534 57897 61891 75784 75349 87440 51813 41228 21966 21507 113287 19382 54175 112841 56395 44427 59155 87087 6547 115945 22655 25007 36036 99090 49161 53822 117827 10099 27165 80553 93483 10409 110200 11764 87534 82274 113715 92983 95435 104362 58530 39588 82796 106416 116212 119831 7721 39294 75372 23921 108456 69314 11459 54823 81494 42302 34357 23345 32791 2683 52657 8134 105324 17477 79976 13442 49647 79061 105168 57347 55614 78272 5976 87719 27991 112369 13397 105311 70738 90937 29453 107380 2787 16997 43364 40979 107566 1927 64182 62600 23487 60208 89686 93981 18731 67541 47144 73688 22284 7491 5966 66719 2559 109481 11126 33113 68074 34598 118508 28473 66515 49153 70494 11495 54772 87928 33765 6929 56216 34981 71626 97276 1467 114680 100949 92591 101437 86883 43293 45812 104525 59687 57413 107127 46287 25702 88815 43976 93052 96613 68581 43242 99314 21474 45710 74569 98434 9509 23108 54034 48135 108595 31207 87069 62160 
248
107918 90392 775 75431 95930 50470 116156 24515 55849 8854 88787 47885 113117 41228 104787 89554 77638 72819 106475 107957 18997 85606 46511 12609 112841 7379 16845 110721 109362 39379 25007 37960 6547 65614 40208 93440 55134 78319 113634 61188 60392 117827 115218 117565 99326 78118 103453 9842 35268 106150 38133 30214 58564 21538 31776 108456 32791 48117 117152 110200 88548 76148 57658 24534 79517 57897 11900 8024 112755 17477 14979 51813 45528 75784 92983 87440 22910 61891 36036 18859 77918 101718 69314 52981 92989 99090 79061 92167 65397 74322 5976 44022 8134 87719 10099 2782 10409 110982 11459 19382 95435 48720 113411 105311 34635 53822 23345 87534 112369 113715 21966 104667 49161 108666 52123 29453 105168 75349 47144 21507 11764 119831 42302 79171 54175 33765 55060 2787 17877 59155 63399 8667 97990 119296 52807 54772 87087 116212 34357 79976 105324 93483 60208 21697 43364 78272 49647 18731 82796 13397 1927 104362 112279 68569 64182 86883 18369 106416 54823 66719 39588 2559 22284 28673 68074 101437 55614 93052 109481 34598 90937 107566 70494 49153 70738 56216 71626 23487 57467 93952 73688 34981 60035 107380 93981 97276 88815 67541 102826 72479 57413 62600 66515 9509 107127 24979 49273 23872 19958 21474 16997 40979 92591 114680 45812 89686 33113 86814 104525 39294 63371 5966 11126 57338 46287 96613 11495 108595 81494 7491 59035 87928 21955 34165 43976 45710 75034 118508 43293 46965 100949 43242 99314 10369 74569 98434 48135 68581 33386 59687 28473 25702 54034 31207 70349 87069 52657 6929 
200
24515 775 63625 50470 90392 93440 75431 8854 107918 113117 55849 55134 116156 41228 18997 106475 104787 112841 89554 12609 78118 37960 72819 46511 84636 25007 95930 61891 16845 61188 109362 92865 40208 85606 115218 88787 39379 47885 38133 6547 59465 69314 103453 31776 53822 68676 41566 117827 35268 92983 30214 7379 28863 9842 8024 58564 24534 11459 14979 52981 57897 108456 48720 18731 51813 32791 34635 117152 92167 106150 36036 99326 117565 21966 75349 105168 49161 17477 101718 11764 93483 54175 88030 82796 101437 104362 59155 60208 110200 34566 8134 66719 79061 78272 19382 106416 13397 105324 70494 48117 99090 90937 10099 10409 95435 93981 88815 5976 54823 108666 55614 87087 75784 116212 21507 67541 87719 70738 5966 87440 81494 11126 39588 87534 107380 105311 29453 60861 23487 2787 83703 113715 119831 107566 23345 42302 87928 62600 16997 33765 34357 45812 79976 43364 112369 45710 49647 47144 1927 54772 74569 92591 66515 7491 2559 73688 118508 109481 34598 43976 64182 28473 86883 93052 100949 22284 48135 40979 68074 49153 89686 84167 34981 6929 39294 56216 57413 71626 33113 97276 31207 87069 114680 9509 104525 52657 59687 46287 96613 11495 25702 68581 107127 99314 98434 43242 54034 43293 21474 108595 
332
116156 775 106475 90392 107837 50054 119856 8854 109362 107918 75925 50470 113117 41228 94287 12609 93440 55849 40649 95359 24515 87167 39379 112841 31270 38133 71992 55134 35700 89316 75431 95930 40208 104787 89554 49646 16356 64841 18977 68034 46511 74735 16845 115218 109046 31776 37960 100359 12926 107311 38648 80335 18997 88787 47885 72819 90396 76077 99326 50677 106303 108456 24503 85606 44559 53687 8024 62399 6547 35268 114816 120109 32791 46243 80106 111589 34635 14979 93268 61188 101439 53822 20683 117565 52981 54325 103453 16945 78118 120150 48720 35237 69640 53983 55850 7379 117152 48117 74319 25670 115200 100839 75349 17477 39211 26173 82305 21966 61891 9842 93483 30214 25007 49783 48377 49161 92167 11764 75717 110200 95057 52043 106150 49425 110690 69314 36011 8134 182 18731 82346 75386 33612 72845 45011 54175 58564 105324 58481 82796 7686 117827 59155 24534 57897 111152 107744 62627 79061 107566 5976 10086 33692 95435 119445 78272 39098 106416 104362 51813 36036 87719 19382 54823 96340 99090 37781 10099 42516 13397 51464 12206 55614 61056 105311 10409 92983 11459 81494 87534 113715 29218 29453 2787 39497 21343 75784 53628 101437 87087 390 90937 87440 43364 119831 45659 46990 22771 101718 38967 7491 43383 117668 45861 8524 63359 25787 42302 100326 50056 80913 23345 34357 93981 88815 108666 17486 112369 7866 67541 62600 105168 39588 21507 103733 54045 70738 5966 117174 79976 66515 27280 116212 107380 2559 83979 109481 11126 34598 23487 49647 34981 86231 87928 16997 73688 45539 32465 57413 14579 114264 117313 112827 43976 118508 43242 45103 47144 43293 107127 1927 64182 45710 38750 54772 74569 22284 84086 86883 17301 21474 36884 69366 16783 90984 21857 93830 68074 60208 4435 49153 66719 90990 93052 43730 40979 70494 39294 33765 52657 45812 50702 100949 56216 28473 48135 55111 71626 97276 100332 67182 114680 6929 92591 104525 46287 31207 84499 96613 23524 99314 87917 41056 92978 89686 87069 16469 15066 59687 9509 33113 23964 106690 98434 108595 67312 54034 11495 68269 30349 25702 68581 
3
84
3273 4583 4803 7402 7940 2577 7131 916 4132 7564 1308 1232 3904 5011 4173 464 2259 727 7224 7885 2307 3622 7843 6293 5471 6119 4516 3506 3212 4959 4439 2451 5962 4542 698 4780 6274 1470 4361 6995 3763 5519 2830 2382 3098 4175 4511 352 5828 6185 7755 5118 4783 1472 1250 3102 3956 5612 6533 7639 5739 7706 559 5642 6342 7436 4725 2732 5716 2060 5899 3752 2077 6469 6679 3802 2159 3639 4904 2692 2023 5263 5160 5839 
84
2830 4132 916 6119 515 3273 4803 1308 7940 2451 4583 5471 7564 5612 3506 4780 5011 464 4173 559 3212 4361 6274 7224 2259 3763 7885 3102 2732 4783 3904 5962 3622 6921 2382 3639 2307 2577 3918 4277 5519 6293 4725 2060 4959 4904 2077 352 5716 6185 4516 698 5899 4439 7639 1629 6995 7898 6469 4175 1215 1941 3956 727 5160 1472 5642 4511 6342 4542 5739 2159 2023 3752 6533 7706 6679 5118 1250 3802 5263 7436 5839 5828 
84
7224 3904 7940 4583 6539 5011 4132 2866 3339 6119 4780 3273 559 5346 6185 464 2259 2577 727 4803 4783 2755 4516 2830 916 7885 6293 3763 5471 4959 3102 4361 2307 3212 4439 7639 1308 3622 4542 1250 6469 5642 2382 665 5636 2451 5962 6533 2159 4511 7564 3506 4725 7706 5612 4173 3639 5899 4175 698 3752 6274 5118 5839 5519 5263 1472 5739 7436 352 5160 2732 2023 3956 1300 6342 5828 3802 6679 2060 5716 6995 2077 4904 
3
161
20219 18390 1698 20780 20165 26417 1981 6413 25037 2479 10967 16634 22936 2406 5396 9432 27619 3090 8244 22147 12110 9308 23018 12467 9716 11727 14452 25192 27879 24466 1741 22143 5741 15236 1868 27399 9078 4495 22358 15159 15180 20923 16995 20041 22534 23207 5430 21825 18086 12066 25551 9610 20815 6761 24936 24187 6571 24087 15648 12458 27387 25539 1928 7340 5090 1775 24748 2509 11265 7285 25428 1668 19369 19559 2834 24318 7685 9646 14037 15569 12222 1612 17547 24513 5747 19429 13421 11151 12820 2815 27510 8065 16169 12551 27552 4033 12992 2935 2993 4834 13845 15016 24413 946 16531 26074 9703 25378 14578 16608 5263 10430 14447 22836 10971 15852 3797 6052 3072 14820 23253 15363 15822 13840 23263 18747 14744 3 20218 27665 15526 24102 20232 4420 21876 3523 11946 16558 5517 8735 13409 5380 11185 5398 21669 27351 4658 8379 306 2444 4243 8995 5387 19915 12912 6050 20018 12485 26646 1352 25073 
179
20219 20165 10967 23207 1981 20815 3765 22147 25719 16634 24466 24936 1868 23741 23018 6413 2479 12458 20780 18390 17043 11517 5730 15110 9078 20041 24810 4495 12066 11265 8244 25428 26417 5396 27399 7502 10971 19369 19559 13606 25551 7285 27619 5774 2406 9432 11727 18144 6689 15569 12110 7672 14200 7685 1698 27282 2509 14452 18086 10865 14037 24187 20511 20910 25192 1741 3090 17547 22143 5741 9716 16356 11185 24314 21825 24513 2815 10039 27510 15236 16995 6571 22358 12820 1201 24087 24748 9610 18180 19429 13421 22534 1928 19017 15180 17669 7340 2935 5090 25539 11943 27727 14744 11151 26528 2993 2663 12992 2834 15363 11984 27850 20218 12222 4006 27387 24318 24413 27618 1612 4033 13409 8065 14447 25378 1775 4834 23253 9703 18747 610 23263 7016 21669 11346 16558 27351 12551 7140 6135 946 22836 8379 22454 5263 1668 15526 306 12912 19267 3072 19536 21876 10999 20484 11946 14820 5387 24102 5380 18300 14620 6050 2444 25073 19915 20018 4420 1352 26646 3523 4243 8735 3797 8995 11516 20232 5398 3492 
163
15180 20219 18390 10185 16634 20780 10967 8657 8244 1698 22147 23018 8154 6413 26417 529 5396 20815 1981 27619 15255 9078 20041 12110 12458 24466 22534 14452 18086 12066 2509 24187 426 6571 1868 2479 8180 20165 27387 24748 9432 23207 24936 25428 9716 2406 24087 12820 23940 25551 27399 2834 11265 19369 12222 15569 19559 17547 2062 1612 7685 24646 658 11727 10971 24513 2384 7285 4834 3090 22358 25192 2815 2348 9610 1995 1741 19429 22143 4033 946 21825 27510 5741 15236 16995 14744 18534 4495 5324 2935 8065 1775 1928 23253 14820 5387 14531 7340 171 14037 15719 14939 5090 13421 4114 25539 9703 14447 15766 20232 2993 24318 15363 5398 1668 2359 4091 11151 9531 19581 24413 6429 18747 2288 23263 25378 26646 21665 306 15526 3797 5263 12992 6050 12551 21876 3072 11946 5380 24102 20218 4420 16558 13409 22836 11185 3523 10465 21669 25073 19915 8735 8379 2444 27351 27034 4243 20018 8995 12912 1515 1352 
3
118
11773 13429 3737 13117 13236 13986 3474 13436 2917 7281 15350 1673 6502 16499 1468 11168 11212 13669 1946 4324 14291 4209 6864 3916 683 16975 15866 10831 6898 9799 8599 10623 8881 3814 4658 7731 4302 5737 17059 16083 15990 4733 6517 10072 10101 11850 10724 17107 16207 14419 15890 1924 3296 10339 14146 4084 17259 8935 9745 13734 12375 9851 13137 3771 9722 1664 12506 12782 12969 2821 15975 14977 14952 12370 14904 3664 12245 11644 13004 3111 9448 7037 11451 9126 2122 14176 8894 11274 2988 14891 14566 12380 16521 2315 713 2756 11080 14501 1783 16374 13201 13376 2948 2443 8196 12125 105 15771 13346 13538 1059 9134 9680 2609 3612 9336 14250 2429 
126
13429 16207 15975 13986 13117 16499 13236 17015 11773 9745 11168 2122 12558 3474 8921 11212 10854 4209 14848 3737 1673 16975 3814 6502 13669 4302 683 14773 4658 11038 9799 10072 2988 16083 1468 7281 4733 1924 15350 6517 4084 12380 7502 14419 17107 9851 12782 10339 2853 14291 1946 8935 4324 11850 3916 3771 12370 14146 12245 713 10831 9448 14176 6898 8881 14977 7800 13734 12375 8599 10623 8236 3296 9573 13137 12506 14711 5228 10724 2821 1219 11274 16374 14952 15890 17259 12969 13201 5180 11644 6416 2315 14566 9722 9610 1664 16521 11079 12125 15097 15771 12977 2609 7037 13346 9126 11080 3664 1783 9013 3111 4117 105 1059 14904 8894 14250 2443 2429 9680 3612 9336 9134 2948 8196 8993 
126
3802 11212 6384 13117 13429 3474 9799 7281 1674 9745 13669 11773 16499 16207 12245 13236 13986 4733 10339 1924 1601 1673 2697 1468 4084 11168 4209 14176 15350 6502 683 11481 12782 11943 1946 3875 4302 16083 15975 7187 9851 6517 14146 14311 1680 14419 4324 3771 13734 12370 16975 6898 9448 14977 16521 2122 3814 2988 12375 8599 15750 9126 3737 10623 8881 13109 15771 14952 14027 13115 17107 8935 15890 3296 12380 14291 3330 12969 3916 10831 5879 11644 1664 17259 7037 2315 3111 713 4658 10724 10072 6415 2721 9722 7106 2443 11274 13201 2429 11850 16374 13346 13137 12319 17181 14250 12506 9680 8786 105 14904 14566 1783 9336 2821 3664 12125 2609 11080 9134 3612 8894 2948 8196 1059 1859 
