10
8
226
17245 23656 40727 23224 17011 59393 24843 60489 21708 40044 62266 53817 48166 52391 15563 56962 1769 30265 44145 41078 51686 7042 30851 11289 40042 2816 57731 47710 25250 31409 29049 1828 24838 57474 25282 24855 16292 32462 53803 54744 26271 35602 5396 44186 28561 10857 55130 42528 32139 62252 21418 62378 41655 22474 431 5215 62264 11415 33138 42937 56384 44013 1399 46090 23570 47953 29750 63022 32160 34851 4087 10044 5434 18135 41742 1910 13198 3678 19110 40689 3331 59895 58718 15443 22670 44511 16832 20804 41749 41418 51807 15642 49475 10877 1971 27537 1747 57471 11207 53397 36666 29463 15803 23059 36288 46990 17368 9015 12071 55683 58982 27659 19918 34745 31789 35082 17708 16247 40995 28410 53404 27641 10285 7360 2781 23230 10187 47619 36295 49566 7654 4831 45828 56103 9226 22804 4737 19941 39780 34773 48960 6597 25590 32386 43058 26803 3565 1974 12704 62349 4023 40329 60671 13832 42260 46484 41548 24350 55080 24231 4445 44181 2638 44568 50177 31823 31304 15052 39332 25396 5954 21090 44523 31838 31679 57281 2750 10468 135 58849 23354 62646 4127 9173 62960 58033 57718 22832 26813 22762 43942 26679 42477 4346 50548 53846 14839 39086 978 58433 5093 35234 44112 11137 50791 52651 16655 7932 34070 59642 59069 15115 58073 26605 24825 47901 24100 106 20065 36312 13506 55463 39157 15573 37683 35221 
234
17011 17245 24292 29049 8726 48166 51686 5036 15642 21708 60489 40044 58982 1769 40727 40042 15563 32462 41078 2816 59393 58852 47710 34851 25282 3331 23656 44186 57731 24843 14641 44013 30851 53817 4087 21418 20804 49132 31409 57471 36666 1828 24838 23230 2781 42528 9015 25250 7439 61951 54744 19110 58433 10285 14506 26271 16292 41742 7654 52391 30737 28410 24855 35602 5396 62264 3678 5954 16655 53803 5215 10857 1399 4127 41655 431 32139 40689 11415 33138 34004 18135 42937 27659 59786 62252 30265 15115 44112 47953 43017 31789 25590 10044 49475 46090 51807 4023 62378 27641 58718 43968 23570 44511 18116 44145 16832 23224 23059 11207 17708 62266 41418 7042 40329 7360 15803 46990 1971 4445 36295 32386 31823 40995 6597 17368 16247 55683 47619 29750 12071 57474 56103 44523 15443 56962 28561 53354 44474 19918 44568 21105 30815 53404 55130 34745 17731 31838 56384 53397 45828 19941 3565 9226 42477 39780 31679 24350 21090 39332 62349 32160 60671 36288 55080 29463 10468 3665 35082 10187 7009 4737 4831 34773 39932 58849 59642 4346 26803 12719 62960 26605 12704 24231 13581 43942 53498 31501 41749 9173 27695 46484 11137 57718 10877 24100 45897 1747 48960 31304 57281 135 53846 42260 25396 37683 50548 20362 2750 1974 22832 7932 23354 25793 14839 50791 15573 39086 978 26679 34070 44181 58073 49823 62646 106 35221 36312 58033 13506 20065 52651 39157 24825 
232
51686 17245 23656 40044 40727 25282 60279 21708 42528 21374 40042 23224 34851 24843 2816 59393 48356 17011 62266 1769 8927 3331 56962 57731 29049 24071 60489 31409 18135 15642 53817 24838 44186 41078 32462 58457 30265 15563 30851 57471 47803 20804 54744 25250 1828 24855 35602 23059 2781 22070 16292 44294 26271 53803 44145 62264 431 5396 11415 52467 1399 44013 40689 10857 4087 28561 33138 7654 58000 36666 52391 41655 11408 36425 13213 42937 55130 47953 7042 9015 28410 41742 36288 59533 34745 10044 5215 58982 27641 52570 58718 32139 27659 23570 41418 46913 5954 62252 56384 57474 47710 31789 25590 10289 4023 26949 48166 10285 3678 42625 21418 32386 7360 7501 19110 46090 12071 40329 23230 62378 44511 10187 29750 4737 15443 4445 36295 41749 17368 19918 46484 53397 31823 44523 49475 6597 31838 58433 10877 60671 1747 51807 10468 16832 32160 44568 45828 45464 58849 16655 11207 46341 4831 21090 9173 17708 42477 22832 15803 40995 19941 46990 29463 14839 39086 978 55683 16633 39780 9226 47619 34773 1974 2750 4127 48960 26803 46187 56103 31679 3565 42260 35082 44177 36243 44112 135 53846 4346 106 61748 62960 59642 1971 57281 12704 16247 23354 53404 44181 62349 50548 55080 26679 24350 26605 62646 46733 24231 39332 43942 7932 57718 31304 15115 58073 25396 58033 11137 15573 35221 6685 24100 36312 20065 13506 52651 37683 34070 39157 50791 24825 
226
23224 62266 51686 17245 40042 42528 21708 40044 15563 16766 2816 43409 18135 45434 30932 47710 57731 34851 17011 60489 44013 21418 52462 4087 36666 15642 25250 31409 40727 9015 23656 29049 28410 24843 44186 48166 56962 58982 30265 20804 23230 59393 41742 32462 1769 38664 23059 19110 24838 2241 27641 41078 30851 28561 54744 25282 26271 44145 7360 62264 7042 36288 3678 1399 32997 51807 49475 24855 35602 5396 45020 55130 57474 40689 1828 16292 10285 15803 53803 58167 431 10187 27659 1840 10857 53817 1971 6810 15443 58433 32139 11415 16247 53397 4831 33138 31789 34745 4737 39157 3331 42937 57471 5215 62252 28973 41749 56384 46090 62378 25590 44511 52391 46990 32386 41655 46484 16655 36295 4023 26803 47953 60671 53404 16832 55683 11207 23570 17368 9226 135 10877 10044 31679 17708 40329 61809 62960 4445 1974 31823 1747 40995 44523 12704 32160 47619 56103 13975 6597 62349 2781 57281 58718 23354 7654 44181 15115 50548 29750 31838 10468 13951 7932 58849 55080 3565 33661 5954 41418 30147 41697 29463 53846 43942 9173 22832 12071 14839 19918 44568 35082 58073 58033 42477 37683 59642 4127 62646 2750 21090 45828 31304 19941 4346 44112 24350 24231 39780 11137 27123 43882 39086 34773 24100 48960 42260 978 36312 50791 26679 26605 39332 25396 45304 52651 15573 57718 24825 106 35221 34070 20065 51060 62942 13506 
232
48166 40044 21708 51686 57731 54671 40727 34343 17011 58685 34851 58210 15642 15563 10285 40042 47710 17245 44186 29049 46090 60489 44013 59393 42528 21418 3331 53817 58982 23656 32462 2816 54744 4087 62937 24843 17368 52391 1769 31409 57471 19110 11122 26271 30265 1974 62264 1399 25282 20804 49475 23059 41493 36288 25250 44145 32386 23224 60671 41078 40689 62266 666 7042 5215 24838 30851 41742 49149 25730 10187 23230 1971 36666 40502 24855 27659 31789 1828 35602 56962 16247 5396 25590 4023 10857 53404 16292 2781 32139 57474 40329 7654 62252 3678 4737 58433 53803 4445 31823 34564 431 28561 51807 18135 11415 15803 62378 33138 42937 9015 44511 47953 28410 46990 15443 55683 10044 16655 53397 44181 46822 55130 58033 16832 44523 10125 4831 58718 9226 11067 11207 52277 13492 21058 17708 27641 135 46484 40995 26803 62349 7360 12704 41418 5954 56384 36295 6597 31838 41655 53846 10468 55080 34745 47619 12071 44568 19918 56103 23570 29750 31679 51882 21090 41749 44963 3565 4127 4346 23354 24350 39332 58849 25396 9173 19497 58648 62960 10877 44112 22832 42843 32160 45828 57281 52651 27305 14839 892 40128 11137 31304 19941 39780 50791 42477 7270 59642 1747 50548 29463 34773 48960 7932 42260 35082 39086 978 44212 39157 24231 26679 58073 24825 26605 43942 37683 2750 62646 35221 17513 24100 15573 15115 57718 13506 36312 25764 106 34070 20065 
234
34851 23224 29049 32462 60489 40044 15563 51686 10285 52053 54744 50607 21708 25282 26271 40042 32386 62264 44013 1399 2816 17245 57731 23656 17011 31409 4087 47710 62266 56234 1769 24838 60671 24855 31504 14700 41078 61633 40689 56962 21620 35602 3331 39841 25250 24843 30851 1828 15642 28561 41742 55130 57471 40727 48166 30265 16292 27659 44145 36666 44186 31789 9015 7042 135 53803 20804 56384 28410 23059 21418 25590 36288 10187 37313 5396 3678 5215 10857 2781 431 32160 11415 33138 55966 32139 4023 7654 27641 5954 40329 38024 4737 13025 4445 62252 58982 7360 22450 62378 42937 29463 19110 59393 49475 57474 46090 14465 4127 21473 53817 214 51807 52391 41655 36295 44511 6597 47953 15803 16832 31823 46990 1971 11207 46363 6595 17708 23230 46484 44523 15443 23570 40995 55683 35082 44568 16247 31838 9226 10044 58718 1548 42477 31679 41418 53397 14380 4831 29750 17368 53404 47619 10468 12071 62960 25724 19918 45828 26803 53807 56103 42528 4037 1974 62349 19941 55080 58433 58849 41749 24231 59642 57281 16655 43942 12704 39780 55241 10877 9173 24100 22832 26605 1747 3565 42734 14839 24350 31304 34773 51350 48960 39086 53846 31095 39332 42260 50548 21090 44181 23354 2750 15573 18135 34745 15115 37683 4346 44112 39157 57718 25396 35085 52651 978 54272 62646 7932 106 45732 35221 11137 58033 20065 39725 58073 36312 50791 34070 35528 26679 24825 13506 
262
24162 29049 51686 60489 60898 48166 10285 40044 32386 21708 1455 32462 17245 40727 25282 24720 54744 17011 30690 57731 1769 44013 42528 38924 34851 40042 3331 23224 2816 41078 26271 26007 46090 23957 15563 30851 25250 43965 48769 62264 44186 60671 47710 23656 57471 10841 62266 59393 42381 4130 36022 20804 16209 41742 56962 17368 1828 18135 23353 8963 59249 24843 16292 4087 53817 31409 5215 52391 53803 21418 41749 23791 28561 2431 41655 431 24838 19110 36666 15642 23059 3678 49475 11415 24095 32556 9015 37922 33138 1399 28410 24855 30265 19904 36288 2781 35602 42937 44145 58982 23863 27641 40689 11725 5396 7042 10877 26046 47953 1971 55130 23570 29750 56384 57474 135 10187 10857 27659 32139 16247 31789 4737 7654 1747 15443 41048 7360 42839 1974 25590 53404 32160 4023 29463 62252 10044 40329 4445 5954 31823 18592 4127 62349 62378 51807 46484 44523 36295 53397 14392 52848 34745 44511 31838 23230 4831 58718 10468 16832 57863 41418 54922 11207 12071 25848 26803 38134 55080 19918 45828 15803 35082 16183 19941 12704 46990 31304 17708 39780 23354 24231 2065 44112 55683 6597 9226 40995 38734 43253 37769 57281 50548 30606 55868 57718 50791 26813 59658 58849 58433 44568 31679 47619 34578 9173 16655 56103 40793 44181 24225 38378 62960 22832 62646 43942 50261 42477 39157 59642 21090 3565 4110 2750 11137 34773 26179 14839 39086 1163 58033 41670 24350 39332 36041 35221 53846 26605 27328 978 15115 4346 15573 25396 48960 7932 37683 106 52651 24825 58073 42260 20065 39207 47222 26679 34070 57163 24100 24155 13506 36312 
232
17011 51686 40044 40727 15642 15563 29049 58982 51310 60489 34851 25282 32462 62603 17245 44013 1769 44186 54744 10285 26271 48166 32386 53630 41078 30851 1828 47971 14611 23656 4087 16292 5215 36666 53803 20804 53290 47710 431 42528 9015 12205 24843 62264 30265 40042 28410 44145 1399 14586 2816 40689 59393 53817 31409 18078 24838 7042 2247 41749 47813 27641 27659 52391 40888 23230 46618 24855 11415 21418 21708 23224 35602 23059 33138 31789 57731 57474 25590 62266 16778 19110 25250 14231 15443 60671 41742 18135 4023 53397 3678 40329 42937 58433 49475 4831 7046 7360 47953 36288 5396 34745 3331 36295 38227 10187 10044 26803 51807 16655 4737 41655 57471 10857 4445 56962 46484 31823 1971 15803 57147 2781 46090 60493 15115 46990 28561 44523 12704 55683 32139 37572 16247 23354 31838 7654 10468 58849 58718 9226 53404 9173 6597 41418 62252 5363 55130 62349 22832 56384 62378 14839 10877 31679 12071 19918 44568 23570 39157 32160 5954 44511 45828 29750 29463 19941 42477 16832 4127 62960 1747 23379 55080 21090 13965 11574 62646 39780 34773 57281 43942 31304 35082 50791 28780 11207 59642 24231 17708 48960 44112 39086 33490 40995 50548 47619 26605 978 56103 17368 3565 2750 15573 1974 106 46764 42260 24100 135 61824 44181 53846 24350 37683 57718 7932 34070 58033 11178 39332 26679 48130 25396 36312 13506 52651 24825 4346 20065 35221 11137 58073 
10
89
28130 630 30853 1287 16996 18462 35159 14981 22018 22690 17381 29580 30884 31901 12396 7659 12841 27272 35870 28316 30716 34826 12801 3350 1559 20169 19400 6951 10468 22563 16035 33083 17482 6183 7834 4906 12807 18702 11574 24639 36721 25940 34185 31310 15991 31879 23416 17602 33016 18938 34827 33083 29376 28085 32713 6412 32054 25301 16684 11973 35570 27974 844 23315 31189 33962 17574 16736 3186 19716 21559 11233 10406 33734 7411 8103 22522 3367 18587 11376 26654 19102 19603 2809 5199 19084 903 10362 28616 
89
30853 25729 14496 6857 3855 3196 30701 25720 18462 28130 28316 36559 12238 29244 1287 33083 11574 6183 22018 18702 14981 12396 35870 24805 34742 34826 32801 33269 25940 22563 3350 29940 4906 2280 26205 19959 19400 29376 20169 31425 6951 12801 767 33962 15991 8545 12807 6488 6412 15419 17065 12368 16643 24639 33083 32788 23416 13445 9216 32054 32713 844 31879 10362 21559 17574 10406 3186 34416 25647 23389 33016 8103 16684 22522 10468 19102 15286 3367 32064 21772 19084 18587 17602 19603 903 34827 7411 2453 
89
14254 28130 12686 22018 1287 34826 3350 36142 29550 12396 16197 30853 19400 12315 18462 33083 14981 6183 22563 16487 35870 18702 6951 20169 18598 18343 25940 4906 5038 30702 33083 30088 29376 12807 28093 26354 18312 31903 8231 844 13180 31879 15991 12801 2687 6412 31508 33962 27772 17242 23323 10468 14385 14682 28316 21559 33016 11574 24639 32538 31749 10362 24564 32054 17602 16684 19087 34827 17574 7411 31373 23416 32713 8103 9446 18587 10406 30081 3367 34513 3186 24983 19603 12173 19084 903 22522 19102 19872 
89
1287 18462 12396 22018 32405 34826 28130 3350 14981 12801 30853 34203 33083 6183 35870 19947 16195 9238 18270 10468 20169 20730 31319 18702 9937 28316 31472 22563 33083 19400 25940 6951 17911 4906 1026 3452 15991 7491 844 29376 26152 2069 14711 33962 19136 11574 6412 24639 32054 21559 17602 6989 8103 12807 23038 31879 15938 33016 23416 21538 26345 17574 26562 16684 34827 23780 11981 10406 32713 13649 17052 7411 18587 26945 3186 22522 10824 19102 16037 19603 3367 19084 903 4745 32299 28400 10362 31621 7129 
71
28130 22018 1287 28056 12396 18462 30853 28316 33570 33083 34826 14981 3350 19400 233 35870 12801 6951 11058 15991 6183 22563 20169 6412 31960 13296 33083 18249 23531 18702 25940 4906 10468 17115 11574 12807 31879 35332 35163 29376 33016 32054 17574 10406 33962 14862 17602 844 21559 24639 16684 8103 18330 31284 34827 10362 22522 17938 23416 18587 23547 32713 7411 19603 903 19102 20639 19776 3367 3186 19084 
85
28130 18462 14981 30853 7743 27872 31233 22563 1287 12396 34826 9392 36948 22018 35870 28316 19198 11574 5767 2808 3350 11172 33083 12801 15989 4906 10468 6183 28769 9357 10087 18702 20169 12807 18598 25940 31879 24639 29376 18554 23416 23956 33083 17602 33962 19400 31204 32539 8472 6951 21559 15991 6412 33016 34827 29148 9524 25504 844 8103 25984 3998 32054 5210 16684 17574 8210 25705 10406 799 17881 10362 18587 32713 3186 9842 22522 19102 19084 21827 3367 19603 903 7924 7411 
77
30853 32424 28130 1287 33083 31080 28316 6183 12396 22688 4664 18702 34826 11574 24639 22850 1009 25940 18462 26365 14981 3845 1101 8781 29376 22563 10019 3350 4906 19400 6951 15719 12807 7882 15991 6412 22018 29176 12801 33962 32054 21559 18806 31879 33016 10468 35870 17574 10406 22522 24250 16684 17602 29598 19102 12353 8103 34361 4615 16531 34827 28589 20169 33083 18587 844 23416 19603 903 32713 3367 35733 3186 7411 7844 10362 19084 
69
30853 33083 12396 18462 6183 1287 23616 9731 34826 19313 28130 28316 35870 14981 21356 11574 24639 22563 22018 18702 3350 19400 2218 6951 12801 2033 15991 6412 20169 33083 10468 5382 23416 3683 25940 7418 1090 32713 29376 33962 10286 32054 17574 3186 10406 4906 19084 14257 21559 28778 844 5768 8103 17602 12807 18587 22522 19102 2057 10362 19603 31879 33016 903 36135 34827 16684 3367 7411 
85
1287 10439 18462 22018 18255 12801 28130 23374 12396 34826 22089 3350 30853 33083 25076 30437 6183 23450 22588 2279 28316 1812 11574 20187 18702 10876 19400 24639 6951 15991 23416 22241 11954 14306 35870 6412 35799 756 32054 8219 19444 10468 7096 4901 14981 17602 25940 22563 26322 9027 2046 1608 34827 17574 7379 29376 33962 20169 32713 11993 21559 33083 3186 19084 26956 10406 22522 4906 12807 31879 6114 36460 8103 844 18587 7411 19603 33016 13565 19102 10362 1572 16684 3367 903 
101
12396 15831 30853 1287 33083 28445 22018 34826 3350 20367 28130 1269 19400 15564 29853 28316 13785 25388 12801 6951 18462 6183 35870 19246 18702 25940 23600 13590 23535 21968 13312 20169 29623 3138 10468 14981 22563 11574 18837 24639 31386 20900 29376 15991 33962 4906 6412 33083 25992 9982 17602 18401 32734 24717 13730 21559 25796 1098 27891 4152 34827 844 19232 8103 18587 6135 32054 14442 16534 13074 31658 23416 12521 24430 25673 34302 7604 32713 19080 7411 17574 1434 1525 10406 30945 3186 10152 5948 12807 9349 19603 5078 31879 10362 19084 22522 33016 16684 19102 3367 903 
8
313
15943 6602 5658 5177 34563 42891 39301 36888 21761 27303 17483 5223 32898 16829 22079 43280 24688 3621 36905 39886 31403 5366 39581 1477 3960 23642 39553 23882 10267 17206 25537 38986 18223 12111 24394 27839 1540 42634 27490 38294 21312 3648 17911 32324 32480 16716 8496 36446 104 20665 24124 35503 26450 33239 31878 10054 15312 32910 35517 15865 7482 40005 37855 25105 23453 23506 15609 19206 3873 560 40640 22220 27291 17132 4990 4242 16095 17783 41077 5567 33322 23405 273 39464 32469 23519 13231 5715 38786 36442 396 31667 19713 15168 4184 13572 35519 12102 42291 5570 36398 25400 3295 13619 34284 38876 25263 3734 22368 15853 18806 13027 29587 27717 18612 32794 40802 26703 11515 42950 24206 13573 24887 13445 39404 24588 15713 242 24310 18133 9970 6781 29720 30918 35486 8008 4556 973 35168 12770 21949 18941 12719 19281 20128 39850 775 15649 5036 33147 19345 16664 32823 16682 5947 19178 10777 39746 21874 29474 21863 14001 23067 533 4781 30185 29362 5692 41105 24658 10361 28141 809 11828 6582 41153 5377 7805 12516 11710 41686 7196 31241 26619 8149 7264 35493 21662 7165 18184 2216 23988 12047 5312 21245 40092 23171 12153 11586 41532 16736 40463 17117 36646 43300 17422 7944 40491 28196 8495 4124 41202 36244 10073 28496 37554 12370 16489 37900 16587 9759 25192 16873 25446 11347 1346 28711 4980 15163 24565 9564 24306 11759 13630 9070 36714 10526 38239 418 18403 35721 19898 40126 20986 5040 16966 9231 13170 30811 40268 24277 37203 3183 22743 10861 36209 23600 28406 27734 6964 41022 22546 8289 18681 38415 3943 1872 26476 13382 32894 1174 8729 29989 10718 5357 36416 5389 1127 42468 42435 21923 6590 18699 34214 4438 15891 24274 41676 41274 16920 11362 4485 11555 42520 34008 6202 41452 25362 11650 34697 207 25391 10750 3007 27438 5173 9118 12769 954 22843 38483 32210 2429 
305
27839 32898 24124 25537 5223 4242 39553 16716 32794 35143 25093 27303 18223 15865 11515 5366 32910 36905 38986 6602 27490 15943 39301 36442 34563 13445 16829 17206 38786 42891 36217 21312 35503 5177 26619 104 39581 20665 1477 19206 24394 32480 15168 18806 38738 10267 29720 560 23882 23453 21761 42950 24676 32324 24688 24658 10678 14001 31667 7482 17783 42634 37855 35517 26450 3873 17483 31878 21874 33147 37404 39971 8008 16095 38876 533 32405 23405 24588 3621 39850 28307 12102 36888 21949 43280 775 40005 24310 8149 10054 22079 23519 29359 31403 13572 21662 5377 28196 13573 27717 41532 23506 3734 23171 40640 23095 17911 15163 35519 17132 5567 18133 15609 43300 3960 24306 18941 5715 17422 36398 15312 10361 35168 9970 1346 1540 19345 35493 41105 28141 13231 22220 4556 27291 396 11710 33239 3648 42291 41686 41153 11586 22368 13771 15649 12111 242 32823 30918 4184 33322 15713 12047 4990 18184 25105 29587 16664 41077 4124 9564 4781 10595 31241 25400 28496 25263 21245 8688 4980 41202 10777 39746 809 18681 24565 37900 12370 36714 34284 32469 5748 36209 5112 30811 973 29474 13619 16587 19178 39404 16873 12719 20128 20986 23988 13170 40491 12153 11347 15891 40463 29362 5692 9759 42430 18612 24277 18699 35721 16966 21863 10861 19898 36503 26703 7805 9070 41274 5570 12770 1127 23067 8495 10073 418 37203 41676 18403 36646 23600 2216 273 6781 3943 15853 6582 3183 28406 1174 7264 11828 5173 22843 11362 20820 38239 28711 26476 42468 9231 11759 14950 5312 24274 21208 27734 31727 11650 41452 17117 25192 10750 7165 10718 40126 34214 42435 25362 7944 41018 36416 29989 13630 207 22743 13382 41022 16736 16920 12769 6964 32894 6202 21923 34008 954 4485 10526 22546 25391 42520 32210 34697 1872 6590 9118 4438 3007 11555 38483 8729 2429 5040 
293
24688 9970 39581 26450 6602 31878 15943 19206 22045 12719 27303 16829 42634 27839 21761 23882 15609 31403 1477 4242 12111 25105 25537 32794 11515 42891 16716 560 5366 36905 1540 32898 3960 17206 7493 10267 21312 5177 34563 33239 34284 23453 32910 31667 13445 35503 33322 17911 36442 18612 17483 27490 24588 39404 42950 14001 8149 39301 18806 38986 29720 32324 22597 26703 39553 20665 12719 24394 33147 36888 32480 24124 6781 22220 5223 41105 41153 17132 18223 38876 15163 39850 27717 3873 10054 41686 27291 5715 23513 775 42291 4556 32823 15168 809 13573 19898 18184 16095 9070 26619 20128 8008 35517 43280 12321 36209 3621 15312 40005 396 24560 104 40491 35721 4990 5567 36398 29362 10777 17783 16920 11828 10073 8495 18403 13231 18941 41077 7264 21874 23519 4184 533 23506 22079 3648 23405 40640 35519 23171 13572 3734 25192 12102 21662 15853 12370 18133 22368 7165 16873 17422 25400 21863 35168 28196 15649 41202 13630 19345 29587 4885 5312 16664 1127 24306 5570 39746 29474 25263 15865 11710 32469 7482 11347 6964 7805 418 37841 37855 21949 973 4781 38786 24310 5040 37203 41532 18681 23988 43300 25360 13619 242 10361 18699 7944 24658 15713 19178 12153 23600 30918 29989 273 954 36646 15891 41676 42435 35493 41274 13170 16736 4124 5692 12770 1346 5377 10861 10526 30359 40126 9564 20986 40463 38239 22843 17117 28141 31241 28711 3943 3183 6582 11759 11555 23067 41889 11362 12047 28496 1872 22546 21245 42520 4980 24277 11586 16587 41452 10750 32894 6202 25362 22743 13382 4438 9759 8729 24565 37900 27734 26476 1174 36714 2216 24274 4485 34008 5173 36416 42468 21923 11650 2429 32210 10718 16966 34697 9231 3007 9118 6590 28406 30811 34214 207 38483 25391 41022 12769 
305
16716 39553 43280 36905 16457 24688 34563 31403 31936 21761 32324 24124 23882 9970 34891 39581 5366 42634 17483 15312 32898 35503 396 3621 12111 15943 31878 27634 5177 21357 5223 3960 35517 20665 39301 17783 25537 17911 6602 104 27303 32910 31473 32480 19206 16829 28974 560 18806 42891 26450 33239 22079 36888 18820 33322 2194 25105 36442 23405 4556 27839 35582 38986 775 29720 23519 15865 15609 27291 4990 13231 35519 4242 7482 32794 16095 15168 10267 13572 24394 41105 11073 34284 40005 3734 38876 7836 10054 18612 32823 27717 13445 39404 26703 1477 18133 22368 12719 12102 5567 10777 15853 21949 4781 23506 16736 11515 13573 15649 23453 36209 809 8311 29474 18941 41676 35493 40640 7119 242 25263 3873 30918 38786 5312 273 12047 21312 17206 533 42950 1872 41077 973 14001 31667 23988 11710 35168 12153 11586 12370 27490 6781 37900 17132 16873 6508 8495 19345 8008 42291 37855 1540 20128 33615 4124 29362 16664 24588 11828 33147 3648 8149 12770 39850 10361 17117 28141 25192 22220 41153 4980 24310 22546 11347 41686 24565 7264 23067 10073 18131 36714 3007 28711 18223 24306 41532 15891 21245 6202 29587 7165 15163 32894 26619 6582 39746 21874 40463 9759 16966 24658 29658 16587 18403 32469 13619 18681 23171 7805 5377 4184 5715 19178 5692 25667 10861 17422 25400 21863 5570 40491 13630 9564 2216 6964 19898 18184 7944 42468 1127 25362 36646 38239 36398 18699 37203 35721 418 1174 34008 10526 11555 30811 37743 15713 3943 27734 21662 28196 28406 9070 16920 22843 31241 954 2429 10718 41274 23737 43300 26476 1346 23600 11362 11759 41202 20986 28496 24274 42435 41452 25391 13170 11650 5173 24277 41022 4438 5040 40126 21923 10750 20707 9231 36416 29989 8729 34697 34214 27685 42520 6590 32210 207 12769 4485 3183 11932 22743 13382 38483 9118 
313
43280 42891 5223 6602 42634 27303 32910 34563 23882 16716 2154 24688 5177 31878 22683 32480 31403 9970 36905 15943 40754 27490 24394 396 5366 12111 36442 24588 10267 12161 31727 39850 36520 24124 16095 39581 39813 25105 39301 17483 21312 19206 10054 36888 25537 3960 15865 3621 17911 34284 32898 36117 8008 38986 1477 13231 5567 23519 560 15168 32324 39553 13572 3734 6668 18133 21761 33239 18612 31667 27839 18941 26703 18806 26450 42291 35168 18223 41532 20665 26619 104 13445 4556 17132 33147 43300 35503 15312 15853 1540 15609 36209 17783 6781 19345 7482 9162 17206 5312 33322 29587 38786 39404 35517 12102 4242 12719 4184 23405 21662 17117 16829 37855 16664 21949 24310 24658 775 22079 41153 35519 5412 27291 32794 4781 28196 20128 4990 35493 41202 38876 11515 24306 34271 41077 23453 29720 13573 10361 23067 11828 7805 20724 3648 40005 29362 32844 16736 28141 41105 27717 242 5715 809 41676 20741 11586 25400 36398 12370 21863 16873 42950 30918 19010 418 22368 21245 32469 21874 5377 39746 18187 15891 1346 3873 23171 533 13619 2216 33274 14001 23506 10073 12047 31241 40640 32823 40126 25263 19178 18403 973 42468 273 21923 5692 10777 10861 3943 2007 11710 15649 15713 29474 23988 12770 1872 26476 22220 6582 18681 36646 41686 29980 4124 30247 42435 12153 4438 9564 8495 4980 18184 8149 40463 18699 1601 41274 9070 9759 9761 37900 7165 40491 11347 20986 15163 28711 32894 13170 24565 22546 19898 7944 16966 36714 37203 42184 38239 6202 35721 24274 27734 11650 34008 36588 42430 7264 28496 3183 25192 30811 17422 13630 13924 5173 6964 16587 22743 1174 10718 10526 30257 9231 34214 24277 11362 5570 40948 41022 28406 38982 11759 23600 22843 25391 36416 954 2429 13382 3007 14769 41452 32210 6590 16920 12977 12769 4485 8729 11555 34697 42520 9118 207 1127 25362 29989 10750 5040 38483 
313
9970 27839 23882 5615 32910 27490 6602 32898 43294 3590 16716 25537 27303 24588 13445 5366 25953 13682 12111 34563 17483 39301 28798 3621 38986 39581 35503 4242 24124 16829 1477 25105 24688 15943 32324 24616 22079 34284 36442 36888 34172 36209 15865 5223 23519 31403 18806 36905 42891 18612 10267 32480 26450 4556 31878 38786 15609 35517 5177 3960 27291 20665 40005 21312 8008 19206 29720 39850 104 32794 15168 13572 26624 16095 41532 12581 4990 24658 13231 23453 5377 31241 15853 12102 41105 33239 28496 41002 3734 17783 24132 33322 21949 24394 18133 10054 43280 7482 3648 23506 26703 15312 396 5567 35406 17206 39553 24306 42634 13573 5312 38876 23405 560 41077 11515 35168 19345 16664 775 32823 10361 17117 15683 17132 25400 242 6781 30918 42950 30349 3873 27717 39014 34342 4184 533 39404 18941 12719 37855 41686 39746 41611 20128 21761 43300 809 1346 32469 24277 21874 35519 11828 17911 10777 24310 40640 12370 14001 13619 19178 22368 23067 8149 15649 18184 5692 9070 11710 4124 5715 1217 31667 12047 35493 42291 16873 25266 5625 29474 29362 11586 1196 15163 23988 21863 37900 23171 2216 11786 11347 4781 25263 4980 18681 10073 36646 10861 9231 18699 16736 12153 1540 41274 973 24565 18403 10750 273 22546 15891 7165 19898 40463 18223 12770 3007 16920 9759 16966 28711 37203 41676 11362 36714 9564 28141 12076 21245 8495 36398 27734 36416 20986 3183 30811 16587 15713 1872 22220 13749 41022 33147 29587 41153 42468 7805 28406 26619 6590 28559 32894 40126 418 6582 17422 40491 28432 21662 23981 5570 11759 7944 12769 34697 10526 35721 28196 1174 3943 42435 6202 10718 34008 26476 22743 21923 25192 22843 23600 24274 8729 11650 1127 34214 13630 35226 25391 41202 38239 2429 7264 13382 11478 4485 32210 41452 13170 25362 5173 207 6964 9118 5769 22442 42520 954 11555 5040 4438 29989 38483 
317
5223 27490 24124 16716 27303 24688 42634 15865 17911 25537 43280 15943 39581 18699 34563 39301 31403 27241 39553 13445 19206 32480 27839 31878 9696 10267 6602 36888 16829 1477 9970 23453 5177 35503 15609 396 36905 23882 17483 3960 42891 21202 24588 104 18223 4556 30545 22079 12111 7482 37855 24310 32910 5366 26619 13231 17299 4242 18806 32794 21761 37988 16095 4184 17206 24394 21874 1540 36547 21312 560 3873 20665 32823 3621 27291 5570 25105 10777 23519 5567 32898 38986 33239 8029 26450 40596 18941 34284 36442 29720 39850 533 35517 13572 3734 18612 3648 4990 17783 35493 15853 9668 41077 38876 32274 31667 11515 21662 32469 18133 23405 15168 33322 13619 39404 8008 41532 19178 35168 25400 12102 42950 11710 775 40005 23067 36636 35519 12129 41105 19605 22368 18826 38786 43300 809 39093 17132 5715 19345 23506 12719 16664 20128 8495 10054 2216 4124 4781 15649 12370 5692 25192 38927 16873 21949 40495 26542 13573 11586 36398 10861 10361 21863 42291 14001 36646 36209 8149 24658 13630 24306 27717 23171 29474 14292 3943 40640 29587 15713 23988 12153 37900 25263 11347 973 26476 242 39746 28141 41676 9564 26703 15163 6202 29362 1346 15891 16736 41686 30918 38239 12047 33147 7805 20016 418 40126 21245 18184 40463 5312 9070 4980 11555 16920 28711 36714 28196 20986 5377 18681 24274 32324 9759 10073 18403 42468 32309 24565 6781 39549 16966 25362 34697 3183 15312 32894 19898 16587 31241 28496 24277 41153 42435 11828 18699 9558 41274 30811 1872 17422 1174 273 9231 41022 1127 37203 7165 17117 22843 21923 11650 6964 22743 954 40491 22546 10718 4911 40932 10750 41202 27734 7944 9504 23600 22220 11362 28406 7264 207 13170 34008 4438 36416 34641 11107 6590 12770 35380 12769 22366 42520 25391 6582 5173 34214 4485 32210 29989 41452 17118 9118 35721 11759 557 13382 16693 10526 5040 4430 3007 8729 38483 2429 
317
27839 34563 27490 17483 31403 15943 38171 481 24588 5177 42634 3960 32898 16716 5366 33239 6602 28669 23882 28664 3621 33322 4242 10267 27303 10054 43280 1477 25537 21761 42891 9970 4556 32794 24124 26450 32480 39404 23519 13573 18806 39850 12719 24688 41532 5223 12111 32910 242 23453 21347 28443 25939 13572 22818 20128 39581 29720 30918 16829 20665 24394 38986 31878 35503 15865 29362 104 11515 3734 38786 15168 35517 7482 25105 36442 12102 12047 15609 12863 26211 32324 17132 24658 37855 42950 24310 38876 3873 775 36905 34284 27291 21949 14001 17783 40005 8149 41105 19206 13751 23405 35519 27717 17911 18612 32681 19767 533 35722 17206 39553 4990 21874 23506 22368 560 18223 21312 16095 40640 23171 23067 25263 35211 18133 13445 15163 39301 26703 43300 5567 22079 4980 42291 15649 6781 35168 41077 32823 19898 19345 18389 5715 809 1346 36398 29587 26619 24565 21662 28196 12370 1540 3648 8008 11710 25400 15713 16873 11111 11828 12742 38153 11347 36888 10073 21863 10361 7165 13231 16664 29474 32469 23988 10777 15312 28711 22220 36209 21546 36646 2216 273 12153 17422 25022 41676 24306 40463 13619 39746 15891 4781 28141 7944 2424 39373 4124 22843 41686 9759 31667 33147 16966 9564 15853 7805 20986 19178 16736 41153 40126 1127 21923 18941 18184 973 9070 8495 17406 5312 1872 21245 15245 7803 37203 16920 20410 16587 5377 396 18403 32894 34008 42435 4184 17117 35493 12770 4485 10526 6582 40491 31241 27734 18681 38239 41202 11586 13170 1174 37900 22546 3183 9231 18699 42520 41274 27392 6202 23600 11555 5692 28496 36416 25668 42468 7264 3007 25192 13630 10718 28406 25362 6964 11362 10861 3943 34697 22743 41452 35721 18852 11759 15958 32210 24277 418 32380 8729 26476 10750 25678 25391 24274 36714 6590 30811 4438 41022 12769 33876 5173 11650 207 954 34214 9118 2429 5570 29989 40782 38483 5040 32189 13382 
8
75
8250 7655 14972 8748 14171 12589 7810 920 9235 13424 15019 6276 1166 3407 8277 5151 8095 11006 7911 14317 191 629 15897 7229 373 9637 9986 5394 5298 2119 13516 12355 8485 641 4121 12405 1580 1415 9690 1361 6223 11307 4840 11296 13512 3926 15526 5965 12775 5348 43 1772 14762 3572 7979 16204 3831 10069 14695 5204 8699 13610 15371 12950 16637 14481 4511 11493 12342 15172 2127 12703 7357 12978 13153 
75
15471 12355 14171 7810 1415 7655 8748 8250 13986 15526 8603 7911 1166 11006 7671 12589 15897 14972 15019 373 2119 13424 920 8095 4121 15371 8277 629 16623 4998 9235 7229 4840 6726 6276 15724 1580 5348 14317 12950 7979 13512 14762 8485 5151 9986 3407 1772 43 641 14695 4511 5965 13153 10069 11307 12817 8699 5394 12405 2127 3572 16204 11374 16637 13610 9690 12703 11493 14481 12775 15172 3926 13516 15395 
71
1415 14171 14972 15 8748 13424 9235 7810 266 12589 6276 1166 8250 7988 15526 5151 8277 15897 14317 9037 5348 920 629 7655 11006 8485 7979 15019 13512 14762 7911 373 11307 12355 1580 14695 641 5965 1772 3407 8095 7229 12405 9986 15186 10069 2119 15371 4121 7568 5394 43 8682 3926 12775 2127 8699 16204 14918 13610 12950 16637 4840 4511 13153 11493 14481 9690 15172 3572 12703 
75
7655 14972 1166 8277 9235 1415 7810 9500 5151 920 8250 7911 8748 15019 14171 11006 12589 13512 373 1580 305 5965 15897 2675 12355 629 8095 15371 1772 7229 2127 11307 12703 12950 15526 9218 2119 13424 13765 8485 985 10069 13153 14762 3926 6478 43 9986 6276 3407 4121 14317 702 7467 8699 16204 641 5394 5348 7979 7390 13610 12775 14695 4674 16637 4511 11493 12405 14877 4840 15172 3572 14481 9690 
75
7655 9235 8250 14972 1415 15526 14626 1166 15019 11718 14171 11006 8095 8277 1580 7911 373 14317 5348 5965 5151 13424 10069 2119 7979 4121 13628 7810 13512 6276 920 641 3407 11430 15371 970 629 8485 12355 5394 8748 12589 4840 11307 12775 43 15897 7229 12405 1772 9690 8699 3926 14296 16204 14695 16637 12581 2587 2127 9986 8618 5863 5326 14762 12950 14481 4511 3572 13153 11493 15172 13610 9680 12703 
75
1299 14171 8250 12355 7655 1415 15019 9235 11006 13424 1529 1819 8095 14972 7810 920 8748 1166 6276 8277 2362 12243 15526 5348 15371 3407 5394 12589 7911 629 14317 1580 641 8485 5965 15897 373 13512 5151 7979 12405 9862 1772 12775 12950 10069 14762 7229 14127 11307 8699 5455 2127 13610 3572 14695 9986 2119 43 9690 13153 12703 3926 5566 14481 16204 16637 4121 13524 11493 13905 15172 4511 4840 6699 
75
2773 15126 6772 7862 8748 7810 8250 7655 12355 11006 1580 920 9821 629 4234 9235 14171 14972 5965 8485 13512 43 1415 1772 1166 12589 5151 14762 16204 15526 16637 8277 15019 15257 13665 9326 14315 10069 14317 8095 13424 2127 7911 11493 373 5348 7979 641 3572 12703 15371 14695 10264 8699 12405 15172 9690 6276 6816 3407 12950 2119 5394 14481 15897 7229 13153 11307 4121 9986 12775 4511 13610 3926 4840 
81
11006 2165 8250 1415 8748 12589 12355 15019 7810 8095 7655 1415 14171 15897 920 1391 3594 14972 1278 13399 15526 7911 1772 7229 2153 629 373 13424 1166 8277 1909 8485 9094 1580 14317 15371 8833 641 2206 5965 9986 12405 16065 6276 10069 43 5601 8699 4511 5348 9235 9690 14378 16204 16637 13512 4718 7979 5151 11307 3926 13610 14762 12811 3407 16628 2119 14695 8785 11493 14481 15172 2127 5394 12950 13153 3572 4121 4840 12775 12703 
8
235
59519 30453 49958 28176 52424 44437 56014 57057 14299 10199 51489 45803 18616 59809 49496 18573 7290 54036 37423 52402 42678 62006 23527 52137 15368 50480 43073 8996 33217 47798 9869 49139 53927 2420 41447 30392 3793 56188 6011 34727 52123 47880 4354 24818 48518 1473 60302 46556 61772 33155 50798 21835 11116 2637 18886 43133 24479 52391 21134 35319 42994 39720 48604 23856 54681 37058 23611 40543 21416 5908 30681 50752 2641 17925 22323 35707 27161 17068 59075 42621 18183 57792 52767 45810 33512 11570 16767 44317 49872 10277 43230 18322 25491 31963 25897 61810 23991 7418 20051 56835 47507 8773 27894 10159 53281 27930 12382 20383 28152 11209 10919 51133 6018 8675 62020 48134 13208 57899 25793 61044 2886 55283 61363 32601 2137 25141 13103 30538 49996 26287 4242 3253 9460 44983 8888 6970 40650 25044 34207 3761 15070 36103 61189 36925 14937 57512 43440 38665 57789 60324 30140 47233 5385 5398 10339 10925 19535 4284 37018 1331 31059 58242 10685 43608 15409 42407 18821 37522 36264 40499 36929 51069 32253 41480 53565 35018 49981 11506 36243 7305 60595 35312 11955 24856 10199 36400 58271 52016 7058 28801 9901 35241 50307 18011 61020 11309 47263 56295 22601 32735 1944 42744 11840 51748 17661 7142 2415 14292 31775 51629 5616 49625 52912 15845 15496 25258 49494 2306 43272 6839 6690 29945 56282 29514 3141 46065 58179 14553 3160 62068 4445 29847 30987 56818 9003 
265
51489 2659 57057 33217 49496 30453 29058 52424 7290 49958 14299 24818 38822 50480 5908 46906 49139 37547 18616 56014 59519 6011 18605 42678 35319 6990 52402 18886 54036 52137 41447 35707 9869 47880 27161 4677 4354 57237 59075 31182 59809 30681 50403 53927 31523 33155 37423 4282 21964 15368 41346 23527 19230 7083 56188 28651 32601 17068 48518 48604 57960 44437 51047 48597 47798 2801 53153 8675 60302 4284 6457 23856 22323 40543 57899 2641 26282 50798 62006 42994 30392 44154 33499 21835 34727 37058 40278 46545 3793 52767 20383 28397 43230 2637 53281 11116 54681 10339 58483 44317 2886 43133 45796 11955 21134 21416 11446 49852 18941 9460 24479 25897 10919 40650 18322 58159 17425 13103 25044 42621 18821 22601 10925 23611 27930 17925 17118 44983 870 38261 16767 7418 3761 42990 15070 36072 53403 36929 32253 51133 44591 38665 57178 25491 4242 28152 10685 49872 61810 30538 5385 59948 61632 25793 21892 62020 23991 10937 51431 36925 61044 43427 3143 2137 60595 10819 49607 31963 41480 23953 43981 56835 57792 3070 12382 6018 14937 42407 23073 48622 31078 34207 20051 53565 36243 35312 28911 30140 57512 36103 13208 22513 15268 17160 30222 3253 49996 15409 37018 7058 48924 9901 60324 7142 5398 31775 2853 17077 29945 26957 10199 11840 1944 4120 58271 62068 43440 51748 26287 35241 36742 19535 56295 2415 46189 37522 11506 40908 17661 52912 5616 24511 3160 35018 2306 8888 51629 56282 31059 29847 24856 11309 9003 23119 15496 44035 42744 35517 60962 43272 58179 52016 34592 7305 61296 46065 49494 15845 25258 14553 30987 56818 61020 49625 6839 
212
33176 49958 33217 5908 24818 18616 37930 51178 30453 41447 27161 59809 56014 37423 62006 4640 15368 30392 52424 46224 50480 33155 32601 49139 23527 47798 51489 34727 57057 200 14299 4284 18821 2637 35319 6011 42678 22167 56188 48604 30681 49496 7290 44437 20383 52402 53996 21134 44317 30640 40543 18886 30167 10492 53927 59519 35707 60302 52137 50798 24479 54036 3793 2641 15392 18322 36929 32253 8675 59075 25897 21416 52767 17925 25793 9869 53281 10919 16495 2886 40650 47880 4354 23856 54681 17068 20347 25044 2137 3761 7482 43440 60324 48518 16767 25491 43768 53481 22323 57792 38665 42621 57899 42994 11116 30538 37058 5438 12382 43133 10306 43230 5385 9460 23611 44983 27930 30140 10339 28152 61810 23991 62020 19535 15070 60595 35018 11840 37522 49872 31963 20051 57512 7418 51133 56835 4242 61044 13208 49996 10685 6018 36925 14937 34207 41480 11955 53565 35312 36103 5398 26287 5087 51629 42407 36243 8888 11309 31059 3253 10199 37018 21835 58271 12831 33786 53640 25258 7142 567 7058 22601 52066 15409 56295 22050 13103 24856 11506 10925 51748 31775 58179 7305 52912 42744 35241 2415 56353 1944 52016 17661 49494 9901 15845 3160 29945 61020 49625 62068 9003 15496 56818 14553 56282 6839 46065 2306 29847 43272 30987 5616 
225
56014 15368 47798 5908 44317 30453 42489 57057 270 48604 41447 23856 27161 59075 59519 49958 24479 54036 33217 52424 50480 51489 52767 49321 44437 18616 49496 23527 7290 18886 25897 59809 24818 40650 43369 3793 35319 52402 56188 30681 54681 37423 25044 20383 21835 49872 13103 33155 52137 3761 9869 22323 53281 49139 62006 8675 47880 35707 4354 14299 48518 9265 17068 42678 6011 42994 57899 30140 37058 32601 40543 43230 31963 56835 14640 30392 5941 9460 6018 44983 4284 42621 34727 2637 10339 15404 27930 2886 2641 15070 50356 18322 21134 21416 53927 30538 57792 10685 60302 19535 50798 18821 5731 1978 11116 28152 34419 41480 12382 41329 11955 17925 53565 38665 43133 10925 23611 7418 51133 25793 16767 8573 5385 62020 41955 61044 5398 9008 57512 34207 4242 36925 36103 10919 35312 25491 14937 11092 22601 19117 52295 40703 10199 33676 37018 8617 61810 23991 60595 36929 11506 20051 7305 2137 58271 43440 56295 11840 42407 35018 60324 11309 6476 7058 56554 37522 61020 56827 20935 25258 21259 36243 51629 35241 13208 51377 3253 32253 51748 49996 4086 42744 29945 33264 31775 14686 8476 26287 8888 17661 8198 1944 52912 31059 7142 49494 15409 56818 46041 15496 24856 22855 59881 49625 52016 46065 2415 12134 15845 3160 2306 14553 6839 58179 15098 9901 62068 56282 29847 37736 35648 43272 30987 5616 9003 
221
49958 44437 57057 51489 48604 33217 15368 14299 49496 59519 56014 7290 23856 47798 30453 44317 18616 52402 5908 18886 35707 61513 54036 41447 25897 17068 21835 22323 11869 59809 24818 61130 57792 27161 59075 32485 33155 42678 42621 52137 35319 5202 54696 24479 52424 52767 23527 27930 28152 37423 9869 53927 13367 47880 60302 50798 58450 9402 62020 3793 30681 50480 20865 52605 8675 49139 25793 11116 4354 38237 13103 32601 6011 43133 62006 40543 48518 42994 61044 30392 42455 23611 2641 48553 37058 12382 46658 43230 34727 1144 57899 54681 7418 23112 2637 51133 49872 9460 2568 10339 24125 21134 21416 4284 10925 56188 4242 49820 17925 57512 31963 20383 44983 40650 9901 15070 18322 36925 16767 25491 61716 53281 14937 10685 32403 25044 18821 56835 51145 10919 54661 2137 38665 2886 3761 41480 5398 61810 6018 11517 23991 60324 42407 30140 36243 11955 50727 11506 34207 22601 46616 5385 36929 60595 51748 2415 53565 30538 25898 7305 32253 20051 1944 35241 35312 11840 13208 56282 17661 19535 36103 35018 29945 61020 10199 49625 37018 3253 5616 29847 62068 49996 7058 7142 7575 31775 31615 26287 52481 6014 58271 8888 15409 15496 39967 35078 56295 15697 42744 31059 49494 58179 11309 24856 13634 9003 52016 3160 46065 52912 2306 15845 6839 30987 25258 43440 37522 14553 51629 56818 43272 
197
51489 15368 5908 49496 30453 49958 59519 27161 23527 41447 4580 33217 9525 18616 59075 59809 57057 14299 42678 18886 7290 52402 35707 24818 42459 53927 54036 47798 3793 54681 52137 60302 48604 50798 33155 52424 49872 37423 56014 52767 9869 62006 47880 11116 44317 31963 17068 30392 56835 42621 5974 27930 34727 20366 2637 21134 1005 4354 53281 25897 50480 44437 40650 25044 10919 49139 21416 17925 35319 48518 21835 13103 53716 24479 30681 16767 25491 56188 25793 20383 8675 2137 6018 34207 23856 32601 28152 4284 36103 43133 61810 62020 23611 42994 10925 57899 7418 23991 61044 3761 2886 6011 37058 22323 40543 51133 20051 2641 12407 5398 13208 4242 16028 43230 57792 43440 18322 37018 30538 49996 60324 18821 7058 36925 38665 37522 31775 14937 52912 3253 9901 5385 42407 26287 36929 6237 8888 11506 36243 10339 31059 6105 9460 12382 51748 60595 32253 44983 7305 15070 10685 2415 29945 11955 61020 22601 30140 19535 15409 41480 9003 11840 53565 35241 57512 35312 24856 56282 9347 62068 1944 35018 58179 10199 49625 7142 58271 17661 52016 15845 30987 56295 15496 46065 5616 2306 51629 42744 11309 25258 14553 43272 29847 49494 56818 3160 6839 
249
30453 61043 52424 50480 51489 48475 49496 33217 49139 7773 23527 28031 56188 59519 5908 41447 49958 7290 48604 56014 57057 6688 52402 52137 23856 9869 6200 54036 14299 15368 47880 18616 33155 4354 20950 27161 3793 6011 11033 40543 54681 59075 2641 17287 47798 42678 52767 18886 48518 42994 37058 40004 53281 32601 18322 59809 24818 54814 24479 19958 35707 20383 4491 265 7789 25793 35319 34922 28201 43230 30090 44437 17068 49872 4284 9460 22323 39909 42621 53927 57792 27930 10919 37423 2886 37024 28152 38665 57300 62006 30392 44983 21835 60302 30681 34727 58030 50798 30538 11116 31963 15070 9634 43440 8675 10685 17505 50844 13103 5385 44317 2137 37522 57899 41960 25155 43133 2637 35435 56835 62020 60595 60324 41480 53565 35312 23611 8806 6018 47544 34207 7418 11840 60483 51629 59870 21134 36103 25897 51133 10339 40650 36178 39937 18821 10199 8975 58271 7732 56295 36929 21416 4242 61620 42744 25044 17925 61044 36925 16767 3761 35241 37018 58226 5398 32253 53310 14937 28164 30140 3253 60264 19535 11506 42407 42201 25491 46473 34049 49494 43144 11955 22601 10925 61810 29945 15573 9901 7058 23991 25850 35018 5459 17661 20051 27612 27243 12382 7305 16295 56693 36243 30987 13208 15409 62068 51748 15496 58273 11309 1944 2415 49996 31775 52912 53025 61020 61072 26287 8888 31059 24856 41998 49625 56818 52016 15845 28852 56282 6839 4865 57512 30918 46065 5616 25258 9003 7142 29847 38822 28228 2306 46401 24274 40210 43272 14553 3160 58179 
260
51489 30453 59519 49496 15368 3338 57057 54036 14299 49958 42678 18616 7290 44437 24818 58401 41447 52402 4955 53927 52424 5908 27161 52137 33217 60302 59809 9869 37423 35319 3793 9635 26517 48604 47880 18076 40696 30681 4354 47798 21295 62006 59075 8675 33155 26646 59452 48518 6677 52767 18389 21835 60661 42994 24526 18886 35707 23856 23527 32601 37058 17068 4284 14480 50480 30392 34727 11551 32897 60846 51982 42621 13103 43230 57899 9460 49139 18821 41825 27930 55832 44317 53281 28152 6011 54681 36929 22323 50798 55803 6347 40543 62020 10919 32060 56483 2637 44983 15070 22029 25897 10339 56188 21134 56014 15488 27633 34383 10685 61044 61097 41480 55451 11955 24332 49872 53565 21416 5398 37295 31963 48707 17006 56835 35312 6018 34207 10199 11116 24479 24910 17925 2137 14360 25793 16767 2611 22601 36103 60138 32253 32686 30549 11962 20383 21657 55231 25491 57792 40650 51725 15369 6877 11506 37018 61810 2641 43133 39447 60324 2886 27697 23611 25044 7305 43440 40240 23991 8997 18322 7418 7058 3761 31775 38665 52912 10925 31927 51133 26231 47832 4242 35349 20051 36925 58271 6023 5385 35241 61020 9901 12382 56295 29718 26888 1944 13208 2306 42744 49625 30140 49996 14937 6839 60595 26287 43272 19535 8888 51132 42407 41146 30538 11840 16336 54971 4966 3253 36243 31059 24856 17661 52016 57512 5616 56153 61542 51748 9003 15409 32914 7010 12016 30987 35018 16095 15496 54077 49494 29945 11309 25258 62068 2415 56818 15845 7142 37522 56282 14572 4783 29847 32925 3160 58966 14553 58179 29685 51629 46065 
9
312
37215 18398 6603 36062 17753 66453 53603 23614 37770 26720 83828 1467 109313 74260 85957 56518 49808 52393 71765 74710 51129 76615 17338 89959 40975 112188 100750 73334 110958 85525 35330 83382 95493 108125 107426 75216 88866 85655 110507 87443 52503 11858 104780 57752 29668 63556 56955 23644 20293 30268 94859 72331 6715 94153 57267 64489 66428 9130 111430 25154 105458 70968 39296 13399 16942 41886 69888 74242 90509 56315 4369 46640 95672 2653 46961 107881 22612 89658 39892 57590 87046 108956 62396 107851 60657 52079 57965 28016 94914 5447 54220 5608 46926 47621 98973 73030 76639 50058 103269 84125 56554 87634 73807 58937 56938 19558 47720 42591 31056 52448 18612 60696 5106 110259 110867 48912 26227 90701 29695 112601 7492 59851 19164 72550 106289 19754 50073 107507 25461 32180 68786 96277 17666 99763 35390 70253 92496 68328 43456 50256 852 108361 1535 107645 31659 24206 90701 108452 43077 83125 101208 11458 23327 15850 96524 8937 38893 96678 83446 82481 35750 97668 65777 8325 27912 71078 46409 15919 63561 74149 41220 54492 32197 17669 9704 96019 21622 42965 14627 22089 58491 15947 70892 61994 83784 98953 23727 45313 93255 19201 76866 46012 60327 112064 70017 6642 33467 66519 82718 49261 60 25379 109003 71620 76383 35341 6266 69591 30683 22933 94266 54284 68309 54400 104586 92958 22260 73857 98945 28820 101807 41232 24956 44289 5578 42423 16475 11661 16954 107527 9931 9737 14585 84520 21354 57071 12545 80861 72974 77624 21402 78113 86850 34391 32941 27355 89123 72817 75628 89852 17767 62233 91444 31810 67207 95674 93600 78921 98994 42474 39823 7211 39514 92194 12472 70067 105207 66297 102356 35906 51186 90313 81673 88889 36174 41267 100623 104720 77119 59929 40729 85395 35465 11222 52853 43491 10431 47974 64346 16797 108775 14410 7714 70016 76069 43617 1048 27715 78318 112048 104836 92407 25028 48097 80205 85792 107051 55331 35662 66534 51434 77934 
432
50380 110216 85957 82466 53132 108532 56501 85601 43614 66453 71964 37215 51391 6603 74710 71864 51129 74879 896 71765 73334 18398 18424 83580 21616 17753 73999 101957 109313 100750 57752 44993 88796 110507 92634 93095 49808 56955 46147 66428 463 76344 94859 76615 4369 66104 2653 105310 6715 102515 40975 35330 95672 112601 37770 19164 92866 76566 97668 88866 53603 94914 56518 72941 5608 23614 96922 18497 69704 1467 63527 89959 47676 23644 29668 39892 12629 11173 90509 88930 40192 17338 108092 5612 9130 74260 91158 6031 62707 57267 25154 69112 49828 62528 3721 63070 22612 36062 5289 105458 5447 76639 104377 85138 69888 110958 85525 7865 46961 20293 42591 87046 79277 102122 83382 26720 104150 103224 17666 83125 70599 2378 94153 71828 108718 73030 111430 32512 107389 16942 77891 57965 73807 107062 58937 30268 99763 101770 50058 91346 101208 17861 26227 104755 52503 108125 96943 60327 50256 30062 74242 105339 31517 30201 17505 81862 54433 5106 56315 56938 100559 57071 64612 72126 3556 52393 78113 42965 44892 7884 37746 13399 31611 8078 59851 84125 28820 103269 52048 75216 112188 38120 72550 43480 35390 11458 60657 32180 96678 21161 11858 68700 9704 72331 83784 78208 47720 12987 107881 106289 29695 103905 108956 46640 53039 19754 45313 68786 90701 78708 52448 48912 98973 96551 25840 92496 104403 32197 24206 56554 21622 98422 34391 76383 29316 31056 38759 69965 65777 110867 70253 15919 43456 14627 58491 21580 23727 104101 41220 89658 61779 96277 101731 31659 55788 76866 112064 44038 14585 89123 22401 852 50966 33467 36322 72122 46926 57590 79977 84847 61684 54400 87634 43077 23327 71308 62396 49261 60 19201 45465 98945 104604 1535 38893 73857 39836 25379 17669 64755 109344 645 22260 108361 79963 8937 71620 42357 83446 25028 72051 46012 4560 78921 12545 89852 17279 42423 7492 35341 63561 63556 72974 64496 54492 94690 26427 59456 73292 82481 95107 100623 88005 92194 109003 2462 25461 59929 5532 67207 102840 30683 23980 54284 66519 109023 87298 14394 70892 89657 68015 67719 4725 42474 5806 61994 91444 62233 84686 95674 7627 22790 71078 104586 22933 17767 7211 5578 90313 68309 70968 106872 107527 98994 13125 78399 64929 92958 2737 12472 16954 76069 101456 42997 41267 52202 66297 88889 78318 21354 36174 95187 101154 36193 46409 85395 102356 39823 16896 21402 86850 101807 102596 87422 82451 39514 93600 8887 54220 104720 99321 51186 107507 10501 85792 67691 81673 35906 105207 34105 87345 108775 77119 52853 25102 58556 51983 107051 112048 11222 7714 40729 10431 22089 24956 73540 32941 65816 33474 65980 70016 9931 14410 92407 77934 16797 48097 35662 35549 66534 64346 55331 
284
85957 51129 40975 35330 88866 18398 17753 66453 73542 48008 80880 23644 69551 74710 22612 57267 23614 6603 109313 67193 37215 37770 71765 26720 49808 9130 25154 69888 25110 73334 56518 89658 73030 76615 110958 5447 17338 46926 74260 36062 108125 63556 73807 57752 85525 54284 75216 1467 26227 30268 50058 89959 29668 53603 84125 22328 47720 48291 39892 52448 110507 13399 20293 94153 83382 2653 100750 56315 56938 83485 90509 107881 48912 52503 46961 72550 72331 87046 91444 80223 111430 70968 106722 46640 52393 92496 76639 112188 94859 20218 57590 6715 16942 57965 42591 105458 58937 24206 65777 60657 42965 106289 33538 54220 99763 28820 19754 62396 68786 19288 5106 56554 87634 94001 50256 98973 11858 1535 70253 7492 110867 56955 29024 11458 96678 64374 96277 43456 59851 9704 41220 90701 43077 19201 40840 94914 66428 95672 35390 54492 112601 58491 107507 25461 74242 852 66519 83784 4369 32197 108956 29695 31659 14585 97668 63561 23727 62229 76866 46012 45313 89852 11977 83446 15919 12545 78921 109962 112064 70892 33467 14627 56538 72974 5608 81673 100623 23327 8937 71620 22260 31056 87823 61994 22933 19164 68309 17666 92958 83125 101208 103269 32180 59401 60327 60 38893 16954 35341 104586 92194 107527 36174 76383 21354 57071 5578 25379 109003 17669 21622 86850 54400 108361 49261 95674 78113 98994 67207 52941 62233 59929 30683 84561 39823 22089 104720 39514 34391 102356 17767 73857 82481 51186 32941 71078 21402 90313 41267 98945 46409 7714 88889 93600 89123 79601 12472 105207 40729 73034 112048 35906 42423 77119 7211 66297 25028 11222 85395 101807 42474 70016 111030 64346 10431 85792 14410 24956 9931 76069 35662 22194 78318 92407 108775 48097 107051 16797 66534 55331 52853 77934 6729 30677 
312
33590 36062 23404 85957 51129 37770 18398 7365 74260 96423 89959 40975 71765 79875 35330 17753 105458 56518 57267 26720 6603 109313 89658 46624 23614 32053 37215 75216 73334 20293 94153 88866 53603 51067 56955 23644 46926 76615 49808 11350 63556 57588 54964 91393 17338 22612 5447 55898 39892 82771 74242 73807 110507 108956 99798 111430 1467 66453 110958 85525 107947 9130 25154 72331 66428 29668 90509 52393 26227 31056 95672 4078 16942 112601 57965 72550 74710 30268 46961 108361 83382 46640 37058 87046 54284 100750 69888 73030 105772 19164 108125 57752 112188 58937 76639 42591 99763 87457 17666 57590 52503 98973 106289 91525 83125 35567 82481 110867 60657 2653 78155 19754 11858 96277 5106 90701 91444 101208 4369 13399 50256 74990 29695 94914 31659 71078 11458 70968 50058 96678 94846 42145 59851 63561 46409 44882 84125 62396 107527 32197 107881 94859 47720 6715 35390 60327 21402 852 97668 9704 101807 925 68226 57071 68786 52448 48912 19201 54220 60289 19496 70253 23327 43456 15919 83784 70645 5608 111680 49737 8937 21622 65806 103269 32180 42780 49261 71620 42965 43077 45313 107507 54492 24817 35341 70892 56315 76383 92496 24206 54400 58491 98945 104586 38893 61994 40729 14627 56554 22933 96888 68309 56938 87634 42423 65777 92958 42474 23727 10431 5578 39823 41220 9605 76866 66519 82286 78113 22260 98994 112064 46012 91257 5216 19845 19046 14410 34391 28820 16954 15188 73857 1535 17669 33467 60 76069 25028 21354 93600 63483 86850 22089 104361 25379 45218 14585 78921 26221 2416 109003 39514 7492 78318 91459 25461 92194 66534 30683 35662 17767 36174 83446 104720 89123 89852 62233 12545 48097 81673 41682 90313 12472 93373 41267 71416 24956 32941 72974 11222 100623 7211 67207 12041 83721 35906 105207 102356 95674 59929 66297 77934 7714 85395 37506 77119 64346 27654 88889 16797 112048 70016 108775 52853 92407 85792 30227 101889 107051 9931 51186 55331 
342
66696 37215 64904 18398 23614 20202 57267 56518 26186 45083 107389 73334 37770 17932 74260 17753 17338 34991 83614 74710 85587 89959 66453 20293 89658 6603 109313 27408 53603 50677 85957 26720 51129 15671 49808 36062 56955 1467 71765 105458 9130 52393 19240 63753 110507 25154 100750 74242 4369 29668 33551 112188 40975 47300 111392 35330 76787 90509 52512 85525 94859 69888 30268 88196 6715 83382 75216 39892 102944 66428 56315 94153 95672 52503 76615 60657 46926 66834 112601 90701 46961 88866 19164 11858 23644 57752 73030 75786 95955 97668 46429 50058 84125 47720 82047 15396 22612 110958 52448 9033 15166 111430 2653 37371 48912 93583 15919 14627 94914 108956 42965 16942 17666 72331 28820 66826 5447 14342 31056 46640 50693 57590 87046 92496 76639 29695 58937 73807 108125 62396 106382 6544 26227 5608 112086 83125 13399 103269 42591 5106 54351 72550 107881 94763 2497 57965 24206 31659 67749 14585 98973 22260 32180 56554 99763 89551 37314 11756 10690 19201 31756 56938 108361 69094 91574 38893 62976 63561 87634 63556 70968 106289 110867 17669 79276 96277 19754 50256 32197 68786 65777 41220 108886 111268 70253 78921 66519 108478 852 101208 59851 76866 82481 25939 112064 1535 7492 6891 33467 11458 59446 21622 6487 60 107527 54220 68574 25461 62233 60327 43456 38253 48205 76305 95674 43077 25379 23327 54284 92194 29199 54492 35390 83784 18434 8937 70892 25028 22089 91444 96678 109003 71620 30683 9704 27719 57071 45313 58491 32941 41267 76383 65806 78113 8638 17767 90313 21402 54400 59923 40729 44767 48097 7714 71078 5826 98994 86427 10431 83446 35341 514 12736 12472 98945 34598 12545 49261 31362 36174 107507 77934 34391 61994 73857 93600 102438 72974 33827 105521 46346 89123 42423 81673 7211 22933 56761 67207 61036 104586 66297 23727 68309 42474 89648 46409 92958 16954 20142 70016 112048 88889 5578 108775 46012 21354 86850 107051 55331 102356 89852 76069 78318 100623 51186 66534 105207 43354 41089 14410 16797 39823 59929 85395 39514 85792 101807 35906 24956 77119 11222 96209 52853 104720 93426 57894 64346 92407 110182 35662 9931 100828 
324
57267 18398 37215 17753 26720 73334 89658 56518 85957 57385 109313 110507 66453 65634 75216 37770 56955 104305 30268 46926 17338 49808 51129 40975 35330 6603 89959 23614 71765 1467 88866 76615 85525 75847 66428 19719 110958 23644 20293 45633 29668 22612 36041 74260 52393 57752 95672 74710 112601 5447 94153 70901 100750 7411 48383 79709 63556 90509 73807 94859 46961 87046 71496 9130 25382 1965 25154 54284 56315 62902 72331 26227 72550 1560 4369 69888 58937 73030 97668 5106 70968 50058 27340 19164 53603 107872 93902 59851 106289 112188 36062 111430 105458 83382 19754 73968 54220 39892 108125 42949 76639 102187 58227 13399 60657 6715 90701 42591 32197 35390 17666 83125 99763 7661 84125 50256 21683 47720 107881 68786 52503 19816 52448 48912 83784 2653 11458 40672 45313 16942 94914 57965 98973 46640 70253 110867 92496 15919 24206 11858 57590 74242 5910 76383 56554 60953 101208 49768 108956 10078 5608 65777 42965 96678 43456 62396 29695 94955 9704 22093 96277 58491 41220 43077 103269 32180 19201 21622 31659 28820 54492 14627 70892 61994 22933 68309 61951 111647 31056 54400 87634 76866 1535 852 34284 38893 49261 23327 63561 22260 56938 83446 76604 14585 8937 91444 112064 17669 7492 92958 71620 98945 60327 16954 33467 60 22089 81614 6147 23727 73857 46012 25379 57071 78113 59083 108361 82481 66519 21354 34391 37795 89123 12545 78277 86850 107507 35341 85358 72974 96655 11213 7211 89286 98994 62233 1367 93600 89852 69634 38143 42423 66297 71078 107527 109206 47025 67207 21402 25028 12472 102740 25461 62551 104586 32941 105207 100623 42474 39514 76069 59929 35906 16797 41267 40831 51402 90738 78921 77119 109003 88639 40729 46409 92540 53143 5578 77934 92194 101807 112048 78318 30683 68439 85395 52853 17767 59225 90313 81673 10431 95674 48097 39823 24956 10055 9931 108109 11222 85792 66534 102356 14410 88889 91435 7714 104720 35662 108775 13780 92407 70016 18649 47430 360 107051 19710 64346 9500 51186 55331 36174 31210 25883 
264
18398 85957 37215 66453 57752 56955 17753 26720 30268 57267 37770 36062 51129 4369 46747 75216 82442 89959 23614 6603 109313 73334 40975 53603 49808 105458 1467 63556 112650 39892 72331 110507 9130 20293 29668 74242 25154 35330 74260 70968 89658 52393 56518 41624 46926 46640 108956 88866 76639 23644 54220 69888 90509 107507 54284 22612 74710 31056 108361 97668 100750 46961 5447 87046 73030 112188 50058 73807 71765 15919 42591 59972 2653 76615 94153 82481 57590 66428 81673 2991 62396 58937 111430 84125 26227 110958 94914 95672 99763 16942 17338 85525 5106 59851 35390 47720 19201 83382 72550 52503 106289 57965 112601 108125 98973 60657 66519 19164 11858 50256 62179 8262 29695 90701 11458 17666 83784 5608 19754 83125 94859 68786 52448 32197 96678 103269 13399 6715 110867 62233 101208 60327 107881 42965 48912 45313 9704 31659 70253 57071 92496 41267 63561 96277 78113 71078 34391 31388 58491 852 56554 23327 11222 43456 43077 87634 1535 32180 14627 23727 46012 54492 76383 8937 107527 24206 7714 70892 21402 65777 61994 91444 22260 22933 89123 46409 54400 98945 41220 71620 101807 7211 68309 89852 66297 21622 38893 49261 40729 24956 35341 17669 76866 104586 28820 56315 14585 9931 70016 16797 112064 78921 5578 83446 92194 100623 22089 73857 25028 33467 12545 72974 42423 60 67207 36174 92958 25379 53210 93600 42474 105207 10431 39823 52853 16954 32941 56938 102356 104720 59929 21354 7492 76069 86850 78318 39514 25461 109003 64346 14410 30683 85395 98994 66534 17767 95674 90313 12472 35662 112048 88889 108775 85792 77934 102644 35906 18694 107051 51186 55331 48097 77119 92407 
432
6603 41363 18398 14085 85652 26720 85957 37770 71765 75216 23614 43761 40223 111834 66453 53603 63556 57752 56518 39892 17753 17338 89959 20139 51129 14723 31302 1467 59461 109313 37215 76639 73334 72331 103861 104809 49808 74260 103103 20293 57310 26633 68174 94153 9130 67689 2653 40975 112107 56955 25154 69888 88994 30268 97460 110507 18838 73030 111430 66428 52288 36062 50058 1997 4369 72820 35330 8566 77826 70968 97668 11917 52393 20280 24444 84125 83954 88866 95672 54220 85525 74710 83382 23382 59824 105458 46640 23644 99756 9465 112188 94914 52503 99827 74242 54079 15919 42591 20697 99763 44417 22612 5447 112601 54059 76615 50256 98314 23215 1891 5608 60657 29668 58463 100750 16805 438 103269 16942 15021 19164 29261 11858 10733 90509 46961 56945 47720 108956 85445 73807 74509 26227 37927 9672 85653 14627 95898 16301 29695 17666 57590 72550 60439 107187 57267 94859 11458 62396 106289 90701 53976 11013 51573 83125 32197 3228 96678 9704 74809 30937 110958 89838 88875 32180 57965 59778 21677 4201 52448 21622 49261 50727 13023 81327 112083 87046 89658 98062 81963 58937 5106 24671 19754 68786 56315 36555 2024 110884 94142 27292 14317 70253 98973 262 107507 34636 101208 59851 96157 56938 48912 43456 110867 38893 92530 46926 42599 12137 43077 65120 35390 6715 54284 96277 100947 15183 83784 17669 42965 108125 6647 22089 852 13399 91444 58491 90488 45313 54492 98286 105480 61673 24537 60327 96330 76383 7700 78331 50738 54400 27786 6340 19201 70892 31659 107881 79173 63561 23727 98945 82801 34635 46012 23268 23327 6063 61994 92496 89852 28820 34296 80524 22933 50401 107527 69858 111330 22113 46271 8937 24206 65777 31245 14803 18974 41220 55148 913 71620 76866 29445 73857 21402 21188 4387 56554 98994 34195 35354 71273 87634 57071 71737 1535 112064 68309 33467 78113 24604 22260 83446 110489 12545 34391 30190 92958 72974 16954 19797 31056 84054 42423 25028 67207 35341 14585 101450 40729 12472 63446 48696 10431 60 65119 25379 110163 91331 90125 42474 109003 21354 28943 86850 23143 72919 49655 100623 13860 59929 31351 81673 30683 88456 17767 76069 48097 89123 101283 102356 7492 90313 22599 104586 32941 45685 108571 3630 108361 55008 95828 109795 44298 17321 82481 106025 40152 30189 85395 88889 71078 46409 5578 1811 93600 96398 66519 108775 7211 83353 105207 78318 39514 78921 11222 101807 108002 77934 43222 9137 66534 35906 79422 92194 77119 85792 72140 39823 62233 89536 41267 14410 52625 19285 74556 24956 107051 52853 66297 53921 51186 55331 25461 7714 36174 104720 88985 81309 107048 75769 62374 70016 92407 16797 9931 112567 64346 36452 95674 112048 20457 35662 
297
6603 56518 53603 26720 39892 40064 23614 17338 18398 17753 37215 73334 1467 75216 66453 37770 97231 63556 57267 29668 81416 90509 89959 20293 46961 85957 74260 51129 36062 30268 89658 71765 76639 52393 85525 109313 83382 74710 22569 49808 56955 87046 52503 58937 10553 100750 40975 105458 110507 66428 110517 57752 95672 35330 5106 4369 94153 2653 94859 16 66711 112601 88866 74242 111430 57502 9130 94914 25154 96082 59851 23644 69888 83803 22612 5608 35390 42591 73030 50058 56315 11858 99763 76615 84125 5447 6715 50256 44500 47720 16942 19164 29695 11458 83784 17666 83125 72331 110958 101208 96678 107456 57965 73807 97668 26227 45313 108956 60327 57071 52448 46640 48912 108125 92496 57590 24206 62396 31056 9704 58491 76383 98973 72550 19899 78113 112188 70968 60999 103269 13399 30343 106984 46926 65777 60657 66588 15919 14627 19201 110867 106289 90701 107752 42965 40875 54400 34391 28820 108361 41220 23727 14585 19754 68786 96277 852 32403 70253 76866 78921 46012 54220 56938 112064 31659 43456 33467 60 98945 43077 107507 25379 107881 83460 80384 54284 54492 49213 42423 70892 91444 35499 61994 22260 66519 62233 109003 16624 84708 63561 107527 32180 56554 91621 82481 89852 32197 22933 69990 30683 100623 38893 59929 23327 33707 85395 8937 21402 68309 71620 92958 87634 17767 17669 90313 1535 11386 35341 83446 21622 64607 42474 6489 88889 98994 40729 41267 12545 25028 93863 72974 86263 104586 67207 102356 16954 71078 49261 7492 108775 76069 22089 50715 46409 54918 21354 73857 10431 44803 101807 85792 86850 89123 39514 58167 35906 7714 32941 14410 93600 25461 5578 105207 77119 78318 24956 7211 9931 52853 85160 107051 48097 39823 77934 55331 81673 35662 2352 12472 66297 51186 70016 92194 31238 92407 33547 104720 46682 36174 66534 79872 95674 64346 112048 16797 11222 
5
367
13553 39114 33436 50959 45583 45039 1335 40882 27442 35577 48287 24224 28375 11267 41659 24156 7797 10299 31070 37806 46063 36152 21177 18274 26771 32123 49362 31498 2645 32918 31370 10065 14331 50697 29361 4089 9242 50214 13473 49064 43794 32217 8658 45265 5749 47827 31348 45006 30198 19840 25147 43624 32244 42852 28780 16556 28419 21947 43872 5821 26796 52150 42349 23695 40050 39354 31474 48668 20529 27059 26446 5164 17113 11176 37781 27077 6007 10885 43418 15123 12519 6640 39127 24859 43553 12199 6274 35512 38866 2338 4883 47479 5861 41216 17806 45537 42044 30665 15834 48986 48832 45166 33628 51905 1960 41770 7391 23852 41891 7618 2086 41355 19853 23927 15458 31387 41997 43794 16882 21673 37165 27565 49943 28347 42589 43904 49024 26407 14372 24903 6887 41183 13977 31195 33916 34243 32244 44377 46334 39307 31728 18249 9431 11418 48368 50708 48145 21883 9149 36829 33123 26898 51804 21906 831 34076 30662 35975 48433 51392 41295 29993 5923 41341 844 46998 7407 16102 36677 50173 27361 3094 8893 50061 28701 30389 20695 40910 20062 49862 49149 47301 47886 37309 40791 39552 3430 15662 49532 9207 17594 8399 39232 28010 21650 4677 21520 22363 44787 31581 12464 49713 24325 27995 41627 23432 3019 27489 10520 50848 51924 27732 27948 18090 26560 47080 8334 1527 19101 50249 1283 16646 16396 35434 4366 19583 29032 507 13063 25211 42324 22860 10640 9890 8469 18190 377 51996 9846 13311 46615 43020 50387 1610 40127 34463 42407 11790 50206 48518 33007 15732 43047 32799 3320 13947 49468 523 42329 42537 20891 25344 35522 913 16474 29689 30494 25937 52100 3660 42052 6691 7755 14245 49636 50984 31822 42579 18510 1139 27301 39815 38406 46724 16807 15346 45675 42032 16184 241 19508 9679 6160 35030 41290 36887 27342 1116 18645 13009 29926 34965 535 40764 30591 45192 19405 42042 41801 21448 46428 35086 9506 52096 14540 35386 17220 19309 29754 3379 4950 10697 30026 39367 3930 6964 22106 24097 26256 21976 14628 26910 16626 42836 42245 742 20873 12902 23705 31164 50600 5034 12057 47600 17272 2811 29126 41084 45441 51703 19593 35553 38180 27469 46682 39153 18999 32669 41083 48953 37825 12169 31445 19384 33287 18745 26857 
371
32123 28375 45039 16102 50959 1335 6640 20529 13553 49362 39114 45583 26771 15503 5164 14331 48668 24224 11267 10299 37806 17113 31498 45265 24156 31348 48287 32244 40050 15123 36152 8658 7797 16556 39354 41659 21177 46063 42349 33436 18274 2645 40127 10065 1960 23695 24859 38866 31370 4089 43047 32918 41355 21947 45166 26898 50697 33123 29361 49943 6274 5749 25147 13473 42852 40882 41891 27650 32217 48433 45537 26446 35512 28419 7391 10885 39307 33628 23927 30198 45006 8893 29993 23432 27059 47827 44377 52150 14372 43418 12199 31387 21673 36677 27077 39127 21883 36829 43553 30665 43794 43872 19840 6887 51804 41183 31474 13063 16882 49862 16646 28780 32244 41216 23852 49024 43624 50214 30662 42329 5821 4366 24903 23366 31070 831 37309 9149 17594 28238 21650 3094 14823 50848 11176 844 47479 26560 5861 9242 20695 48986 17806 8194 37781 27565 49064 2338 43794 15834 7407 9846 37165 12519 49713 7618 20062 15458 46615 4883 48832 28701 48518 42044 26796 31195 2086 35434 11418 9431 50682 42407 4677 51905 27489 42503 47886 27732 11790 41295 50708 19853 26407 19101 46334 50173 25344 33007 43904 18645 46998 41627 51924 28347 31728 33916 8399 29926 41997 51996 42589 47080 34243 18249 34076 3660 3430 27361 15662 16396 1919 27995 1527 10640 50387 52100 1610 21520 24325 50249 51915 5923 16474 42579 31367 17220 42032 35009 7755 30389 50061 47600 18510 25211 31581 507 3019 27301 40791 49149 22363 13947 30591 40864 21906 10520 28010 13977 19583 42324 22860 39815 20891 9890 15732 9679 39552 8334 13009 31822 35522 38406 49532 913 50206 12464 42052 40910 3930 44787 24096 31164 41290 30026 9207 1283 43020 1116 6691 18090 18190 8469 49468 742 14245 16184 21448 25937 29689 42042 523 16807 6160 20079 36363 51703 52096 19405 31977 35553 18745 46428 35030 38180 35086 18887 36887 15346 45192 3379 45675 39367 26857 42537 34965 29032 27948 42245 6964 24097 10697 12902 19384 377 14540 21976 49636 5034 46724 3320 50984 32799 26910 35386 14628 12057 30494 34463 26256 27342 22106 2811 19309 1139 45441 9506 23705 535 241 40764 18999 48953 42836 29754 41084 20873 41083 19508 29126 27469 46682 37825 48953 4950 42872 50600 12169 16626 19593 33287 31445 
391
31498 1335 32217 32123 48668 28375 39114 14376 20485 17113 45583 24224 41659 26771 20529 15123 2407 5164 32611 7053 46063 43794 5749 26862 50959 13553 40050 18274 24156 11267 37806 10299 8658 7797 28780 14331 1960 2645 43624 36152 29361 31348 38866 5821 33436 26796 49362 30198 45006 9431 32244 21177 35512 19840 40882 6238 10065 50708 50214 31370 32918 45039 27059 47479 33805 13473 31070 23927 45265 48986 7391 46459 2086 27077 47827 43553 31474 41891 49064 16882 41216 25147 50697 23359 16556 23695 41997 34811 49713 26407 4883 43794 26446 52150 41627 31728 11176 6887 48287 49024 33916 4089 46334 34243 9242 24325 41355 26898 33628 844 12519 14372 43418 6640 48433 8399 29993 11729 20695 42852 7008 13148 21947 33123 42044 28701 20062 49943 2338 31387 39354 45280 27840 28419 27995 4677 46159 8334 12199 18249 11418 21673 27565 42349 45166 11531 13977 24859 44377 1915 19101 5861 27361 49532 1610 16474 7618 10885 48832 51905 41295 36677 3094 27489 21520 28347 49149 21883 42589 15108 41183 30389 7755 9207 6274 18510 17806 31195 12464 39127 16102 18090 21906 27948 39307 507 46998 21650 23432 27301 20891 8893 30665 15458 50848 43872 23852 37781 28420 45537 32373 13063 36829 21331 9149 46658 43904 40791 24903 51804 9679 831 40910 15834 47886 50387 34076 49862 39552 3320 37309 9701 35522 32244 27732 3019 52100 15662 44787 18190 42052 17594 30662 14511 40127 50173 32799 10520 16396 43047 38858 35434 13009 51996 42324 10640 1283 19583 16646 15732 46428 51924 49468 4366 25211 19405 50249 37165 26560 13947 1527 29032 11790 36960 42537 377 34463 39815 33007 49636 1945 42329 5923 50061 29689 3660 913 8593 19309 35086 22860 1139 50984 29926 42042 14245 26256 18645 6691 19508 27342 29754 10697 48518 535 28192 1253 39367 9890 8469 6964 22363 9846 46615 19853 26910 34965 42990 18745 21448 24097 17220 21976 523 20873 42836 40880 30494 45675 4950 7407 241 22106 39940 6160 16626 30026 36887 42032 42407 45192 40764 31822 47080 3930 38406 27469 50600 41290 31581 16184 3430 5034 14540 29126 25937 30591 35553 742 19593 35386 16807 28010 15346 7064 18999 41084 12902 2811 9506 14628 31164 51703 43020 25344 42579 37825 41083 51783 47600 3379 50206 1116 12169 12057 19384 35030 31445 46682 23705 33287 44103 48953 52096 45441 42245 26857 24015 38180 5665 46724 
391
37806 18274 28375 49362 40294 43794 40050 40882 32123 45583 39114 1335 45039 6640 26059 16102 21177 31498 17352 7391 26771 13553 16882 41659 40127 43418 31370 33436 3709 49713 48668 45166 17113 31387 23927 41627 46063 1960 47080 20529 31070 50214 5749 41891 30096 8658 24156 30198 50697 44377 50959 28780 953 43794 30346 11267 10299 25147 13316 41997 48287 43624 4089 32217 24224 5821 2645 43047 7797 21883 32918 5598 26796 11176 41640 48832 23695 45265 19840 21947 10065 5164 49064 31474 14331 26446 33628 47479 42852 31348 21650 18259 36152 12519 42349 41355 49943 26898 9242 32244 29361 16556 33123 39354 8893 30747 48986 25937 27565 21673 28419 2086 51905 4883 45006 42044 9149 15123 2338 34243 27059 13473 27077 50848 5202 4563 33916 19853 16646 38866 47827 24859 9431 41216 16807 26560 6274 14372 18249 43872 10885 16396 27361 39307 50708 36829 30389 14719 41183 37781 26407 40791 4366 10640 51804 21520 11418 39127 7618 28347 15834 39552 36677 46334 30665 1527 31728 49149 52150 49862 37165 13947 41295 3430 35512 44787 45537 42329 23852 39815 48433 49532 28701 29993 9207 3094 42589 19347 32244 13737 32418 23432 37309 31195 8399 29926 21576 507 12464 12199 27948 27995 43553 49024 50476 13063 38406 6887 20891 25344 3019 18090 28010 10520 27489 49636 51996 24903 12030 16467 50977 844 20695 5861 18190 24325 27732 3660 20062 21906 14245 42324 17806 15458 47886 4677 46998 50387 35522 52100 15732 26256 49468 41290 29689 15662 8334 32799 19101 42579 43904 40910 44530 42836 42032 17594 35434 25211 831 30662 24838 34076 27342 22123 1219 913 33827 34965 42052 535 3320 7407 24097 1973 1610 5923 40764 50173 51924 50061 9846 11790 17220 5034 31581 16184 4254 16474 742 48518 50249 30026 42042 1283 1139 7755 46428 22363 42537 22007 39367 45675 13299 13977 50984 22860 41083 15346 6964 8469 18510 46615 27301 523 31822 33007 26910 44244 1116 6160 12902 35553 30494 241 9679 43020 6691 19583 50206 42407 2811 52096 21448 29993 3379 17483 18645 4950 30591 12169 36887 3010 13009 26857 3930 9890 9506 16626 29032 19405 31164 21976 3503 14628 45192 46724 18745 377 27469 34463 12057 33287 38180 19508 51703 14540 35086 35386 11744 41084 47600 10697 18230 45441 42245 31445 18999 22106 37825 35030 19309 50600 46682 29754 20873 48953 29126 19384 19593 23705 9751 
391
43794 33436 18274 24224 43461 43418 2645 31498 28375 45039 15123 1335 8658 6640 36152 31070 32123 27816 37806 40050 13553 45166 23695 41659 50959 21177 20529 31370 26898 30198 19840 23927 49362 46063 32918 26771 25147 14331 13473 45006 11267 42498 5749 44377 29361 27059 21180 48287 47827 45583 31387 32217 39114 21673 13589 50214 10299 21883 34091 7797 27565 29220 10065 9242 41997 6970 42852 49064 28419 4883 31348 32580 45265 48668 43624 34243 24156 36719 9149 16372 30389 18316 42349 22833 5164 33916 40791 28780 10885 26652 5821 47479 26560 50697 21650 26796 17113 26446 52150 2338 41355 7618 11176 16102 39127 49943 18249 48986 40882 39552 28347 27361 9431 1960 12199 31474 32244 40127 35512 48433 21520 6887 41183 50708 33123 41891 12519 27077 7391 5861 13433 43794 33628 16556 4089 30665 24325 50848 16396 42044 2086 41105 39354 23852 48832 46334 43553 21947 24859 8893 1527 16882 26407 30763 6274 45537 31728 10640 38866 17806 507 31195 15458 49713 20891 8399 43872 41216 29993 24903 44787 49024 13947 49149 16646 831 50173 14372 49349 43904 52007 49532 23432 4366 51924 27995 12464 39307 37781 35522 39815 36677 844 20695 36829 3019 47886 38406 51804 42052 8334 9207 32244 20062 7941 30662 15662 49862 7407 13977 18090 11418 28701 10520 25211 51905 27948 913 42042 1283 34076 15834 4677 19101 13063 44949 25344 37309 3094 42537 6691 18190 5923 1610 16650 16474 42589 43047 20258 32799 50061 7755 41627 27342 41295 47080 18510 42579 25937 17594 50249 21906 46428 16807 49636 21448 22860 19853 50984 9846 25716 51996 16252 41290 35434 46998 8469 9890 31581 1116 27489 42324 742 15346 46615 523 42329 40910 27301 15732 14245 9679 9506 30494 19583 41452 12902 49468 3320 22363 27732 29032 35634 6964 41632 50387 29926 1139 377 11790 33007 6160 15318 35765 37165 34463 50206 29689 13009 19309 36887 31822 29754 19508 45675 15139 48518 42407 26170 13309 241 15216 18745 3930 73 19405 21976 27428 14628 3430 17220 52100 535 28010 43020 27469 45192 4615 3379 35086 34965 14540 35386 46682 24153 42032 41083 16184 24097 5034 18645 40764 4950 37202 31164 3660 47600 35030 10697 26256 20873 51703 30026 35553 2811 41084 18999 26857 12169 37825 45441 19384 52096 48953 39367 16626 30591 42836 33287 31445 23705 26910 22106 42245 38180 29126 19593 12057 46724 50600 6626 
7
80
5690 3704 6477 6265 5779 4575 8895 7803 3369 4216 6360 3458 2174 3609 359 8935 6797 1807 5830 3272 7109 6045 2414 7830 8218 7286 3896 956 8939 5617 1864 2994 580 6460 1100 7519 3730 9351 20 2284 1334 9163 482 6556 5342 5796 7461 7963 143 7512 7643 1536 3790 2560 4761 3224 4125 4741 7387 2388 4394 2050 8323 1802 6468 3360 6627 4774 1244 88 9149 4680 6114 2186 1305 3581 6008 6847 1164 97 
80
3704 2284 1807 6797 3730 8939 8935 1334 3224 7387 6360 8895 9351 6477 8388 143 5796 956 3272 4575 9044 8889 3369 3458 7803 5779 1100 5690 2414 1515 3896 2174 9163 7461 6045 7643 4761 7519 7830 3609 5618 4125 2388 3373 5342 8323 7286 1802 4680 6627 8218 7109 5457 20 4639 7963 6460 6468 7512 5830 1864 88 6008 1244 3581 2050 4774 1536 9149 482 6847 4216 4394 1164 3790 1305 6114 5617 97 2186 
80
3369 7109 3272 3609 4418 1100 1807 6460 5779 8935 6360 8895 5690 6797 3730 5796 7643 6468 3458 4125 2426 3704 8939 6200 956 8323 9351 9163 5830 7519 2284 4575 4216 3224 6477 7803 2050 1802 7830 3581 2174 4680 3790 1334 8218 2388 3896 6627 48 1305 6008 2865 97 7387 5617 20 143 2414 5342 7461 1536 7963 6045 4394 7286 1244 7489 2186 88 1130 6114 1164 9149 7507 1864 7512 4761 6847 482 4774 
80
1807 2174 6477 7109 5779 1196 8935 7830 3704 8218 6797 972 8895 7803 9351 2414 7286 3896 20 2284 3272 3609 8939 4216 5690 4125 1334 6045 3730 143 5342 7387 3369 3458 6460 956 6239 1244 5796 88 7820 1802 9163 5617 6360 4575 5830 3790 6627 4589 2050 1864 7517 7643 4761 3224 1100 3581 8323 97 9285 7461 7963 7519 6794 2186 9149 6114 7512 6847 4680 4774 4394 6468 1164 1536 2388 1305 6008 482 
80
3272 8895 3609 8939 6360 3369 1807 9163 1100 2174 5323 7519 2284 956 3790 7803 7109 5550 97 4125 6797 3730 3458 6460 3896 7461 5830 3704 8935 5779 3224 8218 9351 5690 7643 4216 5617 5796 4394 1334 1113 2414 2388 6045 7387 4575 1244 8323 4680 4774 1468 6847 1802 143 2186 1164 6008 4761 7286 6849 7512 88 20 6468 6627 6477 6114 5308 7830 9149 1305 5342 1864 482 2050 7963 2510 1536 4296 3581 
80
7803 8939 6797 5779 3272 3896 2174 6360 8218 8895 5617 1807 3730 4216 7109 3369 3609 5690 8935 1100 6045 3458 6323 2284 9351 143 20 5796 956 3704 1244 4125 4394 6460 4575 1334 6477 2414 7387 5830 2050 3224 6847 3790 4761 6540 976 7519 4902 2388 97 7286 7643 6468 6008 1864 1305 2186 7830 4736 3401 1536 8323 1406 88 5342 6627 1164 9163 4680 6114 7963 482 7461 1802 9149 4774 3581 5984 7512 
80
8895 7109 7803 9351 2174 3369 2414 5690 3272 3609 143 6045 5779 8939 8218 4216 1244 6477 8935 1100 1334 7387 7286 2284 3704 7519 8987 3896 20 6360 3458 1807 7830 4125 4394 8151 6797 1536 5214 4575 6460 3730 6468 9163 5204 7643 5830 956 3224 1802 8323 6627 6128 2388 1164 3790 6847 97 5617 3581 1864 4774 6114 88 4680 7461 7618 5796 2186 8263 5342 9149 1305 7963 3774 7512 4761 482 2050 6008 
3
256
11282 3463 11958 14496 4976 11171 23167 11540 7130 14540 11217 15610 14426 7286 12824 7371 3961 2019 7085 4380 7330 22062 14180 23394 976 17406 16124 13910 22498 14434 13613 16704 23510 22985 23842 8590 7703 9057 8461 3349 8905 7481 16515 15970 13598 13087 13960 15777 3824 9627 16488 8715 11432 3646 22408 3101 8788 14281 780 1037 18193 15676 17169 8878 13879 8366 7595 1549 12418 2043 10163 2792 8985 5140 16070 18032 11256 17518 1251 365 13219 10511 14490 18686 4965 8566 5516 10132 22932 15539 24305 9755 5497 721 18913 11443 21558 14890 7985 8443 12124 13384 22417 23739 18924 10596 18424 9134 13797 14485 3258 11771 20376 9295 5307 11508 17857 12073 8801 23564 11091 2626 3322 12324 5894 18112 18604 21102 1802 12560 8900 7295 2959 3648 6898 21393 24483 6487 16678 15276 10266 22614 21176 93 3835 22104 4091 6766 22611 22719 1158 2873 22132 629 22319 13194 6867 10978 4066 19383 14525 22846 9290 7109 7286 12956 1841 23780 6797 16815 8596 14453 21233 21320 19617 17301 2817 8770 15349 17852 6537 15558 17114 15789 17568 22161 14650 7817 19597 6576 19608 12112 22569 23780 9398 16342 18838 23801 20653 3855 8127 12528 17801 22533 23097 14471 17352 8296 1699 17259 5455 4459 18854 11487 7007 13477 15367 10758 7372 21164 8562 10738 21314 11615 2236 11284 15114 2082 7185 21046 24425 20617 5860 5771 17575 21587 6390 20679 17038 10525 24378 17562 14062 20647 12269 22567 294 23087 20847 6659 14259 23194 2587 10003 20416 15179 
296
22402 11540 2019 8294 11958 12824 12132 14426 11432 973 9057 106 7286 14496 7056 3463 12418 14434 15777 15610 2043 11282 23167 7130 13613 17518 16124 11171 8683 8715 365 14180 7085 21052 13910 23842 11508 22498 17412 3961 18924 23394 10596 13879 8878 2908 4976 1549 2011 8590 15970 4380 7250 8461 7371 976 22417 7330 20695 14281 7703 16070 22408 18193 13598 7481 24305 2496 18032 22932 9134 1037 22253 16765 13960 8566 8905 10163 18913 24100 22062 3101 23739 3824 23510 22095 5516 1251 18686 1593 2959 6556 8443 2712 8592 10352 14540 3855 9627 17857 6898 11217 11549 17406 8985 6867 7827 1802 11256 18112 13364 21393 8093 3349 10266 22104 8788 93 22985 17585 721 11615 6766 2082 6071 10854 10978 5140 15276 4965 14485 7286 16704 15676 16815 3416 10511 4066 15558 10541 21558 9755 13797 16183 13087 21545 23564 7985 23780 12560 16488 11771 12124 17114 15077 14890 3322 6487 11091 1841 7295 24483 12073 14490 3177 2792 20376 14525 19383 11969 22611 15349 23194 2873 8537 8296 13194 19608 24388 9290 12324 8801 22614 22569 7109 18424 9192 19617 17080 17454 16678 4459 1158 8900 3258 5320 12363 22161 6797 6431 14650 23780 8127 4091 17568 17301 16874 21176 15789 7301 8770 21046 22846 21320 3646 9398 18854 5860 4532 21102 9295 6576 23801 10758 19597 20679 311 17038 11487 12112 12528 17352 5307 8490 16342 6591 22533 2817 14062 22719 6869 7007 14471 16548 10738 19780 17259 23097 17169 24425 12956 23087 23959 5455 1699 15367 14962 21587 629 2236 7372 3835 20617 17562 7817 15179 6779 7185 14259 24378 21314 20416 22205 20847 6659 22319 20653 19289 13477 6390 20268 17801 10156 2587 12269 21164 15114 10525 20647 11284 8562 5721 5771 16181 13811 17575 
280
13910 23167 20402 4976 976 4380 11039 6829 12376 14426 11432 18924 7085 7286 1037 18686 8590 7330 14496 15777 12429 3392 14180 11171 14281 7130 22916 9057 13810 14540 16704 22062 10596 13613 8985 6274 11974 6197 8788 13128 3463 3349 17518 12824 11282 16124 8905 18112 15676 21393 2019 11217 19930 23842 3443 8878 22498 21102 17406 7371 13879 11540 15610 3824 15970 6487 23510 10511 13598 1549 24305 7703 3961 8443 13692 22985 23185 9627 17857 5516 1802 2959 4079 18032 14490 11958 2792 1251 12418 4965 13960 16070 12560 14890 12288 9134 2815 14434 23394 15987 22938 9755 20376 721 22417 93 4379 22611 8461 3258 13194 7286 22104 9624 2043 22846 8801 16815 23088 10163 8715 12073 22932 11256 18193 365 14485 19608 12124 23 9295 8649 7109 8770 3646 10266 15558 18913 250 22614 12324 5771 6766 629 1158 11487 12460 8900 22408 5307 14525 23780 21176 7007 4091 11845 23564 23545 23739 6867 17301 23780 18424 16654 14002 13797 3101 10758 9000 16678 8127 7900 7481 11508 6576 5140 17568 8296 16069 8566 23801 10978 16342 3855 11771 21558 17169 4066 11091 13087 7295 15789 22533 11780 3835 23097 1841 7985 16488 6898 13998 17801 3322 15276 15349 14471 2817 7817 4459 11615 24483 22719 19617 2873 15367 13477 12956 439 23194 9290 17038 21046 19383 10738 14650 18854 24425 23087 17114 21587 3572 24378 12112 20416 17352 22569 22161 17562 6390 5455 21164 19597 14259 11284 14062 12528 7185 12269 9398 2082 22319 17259 1699 15114 19992 17575 2236 6260 20679 15179 6797 7372 20847 6659 4746 5860 20653 23128 20647 21600 18509 21320 8562 13146 20617 12199 21314 10525 2587 7036 
9
50
10957 9529 5173 2294 7209 8301 15235 3356 12620 6486 13821 2061 14674 336 13386 11228 13357 13427 3893 4164 2435 955 9424 10996 12935 12949 8027 8420 12368 5434 5131 8494 2270 1623 11129 14477 8683 4295 6216 12016 6582 9771 4034 5593 15227 5748 11417 8514 1101 14415 
41
9529 9016 2294 5173 12620 7209 4718 8858 2270 8301 5336 5634 13357 1623 15235 15348 13427 14477 3698 12668 6480 9424 12949 14674 390 6216 10996 15227 6582 12182 1301 2150 2525 1731 14086 11417 4034 8514 5826 5593 1066 
35
10832 703 6553 2294 9529 8301 7814 15235 3160 12644 13357 5173 7209 9360 9424 13427 14674 12620 2270 5418 13528 10996 1623 11442 14477 14855 12949 4034 6216 8514 2607 6582 15227 5593 11417 
41
6825 9529 9309 5173 15416 8371 2294 15235 12620 8301 7209 6835 2270 13427 1933 14674 12949 13357 6088 9840 6426 4531 10996 4034 6110 8514 1623 97 5593 5569 14477 8037 6216 15227 8872 6290 5991 11417 9424 6582 3018 
35
15329 6279 2294 8301 3361 7209 13357 6544 13427 9424 15235 9529 15062 12949 5240 5173 14674 12620 4224 2270 9648 10996 7283 1623 3392 14477 6216 6582 5593 15227 9639 4034 6817 11417 8514 
35
368 13443 2294 7026 7209 13427 9529 12949 6274 8301 4034 8514 5173 12620 13357 4530 4618 4195 2363 2270 1623 9424 14477 6216 15227 1173 12897 15235 14674 4829 11417 6582 10996 10284 5593 
35
2294 13713 7209 5260 9529 5173 8301 6205 12620 13357 2270 9424 14390 1623 14477 13427 15235 6934 6582 929 14674 4734 12949 6483 6216 10996 9838 13203 5593 4034 15227 8514 11417 716 5928 
41
9529 12290 8301 7565 12188 5173 14880 2294 15235 12620 7209 12877 8340 3989 13427 2270 14724 9968 1623 14674 269 13357 10996 12949 14477 14939 15341 685 4034 2675 5593 6216 9424 15227 5436 11417 8514 4639 6582 14933 10419 
31
11949 9529 5173 15235 4825 2294 8301 1117 12620 13357 7209 13427 14674 8583 15460 2270 9424 1623 14477 6427 10996 6582 6216 12949 4034 4953 4194 5593 8514 15227 11417 
