90
5
1000000000000000000 1 1000000000000000000 1 1000000000000000000
6
1000000000000000000 1 1000000000000000000 1 1000000000000000000 1
1
1000000000000000000
3
1000000000000000000 1 1000000000000000000
3
1000000000000000000 2 1000000000000000000
5
1 495993599762502686 657961049787283370 403887206228128928 852938075695254392
7
222449568696277558 100537005168635106 797545683980022314 541835452726930846 731691761687549650 5095725870574458 693441963379938866
1
953551274815920074
7
887691393615255698 964613586486203414 471403843276572826 502799209303996714 269419385268207617 313725215337622466 594073385365405697
2
919607020204851201 647355285502393634
6
1 956962278449456034 33677781229486562 1 1 1
2
8661512700559361 1
10
706628369417861938 1 390024558680473601 690525398039265281 1 59112722390927706 1 365095688877194832 1 535450262364487681
6
450418658916958209 642466312642607362 1 229400863224568922 23737958592328674 723452803873796906
3
35278727730692097 967935395849306113 31598907950104577
5
41675093682559432 886267954385387521 780607859733037057 404135016321978506 253360630068240098
6
579587064285102081 947103404634144769 592396688215300930 403730582352651622 843588183526789458 593358984009471490
1
592699474140174296
7
873853311469974692 468752150338790812 796556438772908033 539172949473799722 46354363741634561 679237422403214538 680420738994274305
1
1
7
781842271493947393 178193854037229569 1 599958205505965034 1 348112257101856769 302885847250763777
1
588834730828365825
1
927942405962072065
2
611869469102226856 243196997164597249
2
1 919597081706220378
7
620266192707518465 502470434552583410 1 1 507127944482100260 18073094689390593 306986461617592930
4
440495256233841306 447688877809598465 455378767590242114 15400305814142977
5
1 334476054329836274 566278901158412282 207454277181112321 604037558571523080
1
1
2
834068638400670338 458764513820540929
3
693348225318125569 272288735632818177 1
2
1 841797384768403978
1
471156680693777186
4
254696443073951124 153867534977755522 1 1
7
1 538916098251579298 644975747100376156 1 676197953783728740 1 450458243481731073
8
102356325328268138 744120305034461185 676887426991915009 872154191073223842 960264839251295618 544308336554409985 559764365926487522 788470270738046178
7
1 1 366709562185603884 400002039769407586 851808036835417074 614937348550665370 187308557049551378
10
1 792812110768774266 814169106766783730 940020295167630826 1 878117521590036056 392582173123210106 414538986187304776 1 555738478167264916
10
186592139687813122 54453201492824970 1 30288891044104362 745115485116401154 709693490120122354 541362023838967990 1 980866606210931586 411570855413559826
10
1 958406262926011682 232523126601154561 31016498942682242 961807464958962562 1 649932377267372033 36686857709587458 937924091290474122 1
7
17137603256866468 889252993162018817 974467378391010146 772463005069934082 1 165687985610854770 300821760524129362
1
1
10
439941349842878465 342136751750023960 2610885664013730 790287466058043458 93197142820000576 689357208246411402 1 577066017761263617 708888100389519361 824774868872703298
2
1 1
2
45741366028779522 1
7
321634611328974849 961359140823019802 988813772066702722 906284370317024148 358074939987527490 466753475431970818 1
10
995851618538318706 117761457460974988 1 480724383234936290 583502742876201768 1 178840408007639041 331115358644076545 1 686350766639677441
2
54357149377626113 46993261886937786
2
480480449307023778 1
5
301411649946636028 781724223121683322 298632381364959822 1 1
5
712323131647197185 533394912041238529 885881967734418808 329143386977798778 948094056693968374
9
927200953484723106 145614338381071674 250390447381097184 729784022357770241 645856219056335108 1 344836756857684218 885510946576138241 1
6
873290973306566034 607163528311534578 257589034268201234 1 343961506547499009 779804491692960426
9
361143258743570433 422587063684104626 976805643133386753 1 441185891112880850 939233715077513217 917133037558746500 672924975484495870 103406478891941889
7
323112573008084993 115658217096666896 1 120937064687662754 1 1 231581294527452094
1
23747864665522177
6
415932057932880418 551723163673092300 1 415879531328176129 136985098661134337 1
2
454972803545557226 206004192315703297
2
1 441955411653558273
4
405459092827678060 892795131668705290 42293714273221312 867444790407725057
6
487622440333742978 363739943771570177 278083846266336918 1 713417541568883138 1
2
279252458672263266 1
3
1 95457203978932384 947580082004645102
2
261811426558738433 1
2
916651096846630913 406723207008616449
7
254215640943427585 889289047101407233 531305231435193264 882611157350165936 1 103406478891941889 2328278888963380
10
562315185265622432 1 214558819163314654 394133943042388588 863520941035133612 53170499307175937 904630656735641601 792545722818887681 727213108202790064 23253053046521857
5
916457178696866690 542446067882093122 826178061091473694 501178565539135489 1
4
492945841502868738 95714215801520812 4967005636751442 175254051026913246
10
146828855845219950 276737436192058554 1 1 849344921043894490 1 298865407184665068 44369417349365761 150739231835942112 409222646736637010
10
1 94777664990154114 509468844996783202 792376147793856114 588101525659374530 1 342321709534076582 1 253526947376932738 471766052063065634
7
1 492966024506218618 1 190941875350949048 907174728111844586 1 1
1
525944793012859258
7
917961233340258066 203986260764668988 1 944280577355284481 594073385365405697 290844468847050753 872036890974355457
6
731001631232328508 419533934414673186 417215997341499572 1 1 357453699477301530
8
727025704483335112 782220156096217089 1 183508147078430721 976637674987177952 256976137616915410 353245692373237761 262892638385343000
7
1 904462733178012676 873816287116429186 421163571670343504 900771683133030401 246360274906686732 836406700165272994
2
269419385268207617 406887122454183937
2
464021063903518930 854277750134145025
7
1 1472023516761234 915279416135954192 1 826067335320974282 621697631300878337 454672459446091777
7
711834508260720642 217779843903782913 820251604843727154 52638759539285874 219411722407704816 958139456080314369 140724242360100282
2
76138483217629778 495532910981414913
1
325626681010946049
7
1 726500733451501569 147925258678136066 106229306170802177 1 1 1
2
169970540043874242 949740161209729025
5
899038228086122850 1 1 680600937034131436 1
1
1
2
1 1
10
121615640105387494 861883706188601074 1 875465273136350578 884146690770520418 9139120741511426 1 23833701693029950 1 817117154448209122
2
1 5122043751779106