90
5
4737 6002 2242 737 8817
3
6385 5626 5745
7
1537 626 1 4458 9425 802 2500
6
9304 9002 1 6129 6225 1825
6
7057 4305 8308 3937 2225 162
6
1 9857 3569 6225 7042 1
3
1930 2 3126
6
1 3713 1 5394 5777 3169
7
1922 2858 8369 1 3570 2225 626
10
7322 1969 1 7762 5850 9425 2977 2418 5974 2977
7
3425 1122 6822 5057 7377 5758 9042
2
225 7857
7
432 3250 8482 8710 865 6002 442
7
1 7185 4450 2930 9377 8402 7697
7
3953 1 3777 4145 2337 5626 9105
3
3825 5388 177
9
4833 70 1 7842 7825 5440 170 2817 940
1
8802
2
7777 2753
7
4305 1 9377 7073 7358 1 2002
10
626 1700 9537 6422 6657 8465 7928 9745 1 5274
5
9377 9442 4833 5329 1
2
626 626
10
4210 6710 5260 1690 5633 4177 8577 7810 8482 2850
8
4002 9185 8450 8126 1 9862 5345 1
7
1 9042 1876 7857 5626 5050 9665
2
9505 9617
1
2817
5
626 7802 1 6385 1980
8
1 626 4625 8304 7088 3490 7194 3540
7
5233 6644 9345 4058 5297 7980 3524
5
3212 626 1 1649 50
9
1 6402 225 1505 5665 1 6802 3009 9162
7
177 1444 4580 626 3025 1 6738
7
9345 4376 9050 9377 2625 802 3602
1
626
7
626 1094 5233 626 6497 3377 530
5
4257 3457 9376 1504 2158
6
1217 1 3073 650 1697 1
2
1057 8465
9
6210 8002 3558 7390 9762 626 8097 1 5522
5
1 7130 9377 626 3894
7
9150 7617 1 497 8410 626 1388
5
3282 2977 1985 6278 6802
8
444 1 1873 6769 65 4002 442 7137
2
626 6673
7
9665 5626 1377 1722 6584 4702 193
7
4130 1 4542 8162 4417 1 6625
10
6977 1 1 1480 1 5668 5362 5626 5172 1649
5
1018 1377 5217 2650 6737
5
9824 7882 1052 3126 9376
2
6250 4625
5
5297 2609 7857 9313 1400
1
1
7
5169 7137 1 3642 1 1402 3302
2
2174 5802
9
3126 1842 5626 6002 337 1 508 6769 5377
9
1 8385 5857 4376 2497 2412 1 8977 4017
2
1 4298
6
7582 4562 7713 4162 6657 3617
7
1682 6177 6650 8065 6282 3729 9376
2
1838 9376
2
2097 7934
9
8785 9457 2882 8938 8126 1777 3282 6337 928
2
2362 4817
10
1 8730 3425 977 5360 4998 7057 8977 2097 8817
6
6689 5697 82 2433 593 6113
5
1 5626 2577 1665 1876
7
5457 9376 388 9377 977 6690 4322
2
2033 4689
2
9002 3762
4
1 6577 1 1658
5
2770 6833 9137 8122 9457
7
1 4209 7233 5626 817 3762 7602
7
250 1 6337 9377 4258 3329 6529
7
1 7238 5490 1 2082 8657 1602
1
5185
3
194 4369 4202
5
4705 1 1 9282 8050
10
5626 2625 1329 4534 1 7953 9682 6113 1682 3377
8
7202 1042 8849 7217 9377 9809 1500 7118
4
3377 4376 8145 7313
10
7057 9377 5626 8065 4913 1 1 9202 5500 1
4
1 1377 7617 1
2
449 1297
10
2702 3312 3057 200 7492 449 5105 2225 5362 900
5
6769 3905 1 4993 8497
7
6876 2177 5409 450 1 9233 1265
10
577 4042 9578 5425 2177 4177 4162 4577 1009 8800
6
2177 626 2450 1700 242 1