7
4737 6002 2242 736 1 1 8816
5
6385 5625 1 1 5744
9
1537 626 1 4458 9425 801 1 1 2499
7
9304 9002 1 6128 1 1826 6224
7
7057 4305 8308 3936 1 163 2224
6
1 9857 3569 6224 1 2
5
1930 1 1 1 3125
7
1 3713 1 5393 1 3170 5776
9
1922 2858 8369 1 3570 2224 1 1 625
11
7322 1969 1 7762 5850 9425 2977 2417 1 2978 5973
9
3425 1122 6822 5057 7377 5757 1 1 9041
3
1 7858 224
9
432 3250 8482 8710 865 6001 1 1 441
9
1 7185 4450 2930 9377 8401 1 1 7696
9
3953 1 3777 4145 2337 5625 1 1 9104
5
3825 5387 1 1 176
11
4833 70 1 7842 7825 5440 170 2816 1 1 939
3
1 1 8801
3
1 2754 7776
7
4305 1 9377 7073 7359 1 2001
10
626 1700 9537 6422 6657 8465 7928 9744 1 5275
6
9377 9442 4833 5328 1 1
3
1 627 625
11
4210 6710 5260 1690 5633 4177 8577 7809 1 2851 8481
8
4002 9185 8450 8126 1 9861 1 2
9
1 9042 1876 7857 5626 5049 1 1 9664
3
1 9618 9504
3
1 1 2816
7
626 7802 1 6384 1 1 1979
9
1 626 4625 8304 7088 3489 1 3541 7193
9
5233 6644 9345 4058 5297 7979 1 1 3523
7
3212 626 1 1648 1 1 49
11
1 6402 225 1505 5665 1 6802 3008 1 1 9161
7
177 1444 4580 626 3026 1 6737
9
9345 4376 9050 9377 2625 801 1 1 3601
3
1 1 625
9
626 1094 5233 626 6497 3376 1 1 529
7
4257 3457 9376 1503 1 1 2157
6
1217 1 3073 649 1 2
3
1 8466 1056
9
6210 8002 3558 7390 9762 626 8098 1 5521
7
1 7130 9377 625 1 1 3893
9
9150 7617 1 497 8410 625 1 1 1387
7
3282 2977 1985 6277 1 1 6801
9
444 1 1873 6769 65 4001 1 7138 441
3
1 6674 625
9
9665 5626 1377 1722 6584 4701 1 1 192
7
4130 1 4542 8162 4418 1 6624
11
6977 1 1 1480 1 5668 5362 5625 1 1650 5171
7
1018 1377 5217 2649 1 1 6736
7
9824 7882 1052 3125 1 1 9375
3
1 4626 6249
7
5297 2609 7857 9312 1 1 1399
2
1 1
9
5169 7137 1 3642 1 1401 1 1 3301
3
1 5803 2173
11
3126 1842 5626 6002 337 1 508 6768 1 1 5376
11
1 8385 5857 4376 2497 2412 1 8976 1 1 4016
2
1 4299
7
7582 4562 7713 4161 1 3618 6656
9
1682 6177 6650 8065 6282 3728 1 1 9375
3
1 9377 1837
3
1 7935 2096
11
8785 9457 2882 8938 8126 1777 3282 6336 1 1 927
3
1 4818 2361
11
1 8730 3425 977 5360 4998 7057 8976 1 8818 2096
7
6689 5697 82 2432 1 6114 592
7
1 5626 2577 1664 1 1 1875
9
5457 9376 388 9377 977 6689 1 1 4321
3
1 4690 2032
3
1 3763 9001
4
1 6576 1 1659
7
2770 6833 9137 8121 1 1 9456
9
1 4209 7233 5626 817 3761 1 1 7601
9
250 1 6337 9377 4258 3328 1 1 6528
9
1 7238 5490 1 2082 8656 1 1 1601
3
1 1 5184
5
194 4368 1 1 4201
7
4705 1 1 9281 1 1 8049
11
5626 2625 1329 4534 1 7953 9682 6112 1 3378 1681
9
7202 1042 8849 7217 9377 9808 1 7119 1499
5
3377 4375 1 7314 8144
10
7057 9377 5626 8065 4913 1 1 9201 1 2
4
1 1376 1 2
3
1 1298 448
11
2702 3312 3057 200 7492 449 5105 2224 1 901 5361
7
6769 3905 1 4992 1 1 8496
9
6876 2177 5409 450 1 9232 1 1 1264
11
577 4042 9578 5425 2177 4177 4162 4576 1 8801 1008
6
2177 626 2450 1699 1 2
