5
1000000000000000000 1 1000000000000000001 1 999999999999999999
5
1000000000000000000 1 1000000000000000001 2 999999999999999999
3
1 1 999999999999999999
3
1000000000000000001 1 999999999999999999
5
1000000000000000000 1 1 1 999999999999999999
7
1 495993599762502686 657961049787283370 403887206228128927 1 1 852938075695254391
9
222449568696277558 100537005168635106 797545683980022314 541835452726930846 731691761687549650 5095725870574457 1 1 693441963379938865
3
1 1 953551274815920073
9
887691393615255698 964613586486203414 471403843276572826 502799209303996714 269419385268207617 313725215337622465 1 1 594073385365405696
3
1 647355285502393635 919607020204851200
4
1 956962278449456034 33677781229486563 2
3
1 2 8661512700559360
10
706628369417861938 1 390024558680473601 690525398039265281 1 59112722390927706 1 365095688877194831 1 535450262364487682
7
450418658916958209 642466312642607362 1 229400863224568921 1 723452803873796907 23737958592328673
5
35278727730692097 967935395849306112 1 1 31598907950104576
7
41675093682559432 886267954385387521 780607859733037057 404135016321978505 1 1 253360630068240097
7
579587064285102081 947103404634144769 592396688215300930 403730582352651621 1 593358984009471491 843588183526789457
3
1 1 592699474140174295
9
873853311469974692 468752150338790812 796556438772908033 539172949473799722 46354363741634561 679237422403214537 1 1 680420738994274304
2
1 1
9
781842271493947393 178193854037229569 1 599958205505965034 1 348112257101856768 1 1 302885847250763776
3
1 1 588834730828365824
3
1 1 927942405962072064
3
1 243196997164597250 611869469102226855
2
1 919597081706220379
9
620266192707518465 502470434552583410 1 1 507127944482100260 18073094689390592 1 1 306986461617592929
5
440495256233841306 447688877809598464 1 15400305814142978 455378767590242113
7
1 334476054329836274 566278901158412282 207454277181112320 1 1 604037558571523079
2
1 1
3
1 458764513820540930 834068638400670337
4
693348225318125569 272288735632818176 1 1
2
1 841797384768403979
3
1 1 471156680693777185
4
254696443073951124 153867534977755521 1 2
7
1 538916098251579298 644975747100376156 1 676197953783728741 1 450458243481731072
9
102356325328268138 744120305034461185 676887426991915009 872154191073223842 960264839251295618 544308336554409984 1 788470270738046179 559764365926487521
9
1 1 366709562185603884 400002039769407586 851808036835417074 614937348550665369 1 1 187308557049551377
10
1 792812110768774266 814169106766783730 940020295167630826 1 878117521590036056 392582173123210106 414538986187304775 1 555738478167264917
9
186592139687813122 54453201492824970 1 30288891044104362 745115485116401154 709693490120122354 541362023838967991 411570855413559827 980866606210931585
11
1 958406262926011682 232523126601154561 31016498942682242 961807464958962562 1 649932377267372033 36686857709587457 1 2 937924091290474121
9
17137603256866468 889252993162018817 974467378391010146 772463005069934082 1 165687985610854769 1 1 300821760524129361
2
1 1
11
439941349842878465 342136751750023960 2610885664013730 790287466058043458 93197142820000576 689357208246411402 1 577066017761263616 1 824774868872703299 708888100389519360
2
1 2
3
1 2 45741366028779521
8
321634611328974849 961359140823019802 988813772066702722 906284370317024148 358074939987527490 466753475431970817 1 1
10
995851618538318706 117761457460974988 1 480724383234936290 583502742876201768 1 178840408007639041 331115358644076544 1 686350766639677442
3
1 46993261886937787 54357149377626112
3
1 2 480480449307023777
4
301411649946636028 781724223121683322 298632381364959823 1
7
712323131647197185 533394912041238529 885881967734418808 329143386977798777 1 1 948094056693968373
10
927200953484723106 145614338381071674 250390447381097184 729784022357770241 645856219056335108 1 344836756857684218 885510946576138240 1 1
5
873290973306566034 607163528311534578 257589034268201235 779804491692960427 343961506547499008
11
361143258743570433 422587063684104626 976805643133386753 1 441185891112880850 939233715077513217 917133037558746500 672924975484495869 1 1 103406478891941888
7
323112573008084993 115658217096666896 1 120937064687662754 2 1 231581294527452093
3
1 1 23747864665522176
7
415932057932880418 551723163673092300 1 415879531328176128 1 2 136985098661134336
3
1 206004192315703298 454972803545557225
2
1 441955411653558274
5
405459092827678060 892795131668705289 1 867444790407725058 42293714273221311
5
487622440333742978 363739943771570177 278083846266336919 2 713417541568883137
3
1 2 279252458672263265
5
1 95457203978932383 1 1 947580082004645101
3
1 2 261811426558738432
3
1 406723207008616450 916651096846630912
9
254215640943427585 889289047101407233 531305231435193264 882611157350165936 1 103406478891941888 1 1 2328278888963379
11
562315185265622432 1 214558819163314654 394133943042388588 863520941035133612 53170499307175937 904630656735641601 792545722818887680 1 23253053046521858 727213108202790063
6
916457178696866690 542446067882093122 826178061091473694 501178565539135488 1 1
5
492945841502868738 95714215801520811 1 175254051026913247 4967005636751441
11
146828855845219950 276737436192058554 1 1 849344921043894490 1 298865407184665068 44369417349365760 1 409222646736637011 150739231835942111
9
1 94777664990154114 509468844996783202 792376147793856114 588101525659374530 1 342321709534076583 471766052063065635 253526947376932737
6
1 492966024506218618 1 190941875350949048 907174728111844587 1
3
1 1 525944793012859257
9
917961233340258066 203986260764668988 1 944280577355284481 594073385365405697 290844468847050752 1 1 872036890974355456
4
731001631232328508 419533934414673186 417215997341499573 357453699477301531
9
727025704483335112 782220156096217089 1 183508147078430721 976637674987177952 256976137616915409 1 262892638385343001 353245692373237760
9
1 904462733178012676 873816287116429186 421163571670343504 900771683133030401 246360274906686731 1 1 836406700165272993
3
1 406887122454183938 269419385268207616
3
1 854277750134145026 464021063903518929
9
1 1472023516761234 915279416135954192 1 826067335320974282 621697631300878336 1 1 454672459446091776
9
711834508260720642 217779843903782913 820251604843727154 52638759539285874 219411722407704816 958139456080314368 1 1 140724242360100281
3
1 495532910981414914 76138483217629777
3
1 1 325626681010946048
6
1 726500733451501569 147925258678136066 106229306170802177 2 1
3
1 949740161209729026 169970540043874241
6
899038228086122850 1 1 680600937034131435 1 1
2
1 1
2
1 2
10
121615640105387494 861883706188601074 1 875465273136350578 884146690770520418 9139120741511426 1 23833701693029949 1 817117154448209123
2
1 5122043751779107
