1023
89 63
90 11
77 25
10 64
96 18
10 76
35 64
63 57
72 54
42 6
70 68
11 14
11 52
51 84
100 44
39 19
47 98
51 67
29 8
51 27
87 76
71 38
41 61
15 93
24 61
64 89
35 54
63 29
49 60
36 57
67 70
59 1
56 97
66 18
9 41
11 97
15 32
81 42
55 65
58 47
8 4
24 67
22 64
1 2
41 15
69 15
38 52
12 17
3 11
19 22
100 36
39 25
24 62
83 73
65 46
72 53
23 62
41 64
31 86
49 33
27 11
6 42
84 65
77 88
10 29
42 58
15 77
96 99
53 58
13 15
3 14
95 77
41 13
23 85
50 53
13 17
27 22
60 75
9 27
23 64
12 55
45 10
35 94
5 32
12 79
73 99
79 30
35 3
10 21
62 82
62 79
36 91
92 44
31 21
82 44
35 8
14 1
64 74
53 61
41 22
30 40
36 88
42 29
90 97
13 75
97 56
49 99
81 98
60 26
74 7
95 75
42 63
3 31
25 95
57 37
8 65
100 79
80 50
88 51
44 68
94 30
66 49
46 14
37 33
35 91
6 47
10 23
68 67
99 94
6 49
37 30
72 86
14 71
22 72
80 59
32 50
81 10
92 53
34 96
62 38
66 79
55 15
69 22
35 29
48 94
79 41
65 63
76 29
51 49
73 63
40 34
95 24
42 91
61 14
98 71
84 7
81 96
69 75
100 89
14 29
58 97
50 3
100 88
68 63
19 60
8 28
99 57
71 75
14 64
6 52
38 100
89 94
25 60
69 47
55 58
71 18
9 38
15 7
62 17
50 57
56 24
58 84
43 34
18 67
11 67
8 40
28 74
92 75
7 66
13 50
33 58
28 47
33 98
76 99
5 55
39 29
69 38
68 2
61 94
37 60
98 77
62 92
24 92
6 38
22 84
27 92
73 56
9 5
28 62
46 58
13 92
97 23
100 78
44 82
40 11
58 99
100 36
12 49
78 22
44 70
44 23
35 100
31 91
13 64
3 38
88 89
12 50
35 94
25 25
3 86
46 50
25 18
77 92
38 57
19 16
72 2
48 78
61 95
59 52
11 40
36 37
87 17
29 45
78 6
75 43
54 17
47 53
35 3
8 44
16 30
80 55
96 84
59 3
75 25
20 14
61 83
34 60
58 30
91 84
77 86
93 67
8 77
8 70
49 69
100 90
17 46
90 71
52 67
31 6
12 94
76 4
70 90
91 86
93 73
75 93
14 30
17 46
48 98
35 28
54 91
34 81
62 77
41 53
62 65
56 48
62 89
89 78
84 53
98 44
65 11
34 88
56 61
85 51
72 20
8 49
31 3
9 43
80 7
35 77
42 30
19 93
48 6
100 56
38 73
73 23
94 54
90 13
34 59
99 31
88 36
47 34
83 49
23 75
17 15
76 100
27 21
30 70
34 87
21 58
49 73
78 65
80 20
68 54
47 26
76 15
8 40
11 59
11 40
82 99
80 100
19 83
19 96
67 47
52 43
61 33
16 59
38 76
39 34
34 90
61 78
95 44
53 27
97 37
37 78
78 68
25 41
65 1
36 82
85 1
16 56
42 4
42 70
22 45
50 27
29 53
39 51
76 9
97 7
28 73
35 56
49 56
88 65
1 24
85 32
86 79
68 50
76 78
4 83
1 15
100 85
41 36
84 64
20 64
96 69
8 5
64 21
50 62
32 37
71 3
70 70
42 20
51 60
19 49
10 83
30 83
44 70
13 4
100 47
88 43
21 31
39 60
75 86
18 76
97 13
2 59
26 17
34 30
37 26
29 45
92 31
18 60
8 89
47 74
82 59
68 4
26 88
1 51
43 31
13 48
80 50
80 87
40 91
69 38
60 17
16 88
71 87
32 37
29 74
71 82
97 100
11 12
79 55
31 39
87 11
60 6
5 81
77 27
19 25
60 9
91 96
74 58
8 36
16 38
48 85
1 12
21 16
72 85
63 34
29 77
37 72
94 20
32 83
88 5
17 94
50 67
27 99
51 57
70 54
53 63
10 20
65 4
10 17
49 19
100 9
58 4
61 67
39 10
80 94
86 9
91 20
82 56
99 7
81 86
45 60
73 20
39 25
37 85
70 60
88 13
68 25
52 73
19 11
80 62
57 64
100 55
72 53
65 75
73 86
97 13
63 63
96 28
62 29
73 99
30 46
48 6
43 83
86 27
8 66
76 67
51 69
90 63
59 89
73 87
66 18
23 57
37 75
8 77
77 31
31 97
88 20
81 37
99 23
34 90
6 38
12 21
27 99
32 37
45 9
47 33
81 33
38 49
4 79
42 4
53 15
43 89
94 61
84 16
5 58
87 10
73 35
76 35
27 88
80 41
19 91
82 58
7 65
58 10
33 86
7 39
68 65
59 21
80 2
16 46
46 85
3 54
34 52
10 62
47 58
10 74
71 22
70 57
25 41
60 16
47 20
91 46
41 85
33 38
3 78
16 18
38 91
9 46
22 15
38 96
22 92
95 30
12 15
99 57
19 37
31 62
71 28
23 11
39 75
43 38
86 35
44 73
38 27
99 21
21 29
99 96
92 69
89 3
36 6
72 47
94 92
95 45
98 10
67 87
9 34
45 32
54 81
50 12
63 40
100 74
29 37
43 53
65 52
21 86
18 77
50 99
53 34
14 36
78 31
13 7
49 68
28 8
38 61
48 88
41 17
73 9
74 16
92 64
49 58
58 49
19 37
54 33
87 63
43 6
6 30
53 84
72 39
29 79
81 68
6 99
50 13
34 51
96 92
51 89
58 17
55 26
93 30
11 88
84 91
41 10
47 17
53 47
48 14
88 71
54 33
97 57
34 42
34 17
59 27
31 72
63 64
82 42
83 67
43 58
50 20
99 12
95 6
5 23
50 21
52 26
35 61
45 48
89 98
96 69
64 98
90 92
34 55
44 30
75 99
61 3
46 36
45 29
83 5
94 58
38 78
45 86
70 76
63 67
29 37
13 40
3 81
18 1
34 1
3 70
77 75
47 31
98 75
31 93
11 11
92 84
59 11
80 56
74 7
75 9
8 78
97 40
9 3
37 16
42 76
58 35
27 78
23 45
39 53
68 76
71 73
39 42
56 67
12 51
38 81
13 85
75 65
19 39
55 3
94 13
12 8
34 90
41 22
4 56
64 22
26 37
30 86
87 41
9 57
38 39
29 86
9 45
65 68
80 53
76 2
80 44
81 73
82 28
17 44
80 87
93 82
51 83
68 3
38 7
22 19
28 8
20 14
40 48
98 64
32 40
78 19
22 88
86 94
61 52
34 42
33 31
64 84
70 93
22 85
32 79
84 78
57 55
38 22
38 95
1 70
9 25
56 25
4 14
26 30
60 99
19 19
77 90
41 4
43 41
68 86
79 19
47 90
91 60
43 57
17 45
81 21
89 90
71 58
18 76
55 51
9 11
81 12
94 16
21 86
69 29
37 70
100 88
2 3
16 48
21 82
45 29
20 61
87 55
61 2
28 56
73 31
51 50
46 2
14 57
34 67
27 32
49 25
92 97
8 2
49 72
16 47
36 57
87 83
91 52
94 18
23 19
7 39
23 59
79 74
47 52
69 76
77 79
55 30
33 3
24 57
70 59
36 65
43 18
41 55
52 50
28 51
78 29
48 15
8 62
9 99
56 17
3 68
30 65
15 27
42 42
52 41
58 58
71 69
95 12
99 11
37 33
24 14
70 97
39 32
57 34
85 51
87 3
95 21
15 93
14 17
74 20
64 96
99 12
42 73
82 44
73 51
31 79
21 22
32 22
20 38
97 75
4 94
81 76
9 39
18 27
76 63
17 65
76 76
57 69
92 29
25 83
89 37
57 48
22 46
8 59
6 30
34 100
31 60
87 10
17 70
98 29
66 46
54 38
12 25
81 84
3 51
85 17
3 19
13 76
55 11
90 49
45 58
42 77
47 29
59 100
68 97
55 59
20 67
56 37
59 59
3 86
56 72
23 67
55 46
99 15
72 55
37 45
65 60
12 46
20 43
3 39
3 8
81 30
16 28
99 46
20 70
4 75
30 29
87 88
7 29
43 74
20 46
47 11
61 83
18 63
43 46
17 46
77 12
40 89
2 6
64 43
21 28
21 45
89 53
39 86
64 73
20 61
99 64
42 9
67 30
41 2
2 56
51 28
96 41
6 44
27 11
67 66
97 77
56 28
15 4
26 57
71 10
94 96
30 81
93 92
19 14
85 89
46 88
17 51
56 94
23 77
38 73
80 6
94 68
43 21
4 51
81 93
75 9
78 73
54 88
3 98
19 30
67 77
1 27
5 95
54 41
28 18
94 1
13 79
25 97
89 93
43 9
34 12
43 44
99 51
12 26
9 65
24 28
24 33
66 16
84 85
59 61
53 45
3 41
82 4
93 19
94 86
79 79
98 19
32 89
21 21
74 85
51 44
13 23
8 67
62 56
42 37
27 81
47 47
70 69
70 45
39 15
44 35
33 27
5 79
51 36
66 55
37 71
56 39
35 50
72 70
36 2
39 99
55 15
55 36
63 34
43 8
36 6
61 76
53 84
17 64
68 56
46 9
30 86
100 72
20 92
68 50
2 65
4 40
67 13
79 76
1
659 60
