1023
68 50
10 80
79 8
67 93
80 55
18 94
63 33
41 95
54 68
28 70
62 23
23 62
25 11
88 30
20 28
1 83
32 30
22 1
39 37
99 83
31 100
3 28
80 88
83 75
34 84
83 74
8 42
7 34
1 21
73 91
42 68
64 37
95 19
7 73
72 97
14 19
4 54
13 94
98 73
20 91
70 38
5 58
2 23
2 13
80 21
77 11
63 6
65 31
60 36
84 93
58 42
61 71
82 95
45 88
6 4
54 77
20 55
89 62
50 30
29 64
63 93
50 91
2 83
53 19
22 41
92 76
13 80
95 92
71 38
15 54
3 43
70 32
85 47
64 10
8 47
78 86
90 96
6 26
73 5
42 65
67 19
89 23
40 64
12 65
41 72
68 64
80 51
56 99
96 90
54 99
13 29
70 9
8 81
9 45
73 47
74 7
89 51
69 36
39 87
66 84
21 86
64 6
23 85
75 67
5 52
76 75
84 32
27 60
13 41
71 60
70 16
16 47
55 46
100 85
83 44
75 87
82 47
61 81
7 21
35 30
78 67
53 59
89 78
29 55
4 68
23 16
27 55
90 93
69 36
85 88
1 3
96 37
43 24
85 40
29 87
10 99
9 6
62 23
20 64
46 6
40 85
81 96
96 13
70 35
87 6
68 30
26 76
22 22
48 58
77 39
42 27
43 17
18 73
7 93
9 49
99 68
8 2
46 58
84 41
65 64
32 21
61 11
76 72
6 100
60 32
84 46
89 50
71 50
43 55
98 89
20 19
12 20
10 99
67 85
10 70
8 93
40 45
24 12
94 46
2 29
68 33
82 35
4 11
32 75
80 47
83 21
81 40
19 34
55 27
90 8
68 78
81 20
98 98
28 12
55 36
44 13
66 99
8 37
35 18
49 18
37 11
58 25
60 17
44 79
10 94
26 22
88 68
27 68
92 4
59 66
40 59
8 66
21 32
23 11
42 6
51 41
10 12
79 63
5 95
23 66
13 77
96 72
62 12
65 39
49 36
71 53
98 25
52 9
18 19
64 85
96 59
94 32
85 79
17 76
24 19
50 27
34 7
26 83
99 62
63 73
32 26
89 58
21 12
86 3
20 88
98 35
96 31
81 82
90 90
67 18
15 45
7 61
78 37
73 53
11 72
71 70
45 45
72 18
74 20
29 72
56 84
94 86
55 77
3 61
72 52
81 79
10 24
13 83
7 11
84 1
83 58
72 12
13 27
85 58
28 57
69 80
30 5
2 80
69 95
89 80
24 45
74 72
66 66
36 52
96 64
62 30
18 2
94 30
62 84
3 77
98 69
14 27
68 70
7 67
85 31
49 27
24 98
4 20
31 87
16 31
62 99
46 19
54 77
12 82
93 63
5 85
92 43
5 85
81 68
84 42
35 99
72 80
65 51
40 22
26 22
37 19
55 19
86 11
51 75
31 14
58 42
24 90
68 63
90 67
100 12
1 45
38 44
22 63
91 1
95 96
86 53
94 56
59 12
11 1
98 40
52 46
37 9
26 33
22 12
13 55
96 36
72 25
55 91
21 55
98 71
19 26
36 1
70 35
90 1
68 81
40 90
89 39
60 33
45 57
22 38
33 45
24 38
19 10
66 15
71 10
34 34
91 47
90 48
58 16
61 77
87 28
49 40
7 44
97 32
74 87
82 94
67 20
60 44
84 91
58 5
96 9
98 98
49 14
82 2
23 7
48 44
16 11
92 90
36 56
100 75
77 41
34 38
40 61
29 78
13 89
99 82
70 2
51 39
34 58
51 31
34 31
16 57
82 88
88 49
65 55
88 10
83 60
95 17
9 36
94 55
92 33
91 2
57 86
15 15
23 76
91 62
61 70
37 10
23 78
38 40
39 3
92 31
43 58
31 87
4 71
59 9
15 65
42 64
28 87
10 30
74 29
97 14
19 77
62 57
72 61
51 74
24 11
73 60
56 51
32 39
15 84
66 66
14 19
69 46
3 60
74 18
90 35
36 55
61 66
83 56
65 3
23 10
29 10
56 100
61 9
19 87
6 82
46 13
91 2
76 100
8 4
46 55
90 41
62 37
80 41
34 59
40 67
3 33
95 46
62 93
23 66
51 59
31 93
35 37
60 63
71 70
39 97
34 8
32 26
29 4
99 46
91 9
6 12
48 7
70 68
29 62
87 54
39 58
35 1
23 31
80 86
21 32
95 98
84 64
66 10
89 15
8 100
86 40
92 26
3 14
78 64
58 45
90 39
74 13
93 59
73 71
97 3
58 8
1 36
2 60
47 4
16 27
92 3
9 14
64 67
49 2
15 98
68 37
22 38
15 48
56 50
79 100
59 85
59 93
35 26
15 16
59 6
84 31
71 8
64 93
70 23
56 79
94 88
69 88
40 83
57 2
62 29
16 40
69 37
86 20
72 75
5 26
62 21
47 51
27 98
13 85
37 43
66 61
36 94
30 60
27 13
23 76
37 100
84 92
72 22
72 80
85 36
97 17
87 36
93 95
49 31
64 95
14 9
91 38
6 12
24 71
99 52
62 48
36 90
98 34
34 75
94 13
48 70
80 75
83 6
56 52
36 100
84 30
99 52
11 99
13 37
70 86
82 87
69 77
23 18
37 100
94 13
60 64
23 29
79 9
16 45
90 14
38 74
21 21
53 86
49 99
1 99
67 81
79 75
26 47
5 24
59 49
12 87
35 97
7 9
71 9
67 40
84 22
27 53
86 99
64 77
16 53
18 12
85 48
54 75
5 9
97 91
52 21
59 96
85 90
29 53
7 66
2 10
93 57
55 3
99 28
27 22
46 46
47 39
46 51
88 3
15 92
40 27
46 37
22 98
8 77
83 13
11 31
25 24
63 86
15 45
15 31
79 14
35 64
54 64
19 46
85 79
20 21
71 18
71 93
4 96
89 69
55 52
15 51
21 34
82 43
39 61
80 72
41 32
80 54
3 38
70 91
78 98
96 58
70 27
19 61
54 99
22 46
87 74
95 13
47 39
78 82
73 60
35 78
24 92
69 1
58 42
81 13
16 6
35 1
76 45
31 44
70 2
14 22
34 70
73 15
30 83
93 81
33 32
6 67
35 97
73 64
83 92
91 14
73 83
28 9
21 21
94 6
12 29
14 80
20 53
15 44
69 45
62 45
39 81
72 13
35 86
35 63
82 39
10 87
79 21
11 89
22 23
42 92
1 75
76 95
28 76
95 92
13 39
51 16
2 26
12 23
20 30
80 41
41 12
44 44
77 60
36 23
75 94
93 38
38 32
57 100
98 74
38 4
3 30
5 33
56 29
62 38
100 27
98 42
60 5
5 45
49 11
9 51
65 16
20 26
6 83
37 95
32 15
90 40
58 90
63 71
29 71
27 13
75 65
54 61
87 22
63 79
26 61
40 54
89 35
63 66
20 55
33 14
25 36
60 40
88 90
70 9
42 2
79 91
75 93
10 77
99 52
42 46
21 57
12 73
90 69
69 65
96 69
65 12
97 18
98 74
67 25
84 3
67 81
45 18
87 49
49 42
52 10
71 67
66 34
85 28
28 22
91 14
22 15
45 85
73 12
83 1
53 80
81 7
58 90
92 31
32 64
91 92
86 87
35 61
95 24
16 10
49 34
68 62
44 29
23 73
12 80
14 48
18 34
1 47
39 41
58 28
16 5
28 3
82 40
53 71
76 10
54 79
55 50
46 71
98 12
48 44
22 61
98 23
99 1
57 66
3 6
89 88
76 88
88 61
59 41
70 39
45 46
81 84
15 69
25 21
47 90
57 31
90 73
59 23
80 53
30 100
54 17
34 23
6 64
59 28
11 56
28 18
99 72
62 13
97 100
10 86
19 95
36 84
5 26
58 22
95 61
38 28
40 56
7 78
5 65
39 90
94 4
48 90
6 1
100 99
98 48
65 19
2 57
33 64
83 81
11 52
68 25
29 73
56 82
17 25
95 50
78 79
10 97
62 21
66 13
92 17
85 93
15 52
49 83
93 1
94 44
70 90
55 96
13 29
81 83
70 13
12 76
45 53
10 1
87 67
28 79
65 3
46 90
61 39
6 86
38 1
7 23
45 34
28 97
99 70
94 78
92 71
59 44
69 100
95 28
13 9
68 81
36 40
79 36
17 47
11 46
98 30
18 60
70 21
15 29
20 46
57 61
68 74
76 50
53 14
22 8
14 84
1 63
86 2
90 42
56 71
25 45
36 6
94 52
25 97
34 19
53 75
37 1
80 26
38 94
100 34
65 38
7 29
57 21
43 17
46 20
50 63
6 87
32 47
74 15
90 61
68 90
20 82
58 27
56 91
35 33
92 59
75 31
60 62
52 79
40 93
89 4
53 24
56 84
74 94
71 80
78 61
60 66
92 76
72 37
84 99
27 12
14 1
45 95
4 22
89 24
19 16
71 89
27 92
52 89
35 22
9 27
41 37
60 4
67 50
80 43
100 15
39 31
50 15
14 6
27 49
95 8
18 34
76 31
71 95
13 5
10 54
4 60
78 84
3 65
19 59
95 21
57 58
25 90
63 38
22 26
19 29
90 25
44 62
72 54
2 79
36 99
78 45
12 88
81 40
39 10
32 96
91 39
61 26
50 18
65 59
10000
802 96
543 93
387 20
509 48
858 81
508 79
604 20
716 31
625 12
590 84
61 72
315 61
530 43
504 36
230 62
32 23
383 52
452 44
725 29
982 2
525 49
801 94
344 76
1022 29
470 79
241 24
810 85
575 78
163 95
875 76
258 5
822 67
911 26
350 37
703 40
137 1
745 47
355 36
379 29
251 93
759 35
80 64
714 31
999 27
649 11
943 73
365 45
873 9
56 75
472 66
23 10
1017 98
864 67
486 69
32 24
253 24
289 13
635 38
902 80
293 86
242 5
89 29
528 39
981 63
958 36
393 36
564 97
612 99
516 51
695 43
222 2
1000 100
606 5
616 81
525 24
533 32
53 58
510 65
344 28
762 10
599 67
552 54
851 22
986 16
454 8
754 76
145 97
175 15
291 59
631 46
373 14
659 16
240 78
111 38
151 93
990 90
760 57
100 79
770 64
234 53
354 62
844 45
87 88
779 24
42 22
466 76
711 59
350 58
163 77
605 3
944 32
481 61
350 19
43 26
817 81
885 82
793 37
881 41
230 73
509 13
727 82
711 25
549 94
729 19
79 42
693 72
110 75
689 36
116 2
645 76
505 33
333 88
849 99
234 13
57 80
624 77
569 81
211 92
340 34
302 96
361 59
319 18
110 46
62 17
74 69
562 72
399 27
431 83
962 11
588 5
955 83
187 41
155 98
554 12
469 35
736 75
864 81
396 4
341 46
581 76
429 19
596 70
708 8
448 81
272 81
456 43
689 12
389 20
439 58
783 85
709 98
343 44
286 19
139 14
102 98
68 71
907 83
54 14
688 56
985 5
424 44
381 62
29 9
946 71
6 67
40 36
256 67
388 30
509 85
72 99
20 15
535 26
558 22
736 64
500 62
1020 77
439 54
288 4
961 12
583 63
218 40
536 97
649 20
2 65
522 35
638 7
166 90
11 97
509 18
396 25
738 73
772 35
1 76
386 76
786 98
451 73
499 3
249 11
557 15
921 80
936 78
37 36
852 82
227 87
726 21
638 18
542 20
128 17
921 76
550 21
76 8
193 48
715 72
930 89
535 64
548 61
425 71
519 58
309 80
269 58
324 59
644 23
126 71
201 67
175 26
823 36
723 69
827 55
663 48
866 86
302 55
299 91
168 61
584 26
1004 13
756 85
475 72
781 39
249 71
470 85
176 22
137 14
852 27
139 84
271 76
159 72
130 28
660 45
362 40
829 82
838 12
793 34
38 99
707 50
840 18
211 79
397 84
490 70
680 14
937 30
370 57
933 46
129 96
939 54
559 49
899 87
433 81
336 11
342 68
306 99
677 46
654 47
316 48
545 46
373 74
502 77
82 46
392 88
512 50
511 71
303 92
962 9
1014 66
993 95
313 4
270 52
956 73
484 17
126 96
267 90
319 89
232 88
270 74
298 94
238 73
244 1
752 45
321 54
68 7
401 50
467 42
521 78
778 20
706 81
724 50
836 26
988 75
922 4
344 51
832 35
897 36
591 47
47 24
638 7
283 20
1014 100
238 92
55 97
228 52
283 26
702 30
856 9
677 68
696 44
944 94
581 20
333 72
136 78
452 8
756 59
319 7
639 96
795 23
829 26
457 76
353 89
842 74
136 63
966 87
167 33
449 76
644 95
621 93
560 12
877 10
989 46
637 37
95 28
725 79
397 28
518 53
435 26
775 33
251 29
614 14
254 36
881 51
171 71
323 9
621 22
506 66
559 82
499 15
626 42
686 80
104 66
820 5
634 67
615 67
927 85
428 6
637 58
1013 15
449 86
868 56
622 87
266 11
407 68
932 65
435 24
546 76
622 45
425 82
150 56
973 61
424 79
788 86
907 46
174 85
298 73
227 84
591 20
507 49
159 24
20 23
856 6
798 46
690 20
825 29
291 58
660 15
158 55
508 90
369 59
628 70
62 88
685 93
171 100
146 9
881 61
710 13
745 62
601 30
614 64
453 4
192 84
951 9
138 18
382 2
54 61
18 62
927 44
749 28
244 26
342 58
748 83
477 63
942 82
186 44
401 63
536 81
582 85
232 91
808 96
805 25
768 88
257 10
1012 6
716 62
74 45
294 97
749 32
513 80
394 38
434 50
361 91
867 50
847 46
246 54
687 15
625 62
45 64
349 29
496 32
75 99
412 82
624 15
642 96
182 5
834 75
945 25
763 51
97 16
892 86
86 64
420 30
71 98
768 18
619 68
468 45
407 27
138 49
42 87
295 13
859 52
902 43
380 80
411 64
696 100
324 86
154 9
114 71
797 76
129 22
191 74
229 95
645 86
64 81
862 80
439 37
372 8
207 82
34 25
252 91
298 83
65 69
291 100
655 92
87 27
839 50
715 91
741 69
476 58
410 7
259 74
748 51
424 49
353 30
582 2
619 49
271 31
160 4
957 64
284 32
944 86
100 42
776 41
399 16
400 100
384 1
197 48
431 89
622 50
49 94
442 67
274 88
498 93
690 27
617 98
414 87
461 6
328 97
548 84
228 84
989 88
668 86
671 60
167 47
751 45
202 3
399 10
815 26
191 1
645 33
534 13
39 65
544 2
950 7
805 61
830 90
50 25
510 17
40 11
92 59
866 42
246 74
330 38
941 87
649 81
639 80
157 6
298 44
262 63
826 96
851 83
282 84
505 93
1013 13
240 93
656 58
172 94
618 84
362 83
824 25
510 19
732 89
619 75
476 67
242 53
696 87
535 98
947 93
202 83
582 87
417 53
819 42
512 67
892 53
329 5
708 80
999 57
279 24
221 9
488 29
523 44
639 42
22 48
927 69
386 47
983 44
420 60
467 71
720 69
570 69
429 21
154 52
980 71
452 69
397 86
740 68
834 40
919 52
510 52
778 6
669 65
907 48
434 72
408 83
424 47
379 95
567 63
421 7
977 34
638 89
362 41
270 26
245 33
153 35
46 14
2 75
662 41
420 46
792 67
3 48
689 60
590 72
428 100
619 14
1012 13
795 67
74 25
478 83
713 93
294 88
904 66
432 50
627 18
295 96
387 89
758 32
428 47
757 6
118 25
716 54
508 81
110 95
115 9
175 10
609 5
840 24
827 33
371 16
338 40
991 44
738 9
562 11
185 94
713 56
713 82
478 15
776 71
157 36
460 94
312 94
79 18
107 89
694 98
845 4
651 90
866 89
740 60
670 28
214 86
770 71
926 35
261 92
145 47
585 56
946 87
867 95
693 64
1012 41
390 35
134 4
544 66
202 36
223 72
605 10
649 48
376 28
934 97
918 58
200 46
285 17
885 46
279 54
177 80
836 67
760 99
569 88
355 15
52 25
5 85
49 47
687 11
610 42
278 33
255 55
534 30
1010 38
102 59
269 69
987 36
160 77
285 93
913 46
39 74
67 27
723 38
123 62
879 15
666 45
486 33
422 59
474 6
567 8
476 37
155 95
741 51
944 16
490 63
550 80
206 2
46 72
578 47
1013 2
864 9
792 75
920 66
603 99
813 30
1002 69
880 60
682 57
98 7
23 55
928 12
46 56
752 91
107 60
167 88
522 95
608 99
721 61
302 65
415 22
849 84
585 11
506 85
567 31
356 76
664 62
238 92
583 40
540 75
949 29
452 62
404 73
329 13
301 28
620 49
760 98
860 33
89 12
448 81
568 20
180 61
688 40
611 17
620 23
24 64
381 83
962 80
810 85
762 50
794 3
718 92
380 34
498 29
33 15
474 3
369 88
745 52
874 77
840 19
397 51
561 8
656 28
624 51
78 89
363 33
425 46
198 83
605 61
961 38
587 4
700 13
920 50
435 20
105 10
437 58
196 40
342 2
471 60
837 68
236 88
198 49
471 95
266 97
482 78
990 17
264 45
407 74
339 32
51 35
410 98
910 36
714 82
842 84
775 10
760 56
929 91
304 10
144 20
299 100
370 34
462 68
398 70
39 28
293 93
876 89
752 56
589 89
948 84
147 85
374 76
96 48
588 44
522 3
932 20
505 80
721 99
419 98
858 66
52 11
1007 9
285 68
740 48
526 36
70 94
971 10
28 19
356 73
938 3
620 6
61 59
1016 98
926 24
721 83
162 25
737 90
632 76
894 58
977 1
11 14
945 82
42 82
733 37
312 99
696 40
888 59
893 6
56 21
601 5
974 6
274 36
495 30
74 97
513 100
874 72
279 66
886 33
156 45
536 11
1002 100
358 56
198 34
576 2
144 48
477 78
493 12
775 49
57 29
665 39
221 10
841 24
651 35
134 25
1 37
140 9
209 88
315 73
126 12
254 72
444 2
709 37
739 68
382 3
438 98
140 22
706 60
481 28
816 63
969 10
702 23
360 72
442 44
372 38
594 3
257 99
845 16
814 90
312 36
260 47
252 95
230 72
439 91
86 96
632 47
545 57
991 98
730 36
297 78
837 41
606 13
855 77
95 82
758 38
408 12
524 3
860 69
790 70
194 97
355 7
930 55
758 93
1004 5
282 21
901 75
114 18
964 38
122 31
829 4
707 48
405 93
378 11
371 40
519 35
264 45
121 35
137 77
724 32
450 17
386 68
497 40
19 75
846 29
799 23
562 39
77 72
664 51
124 22
322 45
511 12
858 87
318 32
512 56
275 92
802 93
152 24
845 14
225 94
950 70
982 20
964 74
776 81
166 7
995 92
98 26
616 68
426 92
366 47
699 40
770 66
498 98
811 63
460 31
472 21
599 91
895 71
850 69
737 49
869 69
325 99
304 5
937 71
280 55
53 28
637 11
203 68
929 43
323 47
272 88
462 2
249 50
924 96
271 2
424 16
18 86
13 54
957 10
230 44
923 26
945 67
525 55
596 34
883 53
744 46
872 1
692 5
683 72
1 24
70 29
858 30
679 95
584 7
822 21
175 3
128 34
117 63
709 53
601 36
634 87
371 84
1007 42
27 15
17 37
943 88
1003 58
572 6
780 69
845 2
738 95
61 23
791 9
450 25
166 70
6 29
805 10
501 100
665 95
220 26
1007 35
312 17
636 1
792 65
556 51
348 94
678 39
42 5
659 10
433 56
812 34
109 90
820 94
232 75
72 92
844 49
337 87
150 6
931 35
76 88
871 25
300 13
446 41
390 2
826 1
772 18
95 23
531 20
611 38
919 45
472 39
153 37
400 35
916 77
828 42
830 27
955 44
73 12
751 35
1008 7
774 74
755 19
489 87
110 15
129 7
39 79
656 10
290 69
434 18
485 99
310 36
953 100
862 65
128 51
852 19
735 22
166 80
424 44
856 39
788 52
50 20
549 14
317 76
819 5
654 20
219 13
429 50
88 66
204 18
268 48
923 15
686 45
137 97
79 52
807 78
459 10
809 9
1006 75
661 35
17 80
195 19
323 74
113 76
66 76
986 48
201 49
643 44
877 79
850 75
666 8
703 22
230 23
506 99
311 71
916 8
738 16
350 84
470 17
748 55
973 26
241 4
369 29
1009 40
852 97
375 61
956 44
360 61
178 14
166 73
432 24
246 95
175 59
702 19
561 38
286 43
5 84
54 50
773 2
482 5
921 67
475 52
547 91
986 35
108 19
831 22
23 48
34 64
38 21
380 89
1000 75
839 65
529 97
87 55
454 87
464 85
957 72
947 29
460 71
255 83
133 84
993 8
781 98
339 27
249 25
296 92
75 16
127 59
602 50
303 85
602 74
371 62
904 41
289 27
41 66
103 100
884 59
1 10
334 86
723 78
761 78
717 78
810 69
929 21
513 46
776 93
886 53
169 92
393 84
992 52
551 94
137 56
976 78
815 78
36 89
539 21
671 74
299 78
484 98
902 48
861 73
224 59
397 96
252 59
194 55
240 14
731 94
509 67
473 14
838 73
251 94
266 42
323 6
681 34
139 16
362 95
327 23
986 42
504 7
466 19
773 27
324 68
308 63
980 49
884 11
480 15
412 27
155 48
870 46
672 29
646 16
286 13
453 24
903 67
70 46
556 92
609 15
940 25
840 62
423 80
577 64
1002 64
816 47
251 25
378 31
546 25
705 80
463 81
224 65
345 83
752 95
668 40
585 20
823 37
628 95
752 53
545 7
753 66
350 87
902 14
942 94
404 1
373 40
42 4
1000 61
814 63
148 77
210 69
155 21
202 44
615 43
484 1
482 74
796 40
82 32
695 80
71 73
811 22
546 11
279 70
639 17
915 38
661 26
727 46
1010 27
283 23
1014 3
325 79
634 61
230 66
689 78
605 59
959 81
916 86
289 40
847 11
999 74
662 39
384 70
354 12
870 32
509 84
1006 79
569 55
499 71
657 64
890 12
823 50
631 44
702 3
795 94
441 86
65 70
98 82
460 49
228 1
178 14
899 95
642 77
71 65
509 35
196 58
109 81
209 51
1018 41
929 53
45 15
164 75
880 10
792 82
129 20
906 41
33 14
495 81
809 14
856 29
788 55
698 62
429 69
966 57
131 35
485 40
591 26
244 12
428 22
234 94
562 86
441 31
671 82
952 11
258 79
239 45
764 32
755 76
602 71
343 85
940 93
845 23
515 42
10 80
528 95
449 10
285 4
720 19
957 45
962 66
289 85
894 38
301 56
748 72
978 32
153 14
398 96
510 64
217 27
276 51
848 27
284 60
709 18
439 97
407 10
243 92
844 33
907 7
67 12
145 33
224 39
169 26
158 60
694 80
561 79
38 37
658 56
135 10
523 100
1012 9
302 55
411 13
686 66
97 75
294 41
283 24
635 37
122 56
838 57
941 19
114 95
39 70
620 84
497 57
141 40
861 42
836 84
14 50
186 35
843 45
793 2
500 83
274 45
156 18
922 10
936 98
805 42
740 98
869 85
541 24
254 42
463 79
452 15
233 32
87 94
542 25
140 52
163 40
188 73
43 11
277 30
859 82
641 37
536 53
767 62
382 68
1014 46
916 28
835 88
908 22
595 33
478 5
880 45
884 97
115 38
518 74
618 98
923 39
273 62
620 44
704 29
860 91
78 43
855 51
552 9
2 50
429 45
876 57
547 66
237 33
716 70
188 78
905 100
441 59
488 20
280 1
991 80
150 86
674 43
278 33
441 43
63 76
151 57
417 100
212 97
699 54
220 76
708 91
843 95
479 76
132 51
186 17
745 61
764 89
755 81
689 50
23 25
428 28
373 94
657 50
341 52
547 85
585 22
27 5
658 46
286 58
303 64
845 36
386 28
548 91
744 71
231 33
199 16
538 53
745 51
952 28
778 89
832 18
524 5
191 83
555 29
920 34
82 11
294 31
199 75
281 38
133 34
170 36
528 59
922 27
359 28
875 94
710 66
908 5
510 97
857 17
782 22
732 78
169 44
905 33
2 99
421 34
901 14
389 36
459 46
712 79
570 24
609 21
340 36
809 69
850 24
670 79
233 4
26 4
99 92
134 31
500 14
434 90
78 29
754 12
601 27
177 32
967 2
236 80
502 99
441 74
133 19
921 96
281 95
270 80
712 96
188 31
970 86
721 58
509 87
728 44
480 62
595 60
681 80
696 66
960 20
1004 76
674 50
786 80
439 83
649 21
519 71
599 89
843 95
611 18
155 79
180 22
709 23
879 21
389 53
884 40
948 82
759 89
241 17
262 18
412 68
908 2
694 17
543 70
20 55
254 79
187 91
459 12
185 64
221 29
335 19
35 11
988 25
339 55
5 41
440 86
970 95
36 59
298 93
867 77
534 38
487 64
440 21
210 27
390 69
988 77
791 12
359 63
43 91
323 85
769 58
892 78
513 43
138 43
486 58
282 81
708 36
772 75
359 98
829 53
460 78
17 82
56 6
930 38
68 99
206 8
380 56
709 49
12 24
52 47
961 61
287 25
116 97
341 60
766 41
58 55
357 84
135 6
24 53
214 59
201 41
160 100
206 83
652 7
273 57
686 7
222 58
798 57
225 1
667 34
133 43
554 32
789 90
174 81
795 44
1021 71
797 53
759 44
792 4
879 51
356 67
275 54
319 33
71 84
23 27
688 72
791 9
75 54
42 56
542 86
31 11
197 28
978 86
779 54
878 34
579 51
910 76
197 30
651 68
74 99
999 63
627 93
442 43
244 11
301 41
326 85
532 72
856 54
924 88
817 53
196 63
544 45
443 5
540 22
118 1
383 72
191 68
534 20
807 61
123 19
910 47
793 60
130 17
240 36
461 16
1009 19
12 76
444 29
508 53
182 38
320 30
16 15
748 78
471 53
650 16
137 84
939 48
148 92
189 36
23 10
156 84
815 1
395 69
8 76
331 38
279 61
877 57
42 50
2 76
300 22
87 69
80 88
351 61
981 76
871 87
245 97
523 79
931 85
746 81
450 8
996 41
886 72
8 98
109 11
44 70
91 93
257 18
294 95
574 67
738 55
847 33
950 62
670 17
984 9
819 2
29 19
85 19
345 28
758 79
574 61
127 100
614 66
44 15
608 69
448 68
467 100
938 18
389 2
708 41
701 100
114 73
958 1
479 73
278 57
446 48
569 82
914 94
247 37
371 51
918 39
311 31
269 38
295 3
569 3
837 1
368 93
955 54
152 28
573 54
354 1
731 27
529 100
42 84
457 99
202 99
335 46
966 46
121 8
890 33
746 28
906 7
55 74
306 18
286 82
393 64
311 34
944 66
1016 34
973 100
800 17
861 30
847 78
966 84
36 55
398 51
565 44
486 24
150 14
463 64
911 23
13 56
878 88
133 18
4 48
708 85
226 28
786 24
510 100
335 10
946 71
531 79
813 68
829 37
225 48
449 78
1013 40
380 33
849 70
1014 84
736 25
926 16
491 14
522 2
249 5
509 73
410 14
595 56
260 83
417 20
66 91
859 91
835 19
758 5
701 84
295 93
989 73
715 46
236 12
898 2
449 11
833 72
830 20
760 70
747 18
23 65
786 39
651 59
931 57
716 69
48 47
687 23
344 58
562 4
547 42
872 46
484 34
692 83
637 74
918 59
577 10
470 97
155 34
135 92
869 31
525 81
881 6
453 55
883 79
644 34
573 43
551 100
959 32
606 92
916 87
158 19
840 5
445 55
550 29
800 44
285 61
572 94
67 24
733 90
414 81
442 33
203 1
856 61
451 15
643 31
756 44
533 47
113 98
847 12
414 45
819 38
118 47
494 2
698 43
829 47
466 26
884 52
993 32
309 80
990 86
311 39
302 31
713 30
432 30
705 14
1001 50
193 62
426 71
817 6
1003 5
857 27
447 20
488 93
287 27
85 6
275 11
271 80
632 61
934 77
640 51
87 64
600 6
191 27
809 29
502 90
225 74
731 6
754 76
939 15
408 13
769 88
940 89
493 27
916 93
641 22
139 19
912 58
235 22
1003 92
16 69
156 47
680 18
798 95
280 33
124 92
995 80
123 90
797 3
93 6
716 85
121 1
256 85
895 96
316 48
513 3
744 95
483 65
418 78
303 2
162 51
694 60
903 44
306 26
82 87
794 30
997 69
887 17
667 72
240 14
93 64
745 31
216 81
410 56
730 32
328 43
600 48
704 44
654 51
76 58
985 46
633 51
512 22
677 31
706 66
406 8
662 34
107 84
693 28
852 100
503 39
439 97
919 22
402 62
442 45
363 33
373 90
862 53
375 81
715 70
419 83
133 91
290 5
201 37
180 21
340 62
8 80
655 67
770 31
674 50
394 47
405 58
819 47
173 7
426 52
47 85
335 75
624 69
882 84
305 84
341 96
939 98
209 84
143 4
313 89
294 35
145 73
228 22
222 27
685 86
669 33
680 100
799 41
173 69
594 71
805 92
763 72
545 48
837 6
41 4
53 62
42 55
9 34
625 80
395 7
924 29
512 15
127 80
539 64
297 40
947 79
411 86
693 38
265 99
869 59
499 54
273 89
860 64
863 87
267 15
662 9
712 91
599 49
1001 90
951 22
11 68
109 4
728 43
58 3
976 99
812 42
911 43
429 7
194 66
299 47
1003 25
88 21
95 52
229 64
782 95
499 89
287 86
110 49
83 70
899 6
394 75
981 13
163 63
606 77
626 10
42 48
104 93
199 45
56 88
494 58
729 13
279 8
419 30
77 67
36 39
185 48
505 48
737 86
54 60
281 84
330 92
290 50
584 51
1022 66
481 55
43 1
271 96
444 88
318 94
852 9
659 45
141 19
171 86
722 87
613 12
790 51
361 96
123 20
934 48
471 56
923 6
190 38
603 28
353 12
904 35
732 84
629 5
638 84
175 88
307 18
389 96
258 43
895 82
985 7
445 45
647 98
296 8
659 15
407 25
255 58
29 79
261 9
339 37
88 6
576 28
651 40
925 88
351 64
465 5
833 17
647 14
93 67
576 25
341 83
771 71
756 14
103 68
485 16
420 46
945 7
975 76
903 88
892 21
45 98
959 44
889 51
26 11
868 4
597 100
638 3
663 72
73 35
211 35
373 18
408 90
763 52
456 39
61 69
562 64
768 42
310 23
314 46
184 52
266 5
316 42
252 27
881 99
329 83
35 52
328 3
517 1
553 23
797 38
577 92
451 71
328 33
467 1
276 13
899 96
781 41
89 68
377 56
607 7
340 6
31 89
975 29
150 85
535 53
502 11
574 59
459 90
454 97
705 70
973 35
334 96
457 49
835 93
437 58
364 74
232 40
856 1
549 17
149 42
721 8
587 96
484 42
789 92
492 12
641 98
808 34
355 97
709 44
337 79
87 31
815 49
210 29
633 80
837 79
25 65
154 55
57 15
272 97
759 35
380 37
199 81
846 48
721 65
680 86
876 58
126 96
340 67
131 2
295 1
250 1
982 70
782 4
31 6
417 13
347 78
89 53
947 72
326 88
789 88
23 98
268 59
395 37
513 53
605 83
535 1
463 26
921 100
682 1
292 68
945 61
962 52
552 4
797 18
926 10
682 39
597 80
888 81
592 28
672 64
90 51
1023 94
173 64
621 72
220 83
832 94
986 13
826 41
227 60
164 50
742 95
877 20
236 25
602 20
217 62
84 89
562 86
270 86
522 26
389 3
34 89
133 73
858 85
89 83
986 42
101 85
345 57
953 48
884 58
475 24
886 41
484 81
906 51
459 30
528 11
555 54
257 70
344 73
786 62
911 25
635 51
495 42
859 99
737 45
860 79
869 68
527 17
530 56
858 52
16 14
580 14
271 78
73 14
255 23
840 28
988 87
803 40
18 81
798 43
93 50
39 79
991 6
287 9
25 23
9 41
684 58
48 38
1013 22
51 16
886 15
152 34
645 48
20 74
189 59
530 47
136 47
610 15
135 25
76 44
867 92
738 54
744 78
573 99
49 59
480 86
1013 62
1011 88
344 12
243 58
986 3
604 26
364 26
193 69
422 85
572 14
429 91
279 73
1010 43
845 28
453 33
125 99
501 82
295 90
1012 36
833 63
525 7
365 96
605 66
915 84
924 70
194 81
955 49
825 32
466 92
883 34
752 86
144 41
940 53
152 63
64 80
204 100
850 35
776 84
125 42
750 74
240 56
26 52
394 74
190 84
327 37
814 44
487 15
554 48
883 72
61 80
262 22
910 4
970 46
764 94
888 19
228 57
383 86
566 27
981 4
249 53
454 81
426 70
414 62
580 62
325 51
724 1
289 45
731 75
182 81
57 31
764 87
618 37
381 16
374 22
870 72
440 73
129 79
375 12
895 69
142 40
96 8
675 85
337 69
184 40
32 32
545 37
833 61
886 8
138 37
660 54
442 29
457 100
879 97
153 3
381 91
618 12
408 95
954 16
71 97
919 83
899 59
570 56
790 14
196 26
457 59
263 25
3 32
802 6
496 9
816 53
152 75
503 99
576 96
292 96
84 65
408 19
793 13
634 45
566 81
18 89
147 55
806 97
460 33
238 38
600 20
233 62
191 51
55 83
496 59
517 52
523 52
382 13
171 78
221 8
556 45
253 85
649 10
97 34
626 27
638 13
233 2
659 34
155 96
234 93
485 42
410 49
384 28
770 59
301 17
2 69
918 54
381 9
562 9
555 46
133 42
731 72
4 41
978 89
375 59
329 94
101 66
135 13
961 84
31 33
775 30
582 91
665 88
188 59
310 28
323 91
534 18
142 25
866 64
1005 49
569 52
733 76
481 65
148 94
849 37
407 47
120 17
172 32
783 54
297 94
350 33
804 2
139 79
238 38
630 87
676 95
514 10
691 45
896 44
258 84
250 83
645 80
805 99
346 51
382 24
525 87
334 6
538 5
763 77
235 27
676 90
417 15
613 4
551 12
712 20
618 13
931 12
943 37
270 27
311 8
268 38
648 61
978 46
625 71
352 83
302 37
876 78
509 64
831 69
644 9
451 8
625 2
566 10
468 96
45 9
274 86
432 2
582 67
821 34
45 34
155 78
775 64
137 79
698 16
47 80
520 2
871 78
868 82
161 70
781 24
456 79
664 65
946 64
28 52
537 49
296 15
954 39
70 28
901 3
418 17
336 27
158 25
151 48
768 56
107 68
916 94
806 79
530 78
165 100
1021 18
828 92
745 47
493 94
418 30
298 19
34 71
954 12
1014 16
489 89
729 98
662 99
594 47
116 26
960 96
980 87
413 7
880 61
864 95
60 7
1016 12
717 53
663 22
637 100
822 6
381 12
572 70
354 88
362 9
798 46
141 21
338 71
105 78
870 28
973 43
563 4
616 91
615 95
82 48
34 84
211 39
972 57
64 78
938 7
220 33
750 21
430 54
785 76
847 81
3 31
19 92
572 16
209 7
417 91
299 92
353 47
997 42
670 90
49 67
463 100
452 94
608 81
853 12
533 57
986 78
12 18
44 42
864 52
780 19
303 22
517 34
798 99
314 43
388 99
182 12
738 42
411 58
453 100
428 93
754 53
984 15
449 71
589 32
617 98
621 3
854 44
738 30
1002 77
509 60
490 77
552 36
607 64
932 8
610 35
153 20
594 26
66 68
954 14
109 60
559 53
213 50
104 17
684 9
518 20
974 32
265 84
1017 94
361 47
393 5
509 84
814 18
803 88
904 18
955 93
891 69
954 22
634 42
269 25
751 86
760 54
30 96
427 17
108 68
391 49
554 59
121 61
681 70
274 33
496 84
862 99
100 24
738 12
416 98
742 24
851 55
25 49
68 49
50 79
637 49
57 23
889 61
839 86
56 95
879 15
79 9
1005 54
431 92
827 10
358 36
503 65
888 57
658 46
735 99
519 81
11 37
160 59
265 99
835 87
884 2
560 80
381 35
889 40
1009 30
383 9
1022 85
432 29
227 8
418 17
1001 67
605 44
145 43
956 22
900 56
676 56
911 91
495 100
586 56
713 50
56 74
738 49
632 56
863 24
226 96
622 26
625 20
929 15
925 46
781 55
60 13
261 42
920 89
840 100
480 14
805 13
43 40
784 4
606 59
688 27
929 52
93 2
525 54
930 7
478 96
293 99
912 38
181 37
130 93
233 83
768 71
946 57
720 78
796 31
687 93
962 83
614 57
659 78
899 44
500 69
477 44
642 50
528 78
381 29
130 50
513 53
87 44
627 65
894 34
774 56
637 54
439 94
118 85
401 52
185 53
237 85
252 3
795 6
125 42
399 34
411 20
245 76
39 54
573 59
63 12
783 57
7 72
908 45
555 94
329 94
914 82
770 83
496 21
151 99
1022 38
721 92
641 63
140 19
360 54
275 49
297 6
934 87
217 24
308 50
636 12
109 56
549 48
440 8
435 71
922 86
674 29
199 61
808 3
691 61
218 19
719 59
565 61
994 34
523 39
101 63
76 35
520 96
722 41
734 29
664 63
18 11
16 13
211 9
489 42
526 87
194 82
107 62
714 78
363 26
343 54
260 54
327 67
535 88
410 70
463 10
310 36
463 70
65 6
556 43
566 76
475 82
530 89
207 33
610 89
159 77
134 36
19 91
432 91
1002 14
287 77
767 89
342 79
808 76
278 71
107 8
135 90
592 26
852 22
473 88
551 51
299 27
933 69
405 34
162 24
311 50
159 42
617 3
830 31
469 91
858 34
790 37
417 17
551 55
300 85
429 39
688 21
320 13
376 23
855 25
890 30
908 35
402 47
514 62
718 35
449 15
722 12
744 48
956 24
805 76
358 98
393 62
799 15
169 62
81 31
344 2
153 19
449 43
182 91
921 48
553 81
580 96
869 27
824 30
253 54
668 91
52 100
427 38
41 21
391 20
669 50
518 13
494 62
397 97
867 20
871 70
197 95
658 21
802 2
527 3
960 73
966 96
815 72
640 78
472 2
583 2
412 60
998 45
911 50
767 30
111 27
782 1
129 70
218 64
831 94
949 28
531 12
220 47
192 100
110 8
801 94
438 29
561 20
796 3
239 16
730 56
922 80
183 7
974 24
240 99
710 26
910 67
713 68
917 50
332 60
792 29
942 55
118 38
997 54
611 31
713 45
585 90
499 91
468 58
76 44
642 2
158 48
553 14
483 16
952 28
540 29
228 8
142 79
912 99
353 85
614 3
281 14
629 15
567 66
477 24
245 28
896 33
565 49
926 9
224 11
691 16
138 70
55 60
628 1
1017 65
92 58
519 49
887 76
454 78
632 61
590 43
805 49
534 23
671 96
225 13
836 44
947 12
580 7
263 33
85 60
385 88
45 92
353 83
326 63
959 54
920 68
558 94
158 13
295 96
820 25
207 66
524 79
669 23
618 45
108 47
949 45
770 79
268 49
640 61
522 100
335 40
744 95
192 37
389 96
279 91
169 16
607 18
581 53
272 15
357 94
398 30
630 39
50 89
740 49
468 7
358 81
957 16
704 73
826 24
161 9
173 39
687 88
359 22
559 88
669 52
258 66
670 46
659 7
277 3
370 5
770 78
764 55
743 84
3 5
464 97
543 76
15 10
395 3
634 86
717 76
940 72
214 43
234 99
137 97
326 21
726 2
671 96
154 70
138 45
373 84
309 71
170 8
254 65
434 61
655 78
788 77
519 92
722 63
914 63
232 70
829 52
5 97
234 99
165 8
41 89
150 35
542 90
319 42
809 37
409 9
575 38
99 17
906 41
635 86
59 54
314 25
842 94
225 63
879 67
175 76
712 83
464 33
712 57
497 32
938 3
549 36
216 44
482 91
636 59
657 59
839 76
319 50
987 99
602 14
926 39
727 97
733 84
382 5
523 31
455 39
122 17
886 78
80 98
427 7
535 93
205 96
673 79
809 84
761 62
811 30
121 90
1013 81
812 97
769 88
880 53
236 98
51 58
92 58
354 26
122 57
949 77
158 28
359 24
427 87
610 50
351 80
232 49
608 34
979 85
236 50
865 85
943 95
907 46
163 68
6 49
379 22
495 35
267 86
242 30
519 86
796 43
310 38
144 57
452 31
116 93
479 39
354 63
48 64
1006 36
475 41
647 9
919 69
642 60
266 78
170 21
779 54
322 39
704 47
271 92
335 43
231 5
137 62
518 90
80 56
739 22
594 100
332 81
664 87
1 7
134 24
1020 42
595 3
766 62
590 79
1013 23
309 2
116 95
485 73
911 83
341 13
275 65
513 31
270 17
937 45
486 92
408 77
780 42
286 54
648 54
263 85
974 91
223 5
861 30
954 2
650 47
701 37
677 23
477 26
274 41
762 35
889 57
298 68
230 97
909 94
1 61
28 12
604 82
416 10
240 100
667 99
782 61
241 48
118 2
698 33
346 39
96 90
330 69
347 45
960 69
221 64
979 44
843 21
997 51
909 31
408 20
39 44
84 95
354 41
848 68
82 65
826 26
371 7
692 1
859 3
227 55
306 60
403 84
375 35
16 95
989 3
615 11
243 89
778 59
690 97
525 70
576 59
473 63
140 9
423 59
302 84
299 22
773 2
748 45
148 91
570 7
48 97
25 100
874 49
183 69
828 94
636 19
170 2
930 24
542 12
968 84
520 28
205 17
816 64
673 72
391 3
187 55
770 29
812 6
557 80
1006 16
811 19
153 47
171 89
440 53
112 89
10 53
554 50
708 86
627 50
722 47
173 91
585 43
870 69
398 75
835 44
699 53
274 29
674 44
124 40
208 28
180 4
286 73
872 41
991 62
409 89
214 9
152 24
565 10
269 2
30 90
125 99
200 35
765 30
758 90
262 57
689 47
54 14
763 28
797 76
160 32
518 31
604 9
382 29
368 82
891 37
971 85
319 31
346 14
901 50
61 92
491 64
12 6
138 47
768 42
920 13
1007 74
656 62
924 17
816 25
448 93
909 40
975 54
448 6
475 87
894 7
718 3
421 41
222 53
554 74
702 88
941 86
102 2
880 59
99 33
927 59
256 80
422 44
119 89
154 62
368 98
598 35
715 52
442 42
166 11
848 91
9 39
599 8
26 50
222 100
539 38
672 13
19 7
723 43
630 49
365 18
329 99
353 24
938 63
326 83
246 95
424 67
275 50
758 6
807 95
296 76
64 25
529 54
827 15
246 85
294 50
882 56
606 5
130 53
680 79
1012 93
383 45
126 32
242 4
971 27
879 54
15 35
698 3
322 80
496 38
503 56
366 23
798 1
747 57
96 26
257 21
914 83
60 64
148 97
208 37
569 85
621 81
244 34
108 18
550 84
806 55
615 68
961 83
54 99
113 45
929 80
781 47
32 6
246 15
818 75
124 45
367 99
433 95
492 52
817 90
359 93
274 62
799 54
282 79
883 99
896 96
80 25
600 50
864 90
663 88
500 28
932 47
522 85
240 6
863 16
204 80
223 90
685 66
124 19
520 55
102 89
267 8
578 54
130 86
789 34
152 25
262 8
438 34
695 55
724 27
741 81
706 42
325 81
960 67
74 25
272 24
803 61
616 19
661 12
934 68
608 84
622 73
673 60
182 1
242 22
397 43
189 51
179 57
719 37
32 78
397 43
748 87
116 93
207 73
154 56
188 3
282 22
299 7
846 14
160 53
362 5
930 72
677 69
79 58
56 12
615 68
328 8
66 51
789 63
376 29
89 26
120 54
985 77
301 1
888 13
28 39
858 39
357 100
487 88
710 1
519 92
457 11
251 37
414 54
954 70
613 13
388 58
651 47
645 16
694 29
276 96
584 92
155 55
958 53
533 22
171 84
483 15
732 7
269 11
544 2
751 93
432 37
635 66
954 71
723 40
342 31
934 46
976 87
899 49
746 61
726 41
282 27
173 27
554 100
964 21
482 96
639 89
347 84
595 16
190 18
101 39
857 15
576 11
532 39
918 18
338 54
638 77
494 61
989 61
692 29
754 72
915 55
780 49
775 68
979 12
99 98
148 62
231 96
836 59
673 77
995 45
733 17
985 85
311 81
927 14
242 25
589 42
320 57
848 57
628 53
802 10
282 3
935 92
616 45
257 87
5 68
596 76
94 5
1003 8
502 35
690 3
702 76
548 64
64 81
747 3
979 32
17 99
548 98
289 13
816 91
15 6
187 88
387 66
121 71
191 52
48 66
889 60
775 20
814 12
74 12
610 5
478 93
488 44
279 59
359 9
918 37
840 52
664 94
22 66
932 42
972 11
884 82
903 85
170 12
7 47
807 12
767 8
368 43
1009 44
213 19
619 10
529 89
472 20
598 40
997 1
971 40
182 7
813 61
776 61
412 22
830 83
631 65
881 90
370 72
491 80
190 34
585 84
990 99
861 71
1006 88
651 98
420 24
422 35
338 56
459 8
311 51
492 69
798 33
184 72
554 6
503 55
346 4
528 74
966 47
278 58
130 28
697 86
168 1
186 60
330 97
219 3
674 16
124 88
868 43
16 32
680 59
134 45
622 5
727 12
132 93
625 73
433 70
211 3
71 50
829 6
663 55
858 48
666 25
798 42
210 40
128 87
391 81
844 40
821 53
598 23
1007 100
269 89
52 65
430 35
825 78
904 64
323 97
1000 50
529 57
815 64
425 8
61 31
387 88
421 70
134 52
1019 89
715 74
768 89
559 65
357 91
203 96
3 40
368 84
354 84
899 88
260 42
432 41
764 15
162 48
591 46
541 32
890 99
153 38
269 75
831 33
803 50
146 93
440 32
620 60
172 37
126 33
620 32
483 7
279 80
39 96
517 9
481 7
16 1
188 44
714 7
847 92
85 72
833 72
212 47
647 13
819 97
66 40
626 82
445 11
292 89
224 48
852 30
293 80
33 6
18 68
140 50
319 72
802 88
492 73
720 7
69 35
240 1
299 4
551 61
398 23
325 61
553 6
116 81
7 4
988 49
932 71
222 81
676 73
729 83
698 85
552 87
253 9
563 20
139 17
211 38
965 96
208 60
616 23
953 16
526 8
834 43
605 27
537 98
913 70
868 88
273 54
348 1
596 68
466 30
984 34
129 23
789 14
894 14
767 89
945 43
7 36
400 82
738 92
493 99
934 89
110 55
378 20
845 10
576 64
453 76
117 16
959 76
981 8
812 10
1015 8
355 74
40 70
278 22
15 33
826 13
367 62
726 63
709 58
549 86
97 89
495 63
995 40
332 50
655 43
952 99
67 43
275 68
677 5
454 34
62 32
79 47
539 83
71 92
536 90
317 7
966 20
3 9
975 18
760 5
155 45
399 75
661 61
480 31
955 48
221 36
156 61
605 1
695 31
1016 15
315 78
696 23
331 32
348 7
256 87
928 69
775 93
46 47
808 24
77 66
513 10
779 48
202 61
924 11
857 33
215 79
749 56
828 90
704 94
488 65
404 83
977 40
367 98
790 87
1002 81
869 90
707 96
828 80
710 51
176 31
1003 16
282 100
947 17
616 95
417 44
435 6
867 13
460 41
682 17
850 20
715 81
493 85
961 18
234 78
200 3
82 90
373 23
689 96
1002 59
257 19
216 98
582 34
730 7
265 49
1023 8
365 28
910 45
439 87
530 93
47 45
264 79
439 48
748 59
319 26
69 56
106 81
907 23
397 80
199 28
368 92
497 49
990 85
911 66
862 52
767 19
406 98
86 43
877 49
879 67
509 14
490 51
657 19
776 93
496 48
110 23
217 34
135 66
808 63
156 100
846 40
621 42
527 20
904 60
502 1
111 28
531 75
280 2
911 5
188 14
406 35
1006 19
166 18
623 12
978 41
768 65
276 68
587 20
818 22
963 45
871 24
422 86
543 35
866 45
133 97
352 18
586 99
468 68
272 79
411 56
118 36
413 87
210 16
718 72
948 87
72 60
974 44
670 92
52 43
734 89
180 70
786 68
517 30
328 70
162 86
102 2
653 58
905 46
400 23
761 42
388 98
593 59
967 61
811 32
668 90
12 4
96 88
908 60
339 93
755 51
226 31
667 77
594 33
779 2
527 65
195 41
513 29
650 91
141 62
973 46
101 62
286 46
557 26
503 1
58 59
590 66
692 25
393 3
521 74
165 40
808 27
201 84
584 37
453 37
246 58
181 83
814 36
597 50
213 58
9 43
29 44
584 68
297 94
840 29
585 2
185 82
732 90
3 57
690 49
229 24
960 12
934 46
385 66
175 69
524 91
270 4
979 46
383 6
958 68
742 96
19 17
346 61
762 57
657 16
576 49
557 30
240 26
77 50
76 5
450 60
205 87
551 2
258 82
557 18
148 30
466 48
562 92
134 6
520 32
347 18
87 9
1011 60
987 26
808 24
148 3
234 76
51 40
227 76
162 61
191 100
1018 17
412 52
508 13
557 40
270 5
213 40
479 31
245 28
193 49
472 24
279 49
304 30
960 100
661 98
598 54
112 40
477 19
979 63
67 95
16 72
139 90
569 97
546 7
669 11
470 42
176 96
941 28
111 11
867 40
603 46
285 24
228 14
1021 48
225 70
776 39
208 52
998 9
505 40
348 8
396 13
417 11
415 18
739 38
573 79
183 89
381 35
400 10
597 61
6 42
541 59
955 65
623 98
894 57
340 72
778 44
887 86
720 16
473 88
194 85
346 3
922 24
735 18
817 73
645 72
443 28
819 12
168 56
591 27
503 42
244 94
419 35
735 79
157 25
410 88
394 81
470 96
895 16
713 54
127 55
642 95
416 38
557 27
934 98
245 9
518 72
1004 47
815 72
671 9
742 51
694 13
531 86
350 38
224 2
680 33
68 56
712 78
422 79
343 79
537 92
723 25
44 66
11 4
81 63
966 16
212 63
142 80
145 57
338 1
86 80
415 37
180 67
315 11
169 65
355 75
907 89
192 11
267 79
788 30
257 15
957 61
973 5
229 98
357 24
47 53
409 97
935 30
250 72
340 61
287 4
848 89
362 90
785 5
110 93
449 38
406 16
173 30
969 1
558 24
46 88
351 99
769 93
726 15
1000 51
851 7
788 81
275 43
773 23
457 15
39 47
777 19
574 31
427 22
400 4
79 34
42 99
269 100
858 39
694 97
983 2
714 38
576 11
136 28
644 32
767 21
881 63
977 86
491 28
196 36
261 75
731 35
70 55
872 95
845 41
648 91
47 38
710 17
761 85
945 83
274 15
337 49
731 26
226 56
351 36
197 12
193 66
10 95
62 53
654 70
536 50
570 91
216 73
893 29
426 90
192 99
705 97
632 47
351 37
295 53
481 32
378 23
781 71
174 81
117 60
938 61
605 61
203 10
1014 25
190 50
720 80
309 36
756 20
134 78
542 64
82 9
953 29
202 20
140 59
452 91
918 100
747 27
628 14
717 75
218 17
1019 14
226 92
582 100
458 97
495 60
358 56
826 30
64 59
273 50
795 96
319 71
801 8
592 41
55 40
825 44
25 61
591 34
200 97
38 59
800 38
825 20
793 20
117 48
79 87
604 7
993 71
180 65
994 75
26 56
765 64
472 26
27 46
845 45
783 39
938 64
767 48
429 75
284 53
470 81
240 6
970 19
927 88
860 9
509 62
524 6
379 25
10 79
799 38
401 55
420 9
739 24
678 84
49 4
508 9
57 49
338 38
619 73
878 56
542 23
381 77
859 84
923 69
487 1
733 45
391 1
194 21
169 93
459 12
544 85
542 53
212 45
497 8
1011 65
670 27
535 30
584 72
246 98
861 72
871 58
834 14
556 85
820 62
613 62
107 78
138 38
919 34
135 4
637 45
556 70
177 7
807 89
802 35
729 45
356 66
734 71
770 66
99 74
960 41
139 64
668 92
990 15
695 27
942 95
258 73
239 71
422 91
667 25
161 15
619 6
775 41
459 99
926 83
422 87
539 29
254 55
740 17
819 85
1008 39
589 17
175 70
188 3
251 38
479 46
969 91
442 28
954 98
199 72
617 71
161 65
574 99
704 78
11 75
85 37
893 5
124 87
41 76
428 56
52 38
799 92
97 26
937 88
60 29
612 38
400 41
750 48
563 77
470 73
563 89
65 99
584 16
611 7
387 52
938 64
401 22
423 14
302 38
102 10
476 57
659 57
187 66
7 49
774 30
914 26
576 37
192 3
137 83
216 35
231 73
993 27
956 56
407 56
651 79
155 41
649 1
504 57
802 5
631 95
351 31
128 75
101 97
492 78
95 89
653 8
269 72
752 65
1019 64
753 72
346 22
364 84
986 47
570 13
251 71
972 2
777 44
600 24
209 3
681 49
59 94
147 42
524 63
714 73
250 50
591 91
558 74
52 91
625 91
978 94
71 76
209 79
397 81
241 70
375 69
450 3
173 27
654 56
801 16
826 35
454 35
174 57
303 56
471 84
600 95
68 94
647 72
315 19
79 4
493 23
205 70
977 30
950 98
905 67
808 58
219 5
136 96
31 69
896 27
555 39
479 36
658 23
432 44
58 31
570 88
94 84
972 32
822 15
660 11
625 76
316 74
13 56
1023 50
766 84
384 44
540 32
948 21
354 92
7 88
161 49
652 19
254 85
130 40
57 39
927 42
331 65
155 77
842 15
337 35
394 23
696 35
289 74
702 76
369 17
639 76
936 41
370 40
217 44
366 16
500 96
586 98
447 73
290 50
794 17
727 99
762 86
312 34
548 14
901 83
928 87
543 86
894 74
469 6
354 40
626 29
185 91
959 93
913 60
656 12
789 6
361 5
806 48
711 52
602 80
906 23
667 48
726 32
864 46
262 17
978 51
965 34
203 63
420 32
428 9
353 28
867 19
391 97
762 75
546 10
851 76
907 100
734 62
354 35
332 77
258 79
932 77
766 79
446 100
194 36
114 62
1018 31
316 62
656 98
236 81
617 10
536 42
17 17
9 29
336 36
637 76
189 73
808 55
540 28
381 88
304 52
870 36
466 94
650 94
22 38
388 43
968 80
829 53
893 97
95 85
925 35
614 16
968 31
1007 41
456 27
679 76
956 11
800 32
649 16
699 86
463 24
337 27
30 16
357 41
368 71
865 91
84 7
117 89
790 95
852 63
25 49
169 49
131 5
315 73
42 8
517 11
671 27
626 94
617 97
149 30
475 87
573 80
411 14
73 47
920 17
96 83
712 45
678 64
986 83
625 56
979 20
512 70
46 34
361 45
177 89
356 58
792 68
889 55
144 57
1003 36
339 66
431 81
413 8
688 53
434 58
301 97
334 100
658 17
175 5
569 35
539 100
786 31
179 60
944 19
461 35
247 77
197 94
862 24
83 54
28 25
1005 14
550 70
823 12
464 51
554 4
396 27
458 90
565 87
750 35
315 42
935 76
648 25
310 42
719 16
991 59
912 22
1014 77
547 29
868 42
859 69
485 12
1010 81
169 30
602 16
78 88
73 40
692 76
930 38
672 54
883 74
571 71
115 87
1 32
11 84
40 1
991 45
277 45
855 8
540 21
241 48
689 79
147 82
475 9
237 28
17 32
298 37
739 97
666 29
415 77
305 10
501 67
413 92
763 85
668 32
806 37
103 62
561 58
358 56
90 57
150 83
21 86
682 20
340 56
162 97
907 75
779 96
800 82
704 59
823 2
495 69
590 89
411 79
500 62
998 37
824 66
700 67
423 26
91 57
493 79
667 89
794 26
259 23
683 24
551 36
256 94
601 93
201 44
181 30
346 7
41 35
466 88
267 67
299 17
774 11
67 10
371 79
195 46
233 99
322 87
577 16
989 68
910 40
163 82
276 47
703 29
14 68
426 8
360 27
993 64
490 6
563 99
58 64
133 90
330 72
226 89
465 45
877 41
189 90
698 83
35 81
639 71
624 50
378 97
499 64
476 43
301 38
674 77
271 97
586 27
375 13
994 77
11 55
990 24
277 33
911 79
546 6
340 47
689 90
333 76
34 81
198 75
267 87
830 56
211 56
203 56
433 53
407 70
1 36
661 69
558 87
859 75
231 35
455 24
450 78
57 31
57 1
97 59
598 82
582 22
763 65
803 37
111 12
95 36
613 54
438 61
313 13
189 37
473 83
726 61
82 88
933 9
190 41
144 40
747 29
546 74
672 40
617 50
667 24
30 75
96 21
8 40
841 28
644 54
140 78
870 50
338 86
262 39
468 72
931 35
525 65
50 40
289 64
476 43
440 56
701 24
225 8
626 9
987 45
174 15
917 22
304 69
931 94
545 23
141 93
541 1
693 58
789 23
42 17
135 65
345 94
997 67
257 35
789 21
574 8
275 32
529 9
204 61
23 13
291 92
65 15
130 72
972 57
404 54
483 90
336 76
542 1
523 12
519 44
484 27
1020 73
285 79
64 45
515 85
818 94
316 45
510 82
19 84
584 33
377 87
236 49
996 90
569 16
873 11
979 75
145 51
1003 18
326 50
431 91
794 14
602 54
351 66
682 31
268 18
266 57
76 73
758 58
625 85
490 70
23 76
963 20
896 92
613 58
687 88
917 17
577 23
427 25
290 79
961 74
399 11
711 1
206 95
288 61
611 94
595 69
361 7
910 78
109 7
21 38
106 97
264 10
63 99
209 12
959 68
928 19
588 18
11 27
696 97
761 88
921 2
721 50
835 7
903 45
765 8
460 12
818 63
819 99
866 89
18 90
715 88
155 78
739 72
950 83
166 20
916 3
484 85
840 68
74 35
734 99
890 41
234 45
16 52
533 31
605 97
835 33
622 32
352 91
1 7
1008 11
11 81
238 83
229 53
962 96
117 2
73 92
783 36
565 61
280 38
837 94
441 84
960 50
171 30
1016 85
329 92
783 43
1007 30
84 94
445 90
614 29
656 48
926 42
195 12
954 89
998 68
729 52
838 92
931 49
715 46
1001 12
229 89
231 76
944 36
619 53
654 44
595 36
900 62
438 82
560 36
435 29
848 98
766 17
24 99
505 39
686 30
760 5
55 69
340 21
264 54
766 20
932 53
695 56
615 23
56 29
678 26
363 70
521 41
694 78
974 17
472 20
223 97
448 79
937 79
847 47
140 35
455 48
578 30
722 24
272 96
288 49
723 80
765 31
579 56
216 65
988 94
722 81
644 93
236 58
524 63
791 41
629 42
125 16
302 79
13 74
328 32
907 80
403 86
356 45
733 43
299 85
779 96
111 6
79 33
271 100
696 40
867 74
86 2
534 98
756 76
124 52
702 66
314 80
877 48
820 60
826 64
336 30
12 30
256 53
639 5
718 100
332 13
342 66
133 68
103 33
647 78
179 17
86 3
965 53
445 52
393 75
150 9
952 54
420 44
542 20
963 74
78 11
491 32
296 61
696 22
663 47
983 41
407 98
559 1
675 26
12 10
855 67
450 35
726 84
634 97
1005 38
573 14
147 24
1017 94
41 43
240 92
712 27
729 68
782 52
288 9
111 67
11 57
973 39
517 63
628 28
834 35
875 97
395 69
373 28
740 89
9 16
461 80
418 20
137 47
616 24
543 63
681 67
80 79
116 5
851 5
309 82
316 2
945 60
1018 1
791 83
818 91
466 92
833 42
679 98
756 45
221 54
520 33
45 82
45 32
969 80
174 4
735 32
651 23
918 43
1005 68
626 48
777 96
795 24
834 69
993 9
764 89
82 58
367 67
501 95
785 40
271 79
267 75
8 17
509 87
168 90
67 87
708 70
686 79
305 91
801 37
319 14
150 98
551 21
563 80
953 85
784 98
774 19
625 75
183 5
532 55
580 69
151 86
860 47
668 2
155 96
959 74
833 77
461 68
1008 66
996 45
111 64
258 47
794 67
794 17
622 4
681 72
779 88
594 26
444 84
293 3
235 93
255 98
140 64
486 82
167 49
837 30
343 39
256 35
191 69
738 94
354 54
408 96
619 42
441 99
250 45
1001 32
144 51
230 91
56 22
995 76
400 80
823 37
678 73
156 36
361 58
950 80
318 75
606 45
693 95
107 88
547 87
194 69
752 35
515 7
947 59
117 83
777 29
561 85
503 22
308 59
484 68
622 6
968 51
640 20
282 10
763 25
85 84
820 3
729 88
636 96
207 79
384 63
886 85
1003 73
493 16
692 59
312 82
554 25
754 60
754 17
864 65
14 69
423 99
157 87
609 76
985 55
36 44
14 59
668 94
994 57
198 89
247 1
922 45
900 22
902 21
795 9
885 15
334 89
641 56
998 30
936 100
681 78
993 69
164 15
916 54
419 41
650 8
709 99
1021 73
788 63
552 66
336 42
735 48
45 7
243 46
953 77
636 66
325 44
13 45
87 70
824 39
804 84
307 80
155 33
156 32
449 92
826 21
400 17
1005 38
607 47
408 67
838 20
560 47
806 46
672 59
777 40
882 64
648 16
709 7
7 9
814 97
617 67
275 87
335 92
653 24
374 79
882 86
231 99
766 90
323 66
443 4
920 82
532 20
974 7
371 92
789 32
635 93
147 14
590 84
535 15
877 20
449 88
730 62
469 41
155 87
545 35
924 17
803 35
246 48
791 15
936 10
124 75
687 25
473 25
633 11
419 26
51 98
420 5
130 20
440 16
378 81
65 24
945 94
132 27
196 81
930 37
208 35
570 10
522 25
965 11
331 31
331 47
454 79
551 24
320 12
541 47
282 80
372 13
241 38
593 50
18 85
463 46
156 63
200 83
142 3
889 68
302 12
77 1
319 58
762 90
173 59
261 92
766 18
426 18
521 38
931 47
402 61
981 57
41 40
250 53
931 20
577 6
433 35
100 15
916 63
652 32
944 84
771 33
873 17
549 39
576 78
985 94
100 81
108 55
970 52
234 81
1021 86
106 19
925 24
855 10
779 63
610 46
552 93
751 55
222 44
423 72
244 100
796 10
914 36
255 35
850 12
658 84
118 53
691 64
621 99
851 58
459 4
492 66
616 79
192 4
930 72
852 34
902 26
516 52
671 91
716 40
434 68
317 13
77 68
69 97
69 21
836 75
951 97
860 31
367 23
802 79
511 33
501 68
404 94
873 93
658 45
8 45
96 28
927 41
802 26
535 32
406 50
311 74
731 21
154 37
829 47
976 55
64 20
222 55
390 2
342 28
278 51
366 98
637 89
125 37
638 18
95 73
77 55
569 58
456 69
627 83
334 96
582 9
542 45
973 85
70 87
146 48
308 46
896 15
332 51
380 22
287 74
1006 27
458 84
718 75
973 91
314 4
177 43
251 58
752 50
137 97
289 22
478 93
81 70
559 12
964 2
613 15
849 50
592 9
99 72
892 97
781 3
1001 35
977 84
501 82
107 73
641 61
140 85
980 57
774 16
956 63
567 74
527 17
952 49
996 39
224 19
182 16
232 51
235 37
497 15
203 88
395 86
890 68
822 20
472 63
213 67
547 89
545 28
642 66
920 21
613 23
948 69
219 45
96 66
679 72
202 38
691 23
995 73
282 53
171 16
453 15
110 56
751 97
795 24
943 79
868 4
337 17
718 97
111 95
898 94
474 63
1015 83
988 76
357 27
535 63
585 52
216 51
804 18
252 53
257 78
202 53
2 63
264 71
1 88
164 43
741 20
358 75
877 41
448 59
433 17
633 2
487 93
768 100
715 35
831 66
715 2
58 42
86 85
588 65
534 86
147 23
215 52
676 68
925 10
616 5
939 63
632 96
836 41
800 28
61 91
430 97
835 89
57 71
544 60
689 33
709 73
152 21
197 65
458 36
989 4
790 19
918 55
283 92
144 96
315 86
576 65
984 53
134 41
30 98
697 23
645 74
214 30
349 67
697 16
762 24
804 83
329 16
200 47
552 3
92 80
780 69
60 13
398 58
661 67
358 98
786 49
451 71
276 89
744 39
595 68
268 19
619 86
711 70
923 46
334 77
754 12
1005 18
289 9
638 49
894 39
164 8
803 35
565 3
716 78
15 11
455 99
788 11
977 50
584 76
159 68
825 79
794 34
611 13
778 3
697 74
951 50
701 31
996 57
886 39
291 21
925 52
124 42
484 34
500 36
959 24
752 100
559 23
138 30
822 95
975 97
183 62
618 64
602 13
557 9
755 31
430 29
949 87
831 11
490 38
917 35
943 34
966 90
759 97
757 96
457 80
998 67
866 16
328 28
312 61
453 89
280 54
179 7
134 26
791 47
763 52
613 74
607 41
99 17
808 20
199 43
554 5
136 14
510 52
152 5
256 25
64 58
419 72
213 95
829 89
49 89
69 63
131 20
351 91
657 100
431 42
440 74
702 71
388 97
864 96
143 11
622 27
129 81
864 23
348 43
536 72
327 12
125 57
356 88
766 66
742 34
409 89
679 100
603 95
382 85
897 67
920 53
925 82
458 48
934 89
170 30
842 3
327 64
503 61
1003 22
230 9
395 57
243 15
118 99
52 29
92 64
757 31
887 78
469 76
705 25
293 97
334 93
709 83
914 97
505 73
668 66
186 6
762 96
507 41
592 55
800 69
483 45
12 15
386 13
338 63
57 80
821 36
744 43
312 68
324 37
21 87
405 14
36 64
490 63
708 2
597 17
763 74
338 59
548 56
844 45
1011 93
983 14
436 62
384 65
49 95
854 49
230 57
740 86
994 37
558 82
874 72
263 60
947 28
908 78
156 76
715 42
645 25
300 74
887 76
105 25
410 75
391 84
184 43
144 39
947 49
46 80
382 46
1013 30
755 27
578 94
710 49
649 9
390 86
22 16
670 57
878 40
815 27
58 55
97 97
412 83
117 52
292 80
17 39
137 94
901 12
879 9
288 26
26 89
72 22
857 69
286 42
144 10
106 26
233 11
774 55
166 91
54 93
22 28
278 3
709 40
280 73
193 61
289 86
571 20
833 37
349 55
425 96
870 38
37 49
482 84
625 71
122 97
175 54
119 100
231 97
815 14
479 66
483 94
444 57
32 52
469 24
949 71
825 19
375 76
391 54
290 94
527 13
1023 71
795 51
618 77
418 14
447 44
351 78
318 85
832 48
875 95
578 100
298 40
988 97
70 2
690 4
945 41
591 62
797 64
347 58
945 5
764 51
539 62
473 91
793 51
858 92
10 3
198 18
1012 7
752 71
421 59
555 92
92 51
562 52
158 29
835 51
488 2
928 90
274 16
456 67
486 88
811 57
519 29
337 97
269 32
113 26
296 11
643 48
886 20
104 69
612 84
783 67
917 87
50 35
491 38
139 1
600 47
516 22
364 15
312 98
874 85
532 35
607 53
959 75
279 56
688 72
539 42
568 27
176 9
837 2
27 56
990 46
733 2
19 66
608 24
874 4
452 30
529 32
329 17
1020 68
970 92
607 65
337 81
860 27
188 100
145 25
260 11
701 41
707 25
210 90
392 29
346 19
756 12
846 23
210 87
902 63
911 98
579 15
120 7
987 19
198 70
592 36
601 47
381 76
623 21
597 96
194 68
625 49
711 68
996 23
147 43
315 14
536 62
1012 18
555 70
37 40
813 26
977 99
590 93
184 70
911 87
875 26
106 9
902 8
311 2
23 93
762 75
303 9
96 60
944 8
303 50
134 64
623 7
628 99
562 60
404 77
290 99
670 28
717 12
635 61
602 99
282 98
448 42
212 7
379 45
448 41
279 64
212 39
798 8
518 100
594 84
97 5
330 64
351 66
725 7
512 75
101 4
585 33
308 34
197 16
574 4
648 11
753 1
936 58
416 82
981 85
350 18
207 96
177 91
439 67
93 56
301 47
460 25
753 84
117 50
208 73
532 53
743 84
550 90
442 2
834 76
13 9
951 19
708 25
202 79
455 10
530 18
551 85
802 23
100 18
269 64
966 73
374 55
461 41
7 18
195 54
891 78
153 94
529 8
301 63
497 53
784 100
799 52
715 70
819 100
8 54
199 79
358 29
32 69
595 90
266 65
631 91
777 3
6 70
478 53
606 6
129 96
604 23
38 85
259 83
855 49
127 71
772 73
656 31
490 83
593 36
906 68
222 15
111 21
419 48
951 13
765 62
313 26
857 44
19 14
52 31
686 53
756 15
545 82
24 91
811 28
810 26
893 58
13 24
753 6
1 32
940 62
411 98
947 84
160 13
928 42
830 44
926 7
481 39
218 42
555 62
489 19
156 34
384 25
889 20
145 8
106 33
304 68
342 87
213 71
867 45
713 32
108 16
695 19
261 32
946 24
509 99
222 77
655 65
658 100
26 19
154 52
560 32
601 75
20 53
1018 65
420 49
353 98
860 50
129 27
674 76
437 11
497 98
48 37
165 62
516 95
673 43
286 40
882 58
646 88
68 36
43 5
905 68
676 62
823 69
851 70
328 100
625 97
956 93
638 98
193 36
372 51
588 70
507 45
242 50
878 69
232 88
940 31
840 92
825 88
719 47
66 26
509 29
876 29
840 8
249 76
313 88
959 77
82 17
595 27
340 75
393 3
990 28
891 60
560 78
237 32
329 4
263 74
153 75
85 4
586 97
945 28
721 44
764 32
477 24
375 7
734 12
606 95
694 17
704 10
972 14
267 38
150 96
812 65
855 34
880 93
764 37
10 81
140 66
331 25
595 92
884 16
166 9
91 32
240 9
333 46
183 18
534 56
572 91
636 50
865 10
334 45
642 31
223 74
143 99
548 9
538 93
321 100
258 55
662 6
330 55
624 73
509 68
901 68
711 89
194 6
489 23
137 11
74 30
141 8
177 59
506 61
355 16
423 46
930 53
105 78
280 4
370 98
5 92
684 44
261 51
678 54
4 71
811 15
71 46
1022 85
132 59
806 37
749 96
972 98
976 97
617 40
845 82
738 76
1021 60
502 61
191 64
288 32
968 21
285 45
292 98
574 28
109 62
922 81
493 27
935 67
4 80
247 58
1014 27
234 11
631 3
813 74
120 57
408 14
793 8
832 62
969 93
475 77
771 79
747 85
618 52
222 41
700 88
11 41
802 95
878 72
938 23
836 42
341 29
489 38
532 20
745 12
529 39
906 45
873 23
467 68
406 23
354 32
661 88
97 21
712 84
322 93
9 16
331 39
872 7
381 83
691 28
961 35
479 83
536 20
838 25
352 27
68 37
647 5
276 8
840 27
242 18
814 58
166 99
195 6
530 94
514 54
352 13
199 62
169 17
780 9
737 12
270 17
643 44
967 1
773 27
352 81
895 59
727 85
227 82
760 43
626 56
909 64
826 42
751 17
553 26
404 25
40 63
426 58
324 76
1015 30
1013 87
270 7
959 49
746 5
857 58
43 78
829 21
570 81
430 96
624 9
828 89
1 89
798 35
977 41
302 91
781 23
804 84
528 39
682 23
579 62
808 100
632 32
365 64
456 60
791 73
67 95
950 66
479 84
194 31
887 65
1010 48
609 24
476 36
484 65
276 68
48 5
458 59
390 1
418 16
895 55
2 82
623 93
305 76
619 71
145 76
433 50
280 20
343 30
163 78
170 21
821 24
535 55
414 39
732 14
158 22
189 33
781 15
106 7
417 56
115 77
47 68
506 72
510 26
366 19
128 88
428 41
991 78
808 9
544 45
231 46
183 75
490 86
39 73
51 20
847 56
434 5
180 34
331 71
934 84
69 71
368 1
684 24
552 89
820 84
563 7
737 47
412 70
174 17
293 33
732 26
337 45
119 1
300 52
719 71
428 93
120 87
1013 41
231 96
200 59
190 90
99 49
985 95
83 92
325 30
451 75
409 97
534 89
391 26
295 98
117 72
835 52
39 31
795 64
753 43
1023 66
697 36
571 68
733 24
394 32
493 16
863 39
495 26
648 64
33 79
208 40
465 89
200 47
308 62
359 69
585 47
258 42
782 11
23 73
400 82
943 49
952 83
746 84
303 37
895 63
587 82
146 88
85 1
330 45
169 57
709 61
984 97
746 22
566 1
975 16
593 94
28 23
58 54
402 62
295 67
355 82
365 79
108 40
924 36
9 50
253 26
534 71
873 46
450 9
671 73
330 71
196 56
809 37
420 74
260 34
164 36
939 6
947 21
688 12
114 75
443 60
123 96
966 90
55 56
311 94
616 50
248 66
253 59
323 78
25 95
851 33
77 49
955 41
352 30
269 48
173 98
600 34
227 100
951 9
31 40
644 43
892 24
914 85
674 41
552 82
222 69
851 72
734 43
621 16
15 96
702 55
531 78
468 36
323 72
928 98
456 2
373 99
595 72
180 27
447 36
685 20
635 11
55 99
670 28
885 60
41 84
43 58
211 3
251 31
440 74
49 43
949 25
539 10
488 57
546 46
65 37
149 65
632 83
540 48
824 38
980 44
487 93
566 37
337 91
795 24
123 65
191 95
722 72
132 75
163 23
654 23
659 22
241 61
382 45
17 12
789 18
893 56
625 93
7 26
463 61
794 14
596 21
991 43
389 11
188 55
515 56
549 59
399 67
749 22
637 96
396 78
538 97
194 84
990 36
75 30
677 95
997 60
584 37
839 98
882 15
644 73
703 63
867 76
504 61
714 78
934 60
78 53
321 63
526 83
886 32
47 85
215 47
724 88
868 53
192 15
969 62
308 38
3 46
401 24
506 72
819 93
884 34
673 34
30 56
465 52
877 73
99 36
907 3
17 73
401 3
763 45
905 59
451 7
480 23
247 77
155 24
295 73
267 79
701 20
585 16
535 67
589 64
377 27
336 21
1000 45
652 15
135 21
88 43
657 83
139 73
904 21
594 4
964 75
925 7
819 86
36 75
836 29
956 68
55 6
1011 39
1001 59
591 90
59 95
413 19
982 2
424 98
843 59
634 51
213 89
896 65
467 56
821 78
28 38
122 33
613 42
830 76
522 28
171 18
480 98
170 86
338 53
938 61
108 90
913 99
220 29
1021 30
228 5
1019 69
493 49
559 57
52 60
422 49
645 90
502 25
271 67
968 95
337 75
200 93
609 60
721 1
145 34
693 20
899 72
649 63
999 67
346 61
254 68
502 40
709 44
849 100
40 96
382 32
344 5
796 63
21 35
616 21
240 71
942 85
32 45
400 94
243 19
593 79
671 96
457 88
511 84
69 76
495 8
580 82
1011 63
737 98
730 19
466 88
53 33
420 37
863 32
860 67
815 49
850 52
480 79
364 29
833 62
217 87
474 18
590 74
422 34
831 29
622 49
799 36
882 94
15 35
991 35
645 59
772 36
754 25
919 43
127 26
87 44
281 68
458 97
300 66
625 28
34 48
689 29
327 43
842 92
657 5
555 56
262 51
310 5
925 75
798 30
308 32
109 4
974 52
613 76
479 91
826 53
160 37
372 58
752 85
121 21
896 31
910 30
1010 58
681 46
356 42
336 76
796 95
647 56
932 56
994 44
644 16
525 85
341 57
628 17
32 69
424 46
770 8
151 73
81 94
569 89
358 37
491 29
699 23
676 54
844 75
164 36
67 97
497 1
820 73
419 34
318 10
122 6
907 82
68 14
950 16
446 4
442 86
773 71
240 89
987 3
214 76
385 72
68 43
398 28
203 62
366 96
762 97
319 48
902 80
338 56
454 26
817 14
863 4
835 25
66 44
666 76
563 59
952 96
242 59
504 1
185 74
125 14
287 75
887 28
396 61
225 26
346 61
758 35
718 55
496 62
650 12
1023 22
926 12
953 41
69 90
872 78
731 14
9 86
867 4
320 72
750 44
227 77
563 81
463 95
59 9
667 76
860 44
126 50
796 75
323 33
232 68
749 45
671 31
348 33
411 9
231 86
272 31
444 81
881 88
191 20
1007 85
306 72
301 15
265 91
686 96
175 62
382 12
633 55
309 64
170 48
74 55
867 94
223 25
281 67
799 81
633 94
266 52
768 31
576 70
130 35
289 39
546 53
524 59
382 89
960 83
614 2
430 6
266 99
346 95
255 18
389 92
899 41
592 25
532 29
512 52
820 7
226 98
317 52
191 50
327 54
201 65
32 62
317 77
388 44
93 51
921 79
758 5
1011 13
48 10
605 30
280 71
577 77
317 58
595 97
729 75
35 63
492 80
635 19
260 18
931 96
220 17
843 34
639 14
558 82
350 98
42 19
62 32
979 89
901 93
975 19
272 10
328 9
395 13
1009 72
531 90
282 48
228 17
81 24
249 21
340 29
19 30
878 76
435 42
512 77
1010 18
131 93
773 12
717 48
607 96
267 44
863 94
483 55
153 100
1008 79
258 26
936 8
699 98
487 17
757 75
632 96
45 55
698 64
195 20
134 45
879 68
967 97
346 73
887 31
253 13
778 48
25 78
702 60
403 81
597 61
309 93
279 8
524 96
92 37
1004 45
981 52
817 85
480 70
441 59
277 72
752 11
946 82
994 26
314 74
354 59
121 34
638 21
704 77
300 87
436 98
148 21
359 22
554 85
385 52
463 54
254 68
1013 77
22 36
506 37
546 32
937 58
241 3
755 50
669 64
483 82
584 75
213 2
223 24
550 27
432 59
7 18
431 88
1007 92
754 70
664 63
201 18
238 65
728 19
362 94
932 24
707 99
658 70
544 19
609 65
538 19
713 12
825 68
517 86
841 20
601 95
260 52
156 21
48 54
68 62
455 16
74 12
449 96
807 78
828 33
810 13
103 95
53 40
220 73
48 49
935 84
696 100
598 91
627 67
532 19
211 56
569 92
12 23
709 34
212 61
386 10
768 63
399 45
700 16
365 46
891 44
916 98
605 70
819 72
194 77
680 26
664 66
276 26
189 7
877 98
466 95
816 3
596 11
756 31
84 31
285 85
593 79
554 79
536 58
193 86
183 88
30 40
197 72
114 60
695 64
33 64
941 29
66 57
235 1
89 4
330 83
703 18
540 27
957 52
207 80
332 67
582 13
387 9
962 54
354 65
150 67
691 66
760 4
568 23
597 39
923 23
214 27
59 36
834 100
766 37
237 24
459 8
967 2
275 45
769 12
559 82
518 15
310 47
904 3
683 94
358 67
351 79
439 39
517 50
1008 94
737 48
888 52
890 94
652 90
321 82
253 41
903 98
508 67
667 78
356 1
558 55
371 15
680 6
283 51
961 98
415 19
288 59
135 82
489 7
771 18
687 7
862 44
450 8
846 62
646 63
704 55
360 76
121 91
904 68
410 91
899 83
994 24
88 95
242 20
371 74
747 7
3 16
770 12
472 86
844 84
297 90
428 71
853 64
261 34
876 47
998 49
741 65
621 12
659 37
189 94
1012 62
149 80
659 61
704 59
527 51
282 70
924 53
567 47
431 72
777 35
660 40
993 3
845 39
2 11
401 45
488 93
103 60
277 18
991 80
324 30
887 66
1011 89
761 34
539 34
212 77
296 77
933 71
130 37
313 79
233 37
559 73
842 33
12 33
844 29
279 91
233 25
969 92
770 77
26 26
797 5
80 86
525 16
58 69
777 23
262 90
890 20
174 17
48 6
570 69
158 79
205 19
635 74
999 75
522 56
566 71
443 84
311 79
79 41
760 78
817 25
1009 47
235 82
461 27
536 67
711 68
169 92
265 67
566 71
599 25
821 42
764 34
911 4
957 30
847 87
1003 5
891 32
493 43
380 68
547 81
910 13
160 41
636 89
374 50
252 38
863 61
141 54
670 4
964 94
593 27
837 83
496 70
727 86
6 37
922 95
24 83
458 11
1002 43
254 43
944 100
732 44
382 66
450 21
93 88
286 26
65 5
689 28
556 95
714 18
426 28
565 51
47 18
171 49
334 59
724 5
39 16
716 8
388 3
476 24
642 58
444 41
516 98
878 53
710 69
530 71
550 3
235 10
65 31
614 22
473 100
310 34
165 50
602 57
649 53
128 86
26 57
280 26
963 37
943 18
896 16
675 34
670 75
510 30
178 44
819 11
617 78
407 51
451 82
402 57
743 92
477 16
426 41
892 42
643 71
539 42
580 88
12 34
457 41
511 25
1009 30
1000 25
875 77
82 20
759 11
682 22
373 90
947 43
817 61
249 41
854 72
937 10
505 5
762 91
707 36
406 1
79 46
1018 64
449 59
182 83
623 35
788 86
1002 89
727 45
158 20
370 31
527 84
829 30
546 47
236 35
603 3
696 60
468 18
896 30
999 32
435 66
71 38
972 88
409 56
404 21
379 72
78 89
942 25
2 69
204 94
733 33
402 68
886 86
695 34
842 4
362 59
201 3
31 8
514 89
969 8
250 3
214 33
206 35
840 48
656 44
850 18
309 26
1019 53
259 15
372 53
980 48
858 98
965 67
288 61
145 71
581 93
200 19
207 59
582 42
901 6
859 35
989 45
209 43
492 97
246 94
954 94
677 33
39 60
742 39
368 77
54 99
576 10
468 64
801 43
502 94
270 53
175 33
753 17
178 80
162 44
562 64
916 60
381 76
577 90
736 47
975 43
291 21
765 48
156 37
733 60
929 94
238 25
557 38
312 9
104 34
557 76
136 79
383 77
1015 17
873 82
839 23
532 80
743 82
69 45
559 45
875 93
279 92
737 8
678 33
494 30
525 35
688 46
351 27
177 80
602 73
84 26
778 28
214 10
861 98
397 71
655 16
609 60
743 61
390 58
984 68
29 5
481 12
810 82
342 71
665 64
129 66
5 69
354 24
580 61
145 54
506 14
972 28
133 64
563 93
44 7
459 54
351 71
157 67
107 45
641 27
901 45
890 49
669 50
415 64
426 98
646 7
619 11
243 87
400 57
577 5
998 92
351 76
739 4
205 73
561 50
604 64
111 89
33 22
699 60
571 47
461 52
64 97
912 44
649 65
271 21
708 16
71 29
183 47
592 26
1015 87
419 44
540 31
970 44
57 53
405 44
169 26
255 6
449 53
21 42
166 49
260 80
2 67
135 18
137 13
297 90
199 39
30 31
907 84
480 10
67 8
742 81
239 33
781 55
945 77
524 47
335 15
456 88
361 10
272 51
999 8
344 32
762 62
134 52
765 25
891 18
703 92
482 84
700 42
901 12
962 39
501 38
687 47
115 64
217 37
964 36
461 57
137 32
35 76
548 51
370 42
213 89
928 10
945 99
641 13
736 24
472 99
579 72
998 30
613 29
622 2
788 27
465 45
665 81
76 39
719 59
754 30
996 85
410 23
984 16
853 99
223 3
845 31
31 49
382 43
601 18
602 7
172 43
606 54
850 2
561 54
63 7
730 40
26 28
544 80
696 32
361 27
894 68
13 49
1012 55
565 85
315 73
726 61
733 79
352 37
181 88
681 6
265 25
458 68
227 17
600 8
533 11
175 95
194 48
604 72
688 11
25 60
324 47
635 77
524 49
803 89
217 95
962 5
798 93
872 52
148 5
343 24
855 62
550 52
592 24
582 87
343 67
317 81
38 36
76 95
497 98
305 82
910 7
155 92
994 22
545 71
738 69
311 6
557 98
1011 86
159 71
320 75
999 79
60 13
884 66
788 4
214 73
265 96
984 51
588 55
997 12
499 55
116 10
532 43
978 96
740 9
561 85
957 24
570 59
973 92
394 56
111 70
207 76
951 11
340 85
344 48
752 100
168 6
639 4
151 9
249 30
762 16
932 89
520 29
674 90
11 5
20 20
925 24
764 11
626 50
27 37
969 14
386 51
973 29
310 19
148 20
191 8
584 40
267 67
563 29
507 80
164 20
42 82
714 61
439 24
291 27
924 15
50 74
174 28
779 26
803 3
269 96
438 92
233 28
824 9
544 8
832 81
420 38
735 20
264 47
657 49
785 84
835 78
693 82
977 57
363 3
180 78
725 42
279 45
295 90
910 3
96 69
92 69
491 20
856 98
699 10
668 38
142 78
23 33
357 86
568 74
183 23
996 56
848 66
183 7
100 68
443 67
1015 99
858 70
748 38
960 93
77 49
963 8
458 43
895 65
541 42
662 43
505 49
157 93
615 83
469 6
485 12
291 55
741 51
156 50
205 23
961 15
633 79
73 57
350 59
683 38
607 85
804 97
901 77
919 27
268 95
9 70
328 34
406 69
240 76
1001 3
656 59
46 60
463 28
605 81
918 68
940 70
759 6
330 34
334 56
465 80
64 33
440 29
411 21
809 64
902 11
12 55
906 10
717 75
41 17
561 48
838 30
821 4
675 44
143 30
203 18
815 85
774 99
56 34
198 97
526 81
726 57
826 68
190 33
946 5
274 32
973 99
711 88
128 12
781 90
372 69
961 85
694 23
235 13
658 44
180 27
342 40
214 39
88 87
21 21
214 93
997 1
433 12
736 91
84 48
110 35
88 72
208 64
837 3
917 81
817 4
778 80
12 58
511 98
909 55
578 38
255 50
854 64
114 83
652 63
836 39
802 49
766 54
618 88
591 48
703 50
129 75
760 91
864 98
55 6
680 97
928 46
53 86
938 90
362 56
227 28
382 35
734 38
619 39
234 95
497 60
723 47
916 24
427 18
649 62
64 74
245 7
240 71
202 40
610 74
849 46
12 14
970 10
625 28
997 16
154 6
781 35
401 73
404 37
896 50
81 75
134 84
694 92
380 75
781 26
933 82
178 8
803 42
725 59
774 86
487 3
627 15
468 39
450 98
904 51
1000 48
318 12
586 44
60 74
754 73
248 18
71 62
570 100
221 86
499 94
660 54
807 30
923 89
558 58
702 14
563 47
668 19
441 42
45 96
612 67
491 37
222 72
434 89
501 13
660 51
456 13
981 17
516 71
104 100
370 61
105 14
385 38
748 59
460 39
319 41
47 14
663 42
296 36
992 20
1020 64
200 87
243 47
435 18
27 12
371 44
320 30
349 75
930 43
435 69
256 40
793 86
464 9
285 22
544 5
9 15
642 42
450 25
446 9
188 61
247 91
867 28
613 55
581 20
982 90
478 9
257 27
56 21
262 45
758 43
194 46
898 14
96 46
361 50
873 62
263 40
909 99
386 91
600 84
860 61
3 78
925 18
491 62
53 92
798 41
613 60
343 11
205 25
184 65
423 56
226 1
700 89
126 77
218 69
819 69
569 31
196 3
925 87
1022 32
644 26
206 3
539 34
489 38
861 100
562 43
236 98
881 17
239 36
918 23
1022 58
532 98
932 85
637 86
176 57
1004 27
836 60
988 97
414 85
406 74
84 58
879 50
438 18
380 12
69 86
326 37
19 19
1015 8
82 62
463 50
89 58
1008 81
692 52
627 41
323 74
283 36
986 67
326 78
604 3
317 52
285 18
814 55
316 31
136 60
842 24
973 24
858 99
728 35
175 27
699 63
213 95
456 70
112 2
423 31
431 7
901 42
589 39
393 8
243 2
345 14
277 99
389 62
449 78
346 99
272 48
882 25
993 59
184 86
513 38
34 87
407 83
507 49
905 57
999 9
694 41
125 28
530 94
918 25
721 3
74 75
200 73
155 14
354 56
915 18
213 41
369 9
46 59
359 83
122 55
262 57
682 94
306 32
341 62
204 16
817 33
497 64
912 69
661 73
392 21
590 55
182 59
914 62
909 17
829 4
450 60
545 66
640 56
244 77
280 97
124 7
88 47
538 38
299 88
669 99
746 17
983 21
404 56
310 25
580 78
726 30
454 92
552 50
419 29
687 28
579 79
207 99
242 85
59 44
978 52
973 12
59 14
446 14
395 78
27 1
952 2
930 90
336 37
430 52
391 42
499 47
888 83
143 80
139 28
738 51
223 6
684 69
737 21
439 43
771 36
448 66
417 39
68 79
310 96
871 79
670 24
679 83
580 79
59 84
907 59
771 2
880 37
549 60
995 21
852 69
361 9
255 87
113 32
373 63
924 21
942 73
843 37
972 64
203 32
238 19
453 67
190 40
757 40
669 11
781 80
167 81
962 46
793 78
149 11
7 88
1011 40
917 5
89 37
309 61
508 74
695 1
124 2
204 35
260 83
853 76
618 6
805 54
169 55
606 78
986 96
61 3
244 32
527 5
454 82
677 43
549 50
929 82
263 95
572 9
542 6
434 95
239 27
620 98
82 8
99 13
314 44
874 12
392 4
1002 77
821 82
835 77
738 10
261 37
800 58
752 14
729 78
140 18
566 67
58 50
11 55
805 33
895 96
663 87
252 11
762 35
216 96
359 34
140 49
975 20
549 5
984 94
603 32
868 42
846 49
362 52
387 39
390 32
371 81
781 13
178 80
807 88
489 89
158 92
445 30
671 93
353 33
1020 62
112 55
364 30
911 17
208 15
557 10
579 46
29 3
302 67
321 9
225 65
937 6
658 8
533 11
753 56
729 53
253 50
207 97
201 36
95 46
28 87
113 12
458 49
918 53
613 86
191 85
989 25
625 11
224 30
658 74
755 47
809 34
207 10
42 54
564 62
926 94
610 56
74 57
47 44
221 73
243 47
159 72
314 74
450 82
305 83
699 24
391 48
899 63
272 44
282 40
637 27
528 97
477 5
1013 50
633 53
224 67
248 58
1015 93
31 52
256 4
724 52
827 78
362 3
690 36
513 90
250 54
189 60
375 48
24 79
593 76
804 94
909 80
1017 46
702 55
130 3
969 79
297 65
503 14
561 72
539 5
264 76
66 10
476 62
227 40
831 80
237 19
826 61
135 29
604 36
12 45
315 42
581 25
225 66
863 54
538 50
173 62
989 77
492 14
976 78
291 7
365 40
800 68
6 81
243 5
736 55
104 50
133 82
918 42
84 94
150 44
934 25
169 7
510 29
374 52
1018 56
535 24
518 52
624 37
70 36
440 73
23 57
325 16
949 83
863 97
767 3
767 6
939 46
279 40
711 53
167 94
335 68
823 52
861 54
510 85
952 94
243 58
444 95
965 88
608 73
2 29
876 8
427 92
261 27
441 8
433 1
50 37
886 32
712 48
802 87
136 54
962 58
760 24
691 97
174 55
962 22
969 94
488 42
822 87
897 7
471 20
283 3
312 85
483 18
830 50
528 84
481 22
607 72
757 31
813 40
674 69
120 34
393 19
655 22
362 70
64 55
279 28
539 96
603 57
795 1
745 20
8 100
842 91
452 5
828 66
973 74
599 86
370 43
471 6
267 39
171 43
1023 77
991 49
545 65
350 42
610 57
389 5
828 7
390 87
981 19
551 96
259 70
902 15
868 95
205 1
869 2
313 26
984 14
876 78
154 86
483 31
144 83
99 29
32 65
845 59
213 3
979 55
873 75
666 5
301 25
436 66
240 71
404 87
494 99
798 49
818 55
218 10
880 52
271 95
727 67
675 96
275 12
738 74
637 78
167 89
689 2
623 29
357 39
803 3
66 54
685 86
595 43
17 21
862 73
517 43
889 53
24 22
170 13
396 7
484 10
634 72
154 6
96 43
915 24
447 80
269 2
676 11
65 95
134 75
792 63
751 94
202 74
380 59
358 8
687 58
161 8
153 39
955 38
418 83
240 55
369 24
585 33
266 4
886 89
547 83
52 10
118 25
501 93
82 29
128 97
912 54
885 91
1011 38
746 66
443 77
576 76
631 86
658 58
695 30
937 7
985 23
26 89
320 37
545 98
948 99
239 6
413 60
813 44
16 65
275 89
838 32
450 58
898 96
461 71
319 100
733 47
356 16
500 64
992 86
769 82
438 30
46 34
335 96
21 79
284 92
344 44
654 11
940 25
1001 99
387 66
538 11
635 30
97 22
409 86
369 20
916 72
729 91
327 79
476 31
662 57
997 94
707 75
363 51
439 32
266 69
239 20
147 6
88 52
913 22
90 63
378 9
848 72
948 30
712 27
310 4
864 68
969 28
324 50
844 62
215 49
170 90
295 80
251 36
656 78
239 73
55 84
492 100
416 60
940 21
781 9
480 48
455 68
455 82
279 1
97 57
964 38
958 44
705 100
535 72
901 85
795 15
629 4
562 81
522 16
519 45
953 38
620 3
972 39
907 73
610 92
674 6
79 17
789 36
281 99
21 11
238 86
452 67
821 92
887 60
25 33
656 28
375 13
1001 20
265 81
27 99
70 78
807 38
248 27
645 35
492 2
316 5
121 28
21 100
530 22
162 25
889 41
107 7
936 40
756 64
331 57
750 67
298 89
661 10
315 56
28 18
897 47
429 49
819 21
76 22
699 72
667 74
857 31
201 78
536 42
869 5
453 53
282 93
396 57
80 41
1017 80
233 91
735 44
758 2
362 67
666 5
442 52
363 15
128 91
459 92
725 84
968 80
849 25
776 38
118 71
291 56
474 68
274 67
566 80
203 31
946 34
847 1
833 22
275 88
433 70
715 52
193 18
742 3
749 71
311 100
1019 4
470 60
253 15
346 6
71 67
187 4
301 24
482 23
77 27
4 32
703 65
883 49
542 23
383 59
134 27
392 13
22 96
57 14
70 28
967 53
199 71
16 58
376 43
1007 34
51 22
751 34
271 89
751 42
335 64
449 76
748 88
9 86
272 19
354 35
119 54
142 15
889 70
567 33
746 75
419 66
170 41
886 5
348 91
592 26
208 91
845 8
368 22
370 16
542 78
515 22
445 68
958 82
148 67
501 26
703 54
194 47
498 64
138 26
535 58
505 34
409 61
83 74
363 38
132 8
280 3
475 35
155 72
447 5
354 87
229 84
810 86
823 37
186 62
106 15
417 64
15 93
1000 88
570 68
436 30
957 47
880 20
543 47
426 26
344 33
814 69
102 78
391 7
353 31
775 16
157 8
72 62
397 2
854 86
82 27
413 62
65 5
297 33
884 79
143 10
222 9
327 64
77 91
1010 76
480 45
725 16
727 3
482 23
439 100
963 98
680 61
467 98
575 17
875 31
1012 25
780 79
756 25
964 42
771 77
31 53
500 99
20 2
265 52
563 88
816 4
453 98
203 67
405 2
209 74
339 17
177 23
194 29
5 54
262 63
860 13
691 19
55 22
378 69
1 85
1015 81
3 57
971 78
54 40
351 20
545 36
481 13
361 24
519 71
924 73
469 60
708 7
376 93
504 48
276 30
815 57
939 72
271 72
864 68
611 85
152 52
476 55
369 24
522 34
749 50
365 43
728 72
96 46
185 41
985 25
976 67
352 55
820 23
555 98
172 21
323 47
78 48
951 35
873 45
134 23
427 81
32 49
601 94
810 70
354 16
272 24
551 13
963 95
138 21
210 4
600 66
441 9
772 82
651 28
144 64
510 8
70 89
698 49
478 99
113 41
739 26
513 69
733 26
937 90
312 59
411 30
827 3
628 75
167 42
345 92
192 90
1014 22
95 80
827 31
139 26
839 17
676 95
248 45
113 35
320 46
580 45
97 75
653 7
1000 25
280 99
41 11
468 40
726 65
939 84
928 49
803 27
924 56
465 75
670 18
469 56
15 11
424 6
65 92
979 8
108 2
463 24
595 11
166 19
963 96
78 97
8 55
191 5
162 40
95 92
97 15
38 44
920 83
877 78
138 84
656 17
760 67
298 62
379 24
535 81
139 10
746 44
194 48
97 12
471 25
56 48
621 43
930 78
298 18
359 47
784 54
653 95
580 20
939 94
650 57
238 28
408 86
829 29
687 96
613 6
212 34
765 16
78 83
783 36
787 86
491 91
98 95
972 25
218 12
391 98
26 16
772 15
364 13
240 74
977 59
997 65
543 3
530 99
573 80
115 27
307 29
603 68
157 52
352 25
934 35
242 60
344 38
293 99
161 73
748 56
34 83
228 2
350 53
865 5
97 18
709 88
45 14
145 62
60 98
89 5
43 13
580 60
476 5
203 93
511 64
975 76
690 4
358 16
309 97
374 67
268 61
286 43
997 15
774 85
974 91
700 68
301 92
717 71
978 63
935 1
375 81
567 58
179 43
907 29
856 80
345 40
474 12
523 26
172 81
965 99
369 33
723 74
1005 1
757 92
102 13
92 5
240 61
744 27
1002 81
785 67
952 93
81 70
878 89
341 56
90 8
377 45
636 41
348 90
171 100
693 17
177 65
566 18
502 95
637 71
1 1
542 69
232 100
944 39
595 66
383 95
341 45
339 80
363 22
510 88
57 83
155 71
28 30
984 63
250 97
847 1
885 99
804 42
863 39
484 77
30 39
988 97
709 65
74 53
832 88
815 40
478 35
367 81
526 18
752 61
927 60
487 35
226 3
17 100
815 51
62 92
265 34
628 85
913 70
264 2
700 52
912 48
122 79
127 2
187 77
816 3
783 20
114 93
25 26
919 62
775 22
297 2
399 15
389 19
797 59
750 91
670 29
394 12
718 20
795 76
548 5
186 100
1021 97
886 20
476 47
342 2
838 10
859 46
114 62
800 14
737 32
250 36
694 52
595 75
490 54
985 20
735 92
828 67
472 17
962 60
559 64
326 78
84 60
343 17
143 77
548 70
529 39
202 54
23 79
314 88
937 75
357 50
610 24
874 65
552 57
634 87
231 41
35 99
375 70
432 56
706 9
463 89
512 92
124 98
278 59
610 92
528 6
850 18
936 58
255 5
328 39
13 15
522 13
213 74
167 32
650 44
811 90
279 21
82 5
930 23
526 70
1003 18
195 88
862 39
202 60
957 22
898 32
148 29
146 88
558 52
241 82
758 67
862 54
528 39
524 55
239 38
117 66
178 70
198 88
896 85
980 26
942 10
377 19
570 37
443 82
120 38
943 48
214 14
650 88
377 47
635 78
610 13
767 29
598 93
194 73
510 42
218 77
660 30
484 72
665 90
965 6
922 32
559 3
210 19
811 67
573 65
499 72
902 23
301 33
991 14
736 40
925 2
362 14
362 41
229 42
631 17
189 69
380 85
47 94
887 3
70 62
462 78
799 20
719 94
586 13
890 82
931 26
162 31
978 91
185 29
180 61
417 91
126 10
730 77
281 86
159 86
564 39
795 92
731 70
959 28
935 39
99 4
430 49
652 96
314 31
777 51
457 4
549 85
706 42
333 67
664 37
985 29
547 3
602 4
156 15
476 65
800 55
480 31
377 40
97 23
689 31
725 25
667 11
728 31
992 28
194 83
478 9
333 53
218 50
185 24
406 1
853 11
317 30
260 19
183 34
992 9
312 24
334 58
859 5
109 52
593 62
311 65
172 96
932 4
529 7
128 90
499 27
752 65
422 60
258 86
214 55
94 79
22 3
723 19
739 53
37 80
988 38
17 8
717 14
440 55
659 78
384 39
725 31
69 32
775 78
949 15
392 26
107 75
804 12
260 47
625 27
638 34
606 89
985 24
742 58
80 23
679 44
569 60
172 92
255 61
408 22
786 19
802 35
445 54
1012 79
430 56
426 94
940 22
256 53
866 90
26 75
434 26
212 24
73 53
192 75
369 32
137 34
905 25
1012 85
883 77
908 17
928 66
782 78
41 90
391 90
311 3
378 2
145 35
786 70
692 30
656 26
770 47
981 45
661 54
923 6
663 4
882 89
368 59
446 4
640 77
537 20
460 59
114 13
985 94
59 37
281 29
350 53
760 60
404 42
10 71
521 72
110 58
989 2
679 36
303 10
601 42
287 72
417 69
610 64
247 85
567 35
920 57
794 56
340 47
912 82
456 78
831 1
344 93
777 94
833 12
822 64
454 41
557 16
125 32
547 37
341 50
645 15
898 65
814 2
956 64
852 12
179 22
475 42
784 93
537 41
455 92
542 29
611 15
522 58
182 27
651 97
564 35
650 99
136 8
235 95
386 100
936 31
194 11
355 90
140 45
821 82
518 67
705 86
326 42
147 68
926 70
865 76
820 53
709 29
196 48
867 78
390 40
667 83
464 95
615 10
244 62
755 70
586 17
877 17
761 85
681 8
993 50
863 73
927 15
335 21
842 41
169 26
758 57
332 36
829 69
128 34
682 14
819 36
841 43
469 100
951 99
307 66
68 46
201 48
504 22
949 36
887 10
816 15
781 100
107 85
351 65
1007 29
57 57
793 35
145 15
607 19
13 70
259 63
563 14
100 89
845 68
226 19
898 73
627 47
856 35
215 76
488 26
889 100
514 98
292 92
874 77
351 68
975 73
380 18
919 28
131 84
769 66
114 50
889 42
946 88
769 98
36 31
528 3
819 12
968 87
598 85
100 16
271 56
944 69
282 45
116 92
192 57
310 78
75 93
542 2
476 34
476 7
987 15
736 20
367 72
837 58
1013 12
636 93
896 93
228 69
283 21
614 68
477 18
576 52
221 39
773 75
68 89
778 13
776 67
747 34
202 94
751 30
