65715860068040
525429918609415
119752118840040
1029321811667269
860356517985140
317844407131187
51611485545675
860356517985140
1029321811667269
952260447633437
1058944281627999
763241454390952
525429918609415
51611485545675
527302768923060
317844407131187
25821642713002
619748076010441
617279841543006
595667185086945
432591669975902
317844407131187
619748076010441
211067864540577
860356517985140
962988982244941
639165544049215
508964059043722
519868477055321
499419662466697
256607024454027
595667185086945
211067864540577
763241454390952
65715860068040
1029321811667269
181109031937068
319496905360849
25821642713002
615706351057255
472508068579658
25821642713002
642211520826356
642211520826356
388740441795965
25821642713002
197430477157499
930699117708816
181109031937068
930699117708816
256607024454027
25821642713002
472508068579658
270742501174621
930699117708816
119752118840040
639165544049215
472508068579658
181109031937068
527302768923060
317844407131187
10945496044724
639165544049215
181109031937068
519868477055321
472508068579658
25821642713002
317844407131187
598541816401299
736178417187021
388740441795965
119752118840040
952260447633437
860356517985140
860356517985140
525429918609415
428296398459687
847680102147063
525429918609415
388740441795965
952260447633437
211067864540577
197430477157499
359635387972769
10945496044724
527302768923060
822909826085550
256607024454027
211067864540577
619748076010441
51611485545675
598541816401299
598541816401299
763241454390952
25821642713002
388740441795965
472508068579658
197430477157499
822909826085550
508964059043722
847680102147063
519868477055321
270742501174621
642211520826356
930699117708816
525429918609415
598541816401299
525429918609415
519868477055321
642211520826356
319496905360849
319496905360849
119752118840040
860356517985140
642211520826356
25821642713002
678525372386801
432591669975902
119752118840040
519868477055321
432591669975902
428296398459687
197430477157499
519868477055321
197430477157499
65715860068040
617279841543006
181109031937068
10945496044724
319496905360849
678525372386801
10945496044724
962988982244941
428296398459687
428296398459687
432591669975902
678525372386801
428296398459687
256607024454027
388740441795965
822909826085550
472508068579658
499419662466697
65715860068040
639165544049215
763241454390952
508964059043722
1029321811667269
525429918609415
642211520826356
615706351057255
952260447633437
317844407131187
499419662466697
525429918609415
619748076010441
930699117708816
428296398459687
860356517985140
527302768923060
319496905360849
595667185086945
822909826085550
860356517985140
359635387972769
25821642713002
359635387972769
508964059043722
388740441795965
10945496044724
615706351057255
65715860068040
181109031937068
51611485545675
595667185086945
678525372386801
319496905360849
763241454390952
211067864540577
930699117708816
317844407131187
619748076010441
211067864540577
1058944281627999
525429918609415
428296398459687
527302768923060
181109031937068
472508068579658
359635387972769
617279841543006
519868477055321
256607024454027
642211520826356
270742501174621
428296398459687
642211520826356
270742501174621
595667185086945
847680102147063
527302768923060
181109031937068
519868477055321
472508068579658
763241454390952
508964059043722
619748076010441
319496905360849
65715860068040
598541816401299
639165544049215
1058944281627999
615706351057255
10945496044724
1029321811667269
432591669975902
527302768923060
527302768923060
428296398459687
432591669975902
525429918609415
256607024454027
25821642713002
598541816401299
527302768923060
428296398459687
51611485545675
527302768923060
181109031937068
10945496044724
527302768923060
519868477055321
822909826085550
1029321811667269
525429918609415
388740441795965
1029321811667269
25821642713002
317844407131187
256607024454027
499419662466697
642211520826356
319496905360849
1058944281627999
499419662466697
472508068579658
319496905360849
736178417187021
639165544049215
388740441795965
270742501174621
10945496044724
270742501174621
181109031937068
256607024454027
1058944281627999
256607024454027
432591669975902
428296398459687
642211520826356
962988982244941
822909826085550
197430477157499
952260447633437
639165544049215
930699117708816
472508068579658
508964059043722
428296398459687
595667185086945
317844407131187
525429918609415
822909826085550
197430477157499
119752118840040
472508068579658
499419662466697
270742501174621
617279841543006
619748076010441
1058944281627999
847680102147063
598541816401299
256607024454027
639165544049215
1029321811667269
211067864540577
197430477157499
847680102147063
10945496044724
527302768923060
930699117708816
499419662466697
595667185086945
847680102147063
615706351057255
25821642713002
527302768923060
270742501174621
51611485545675
319496905360849
595667185086945
962988982244941
428296398459687
25821642713002
472508068579658
619748076010441
388740441795965
270742501174621
25821642713002
432591669975902
822909826085550
639165544049215
860356517985140
270742501174621
181109031937068
388740441795965
270742501174621
181109031937068
256607024454027
428296398459687
962988982244941
962988982244941
1058944281627999
388740441795965
25821642713002
25821642713002
822909826085550
499419662466697
962988982244941
181109031937068
508964059043722
1029321811667269
25821642713002
472508068579658
51611485545675
678525372386801
642211520826356
319496905360849
962988982244941
119752118840040
428296398459687
642211520826356
615706351057255
519868477055321
595667185086945
51611485545675
847680102147063
619748076010441
508964059043722
519868477055321
763241454390952
428296398459687
615706351057255
525429918609415
499419662466697
525429918609415
736178417187021
860356517985140
736178417187021
51611485545675
119752118840040
527302768923060
598541816401299
256607024454027
65715860068040
930699117708816
642211520826356
595667185086945
860356517985140
388740441795965
211067864540577
499419662466697
10945496044724
472508068579658
615706351057255
319496905360849
432591669975902
25821642713002
595667185086945
930699117708816
617279841543006
617279841543006
119752118840040
595667185086945
10945496044724
432591669975902
1058944281627999
472508068579658
51611485545675
1058944281627999
428296398459687
25821642713002
197430477157499
962988982244941
359635387972769
432591669975902
595667185086945
595667185086945
1029321811667269
51611485545675
499419662466697
508964059043722
51611485545675
256607024454027
65715860068040
678525372386801
595667185086945
615706351057255
197430477157499
525429918609415
256607024454027
962988982244941
25821642713002
181109031937068
319496905360849
211067864540577
763241454390952
388740441795965
65715860068040
952260447633437
10945496044724
678525372386801
519868477055321
51611485545675
256607024454027
359635387972769
211067864540577
617279841543006
319496905360849
499419662466697
619748076010441
615706351057255
763241454390952
847680102147063
197430477157499
678525372386801
388740441795965
930699117708816
211067864540577
181109031937068
519868477055321
527302768923060
527302768923060
619748076010441
615706351057255
25821642713002
65715860068040
10945496044724
270742501174621
508964059043722
319496905360849
432591669975902
525429918609415
930699117708816
472508068579658
428296398459687
595667185086945
736178417187021
1029321811667269
1058944281627999
1058944281627999
615706351057255
642211520826356
256607024454027
678525372386801
388740441795965
525429918609415
1029321811667269
428296398459687
525429918609415
119752118840040
197430477157499
317844407131187
617279841543006
617279841543006
598541816401299
499419662466697
847680102147063
639165544049215
519868477055321
952260447633437
25821642713002
736178417187021
25821642713002
617279841543006
822909826085550
25821642713002
763241454390952
930699117708816
1058944281627999
763241454390952
822909826085550
962988982244941
525429918609415
639165544049215
211067864540577
962988982244941
508964059043722
319496905360849
211067864540577
51611485545675
119752118840040
1058944281627999
10945496044724
508964059043722
211067864540577
615706351057255
270742501174621
519868477055321
317844407131187
1058944281627999
619748076010441
119752118840040
962988982244941
432591669975902
930699117708816
119752118840040
119752118840040
615706351057255
25821642713002
181109031937068
432591669975902
525429918609415
25821642713002
428296398459687
860356517985140
119752118840040
822909826085550
197430477157499
736178417187021
930699117708816
617279841543006
519868477055321
256607024454027
763241454390952
619748076010441
619748076010441
527302768923060
211067864540577
197430477157499
952260447633437
860356517985140
181109031937068
25821642713002
930699117708816
527302768923060
432591669975902
763241454390952
952260447633437
65715860068040
211067864540577
525429918609415
598541816401299
763241454390952
508964059043722
359635387972769
508964059043722
642211520826356
197430477157499
847680102147063
617279841543006
508964059043722
952260447633437
1058944281627999
763241454390952
615706351057255
25821642713002
952260447633437
428296398459687
317844407131187
181109031937068
763241454390952
525429918609415
51611485545675
847680102147063
432591669975902
65715860068040
25821642713002
619748076010441
25821642713002
736178417187021
432591669975902
256607024454027
65715860068040
1029321811667269
763241454390952
519868477055321
763241454390952
211067864540577
428296398459687
519868477055321
519868477055321
678525372386801
525429918609415
472508068579658
617279841543006
65715860068040
10945496044724
962988982244941
860356517985140
962988982244941
642211520826356
617279841543006
181109031937068
519868477055321
317844407131187
595667185086945
472508068579658
428296398459687
181109031937068
763241454390952
51611485545675
598541816401299
181109031937068
619748076010441
508964059043722
211067864540577
270742501174621
1058944281627999
595667185086945
860356517985140
952260447633437
525429918609415
598541816401299
678525372386801
519868477055321
519868477055321
678525372386801
359635387972769
930699117708816
197430477157499
615706351057255
736178417187021
598541816401299
25821642713002
595667185086945
527302768923060
211067864540577
598541816401299
639165544049215
25821642713002
359635387972769
181109031937068
527302768923060
508964059043722
1029321811667269
595667185086945
642211520826356
527302768923060
10945496044724
527302768923060
197430477157499
499419662466697
822909826085550
472508068579658
952260447633437
51611485545675
615706351057255
317844407131187
359635387972769
617279841543006
847680102147063
619748076010441
51611485545675
930699117708816
595667185086945
319496905360849
181109031937068
642211520826356
119752118840040
10945496044724
639165544049215
119752118840040
847680102147063
25821642713002
642211520826356
822909826085550
256607024454027
598541816401299
930699117708816
527302768923060
615706351057255
595667185086945
617279841543006
499419662466697
763241454390952
962988982244941
962988982244941
51611485545675
319496905360849
639165544049215
519868477055321
860356517985140
962988982244941
1029321811667269
595667185086945
736178417187021
1029321811667269
952260447633437
388740441795965
642211520826356
763241454390952
962988982244941
519868477055321
181109031937068
181109031937068
119752118840040
472508068579658
736178417187021
1029321811667269
617279841543006
598541816401299
508964059043722
51611485545675
847680102147063
619748076010441
319496905360849
678525372386801
930699117708816
952260447633437
319496905360849
256607024454027
359635387972769
1058944281627999
25821642713002
1058944281627999
359635387972769
822909826085550
10945496044724
51611485545675
359635387972769
952260447633437
525429918609415
642211520826356
211067864540577
595667185086945
678525372386801
428296398459687
525429918609415
642211520826356
860356517985140
319496905360849
472508068579658
319496905360849
962988982244941
595667185086945
432591669975902
499419662466697
428296398459687
211067864540577
678525372386801
736178417187021
181109031937068
519868477055321
181109031937068
472508068579658
615706351057255
65715860068040
736178417187021
432591669975902
847680102147063
119752118840040
525429918609415
642211520826356
181109031937068
678525372386801
432591669975902
1029321811667269
847680102147063
527302768923060
25821642713002
822909826085550
1058944281627999
1029321811667269
952260447633437
1029321811667269
639165544049215
519868477055321
736178417187021
10945496044724
256607024454027
119752118840040
388740441795965
388740441795965
10945496044724
962988982244941
763241454390952
211067864540577
615706351057255
527302768923060
1058944281627999
519868477055321
1029321811667269
619748076010441
211067864540577
519868477055321
678525372386801
270742501174621
930699117708816
197430477157499
642211520826356
65715860068040
432591669975902
639165544049215
181109031937068
270742501174621
119752118840040
499419662466697
639165544049215
763241454390952
499419662466697
319496905360849
10945496044724
930699117708816
359635387972769
1058944281627999
527302768923060
119752118840040
317844407131187
388740441795965
962988982244941
678525372386801
595667185086945
617279841543006
847680102147063
615706351057255
472508068579658
822909826085550
51611485545675
10945496044724
525429918609415
598541816401299
508964059043722
119752118840040
678525372386801
619748076010441
270742501174621
617279841543006
860356517985140
962988982244941
472508068579658
860356517985140
211067864540577
860356517985140
952260447633437
1029321811667269
472508068579658
847680102147063
847680102147063
10945496044724
595667185086945
65715860068040
639165544049215
617279841543006
519868477055321
508964059043722
25821642713002
197430477157499
256607024454027
319496905360849
822909826085550
1058944281627999
595667185086945
508964059043722
822909826085550
598541816401299
1058944281627999
211067864540577
270742501174621
119752118840040
642211520826356
595667185086945
388740441795965
211067864540577
678525372386801
51611485545675
619748076010441
499419662466697
952260447633437
317844407131187
595667185086945
388740441795965
952260447633437
197430477157499
595667185086945
256607024454027
736178417187021
678525372386801
847680102147063
119752118840040
1029321811667269
508964059043722
119752118840040
619748076010441
619748076010441
763241454390952
270742501174621
432591669975902
499419662466697
