5600748293801 32361122672259149
950
50571038988468783
422150491203473249
875047518612919492
369041781484450655
652899968708748848
67941495458141935
528252219122163553
38244284884579713
222264673444640029
292643460664442694
491420912865656487
657710352570951795
97332493448957354
668527423472294539
544119525042120929
937924183618072492
502803218696256717
745626515179348975
122231700092181240
986415457628922274
714706169593428973
297786881939924933
742941268557443664
287060791452080945
324557009158468116
827360127854724834
349613710474265297
471845308418962889
376983984121816249
498393503340848044
751733399256458317
38794192856022910
111169343999609949
752880759914712070
584902980858461328
940307680342960031
584287607542689064
333963169244387370
559477005271138363
690229264830392711
732243444646221024
911990661041921394
441498484101857656
15667535337094254
97551172755606126
120310834138318108
351906708926656611
381004429750683100
99755996213777145
995114039417808887
241038969432967629
519848373387424013
374471587121888277
214522105393997695
41138311735586794
801311893324986923
206048396773804153
264139750633569489
315600503545585121
538799397088511342
139892659810259406
507144369963005309
352713590666825095
985867267273302890
915798572303209090
179938320789294932
683884640242744021
644817381547579998
960243746076282829
646825179737021940
382615057251013291
291053441602914953
803717132319891
916602189435528981
873167473370048105
333679174610532671
205199247797518364
874924671731115239
120704111424970743
873627725376798853
755891988845708954
847396456442697753
259675222947970533
703589141775733772
815073800352281090
185606071715302440
885753237360474918
537304976531781645
658008987956752389
484350287296072182
718360008467598859
953173346771445426
691372682482800267
439440060509341858
735873595448153118
778407695756011905
536087244311098124
854108113036299128
338458398184887662
405577299994209697
891207586785009819
350260645398476081
563562859676339578
299436455124492696
995865028794170240
260849258122205126
880464402276943574
794888970288207964
810801869365854138
380197632925972658
36320784317462271
942113737948584876
596974015227375702
624872038150951843
563112774661160354
559421100698756683
949222567181477721
929038379809131531
576688833777084760
574599837438481367
516713575387066243
890314558054633433
291813657203325821
65333339134661349
461606983996854443
712500367017335121
647274723622632010
185619650008677365
313539289150117023
825275342188341535
61017840534849264
873456952719679402
117064103505978983
959024305785864524
420631291930202615
414890710195261302
358372699936765005
7520130485140784
456729235960344427
299523795257270513
623552321057986541
37172261121255203
144752462915527552
841658014824646415
680345574949589682
436016304608587235
398830172801731209
113434128354296202
896174914461091053
236099665222474278
395406527127310921
299723047583021116
939690836969820028
290016139337907
252406766501857632
34159734613434501
799863648047634275
47109067326279736
612840065569763500
992370290227210307
516652979947668315
882593584492772739
705506827132691036
21621170338074040
116942413368502002
102324750045934007
983881896889489768
807617927360993696
197085058223465036
189455348450675344
482735291543567851
847462664166772171
384043194881506471
958320345180286694
851742237664885741
873323283227891481
578972275125194095
559030772205191945
889848787343613986
207727532047541549
55190194066830072
215860356388528031
950807662566555269
665061207810805030
711738575049294564
585061858277186045
940661094400120685
166167721389118104
677284872456947408
653664876117087949
415081733184203677
920832524419325098
494255352485106146
567586271402405199
120371797895205415
915567978760572661
400554628340637760
452815049288043687
70045595536581747
311626422560743015
726708057892430340
39263291339972064
159634989235177479
864324100538216134
902206092138065143
106255805127032256
758745486862927920
503032510237554473
825671203626891746
980072935503987966
290913519343794916
767870099792516375
407228357623759976
560805300030951874
363852045466519472
201508531343741694
604127000141307815
595448783337667025
822624157209347261
327401412031998000
415055732938727684
385592826412681112
896974136750029703
37453245361773368
533737916582793390
393716439970948113
655944388628601153
583281494094899325
157417586752388114
327015061778120322
959792501322536348
856766638072566052
381365699301813063
791207613587716001
682365830154430758
842469901956747994
999887388709136109
229095773448186315
485481509782875422
719157391436926055
166631303309197507
147856161672807014
352650236751914619
334276842696766162
176746748948481453
830435874689239787
836158611282650294
321640118918042069
134593502303040631
642926309336524754
567409434154555960
920059573053954227
356821212515837060
14229775073035815
617519733788815980
738081851878915258
510070872939204524
116017310648504460
868911073572384251
511837382908909005
79246819210948613
999306290117419193
132754565778480445
146984238704032612
541130935638072784
866966172714828837
27088301976124424
883887768196384956
341503900044285586
480167531157710403
511563697209821995
833735743294704607
743741464770967873
284872400409040658
928465538416577335
955553740392701759
616068569586827259
549217806282006181
858268547769165170
659079797839048357
492815541133752964
283142425221912053
592834612126238584
688395039848832839
166035172674191016
95122575835378211
344568329347229619
202836874968911141
525801895056595583
759515651289770105
813359670444655696
387572217515733353
23284132436043156
587461479330479350
481390884850238669
805096536035406101
812218353054806546
684818717286596295
423011492477350409
827945895935799095
679387312641394461
809585322774926637
588831212927846960
211241006303675038
230860299382932690
488751090498544712
135264820684492213
114866174473485310
77356120701991616
497091682646718488
257254703052012190
867751334786780161
793603782992563082
977474083488776160
387121148863791393
715795382583953940
282542462028644815
272300931803202451
42098995868568604
595834962153214690
959156246917820117
911308744610272505
498045256606766964
460544243182729803
597450187672936164
879992549701580979
18925742163566804
382649585469068666
819436533067129098
104572668690890451
54841374205409297
533946260524876741
413938810226457721
342859257023948991
240574981326213883
306549013309133345
108306359650064412
597999413746492177
767790175916885043
390943287259363201
236844663451901995
427410441118551204
546896659140240739
908681456180272887
112953509935307991
997886730583112948
595886142182121477
558386360310552688
776747826758939490
13592490210841485
217629892327133233
650331207998006023
233362761326953917
122943232260002453
120829962843115401
493343066022977422
800790164074774278
556434545646683288
377677068753496167
659236662496310565
200390174961425082
649847386978542275
772790521386028376
670247447374367969
163590517692312687
403823741038235644
960258184537435284
576175266043089152
704573069003145139
694099523511503282
110584247015607992
887071649452474115
268372193594971739
580222442536064856
713195599047096818
388939094338549582
556782380275306333
102302730670591955
181880976558669351
183911043782611818
591969144049042491
800229375984134987
263156084435941643
776911335407893679
192195620447173040
891586166583906680
729280197075410092
558803817789061896
698176454880632888
41018596874234142
80801642307916329
5279216245993168
206725501767786636
68084777628829157
504899848982478258
346237890137398630
44414347165515166
862059805037489852
719488410490630374
501394587734364086
708119991649634371
883667981304785536
727429196394100277
306672254614493217
151618167058449720
287046321939932104
212140455890915123
98892673189282135
426168680445155759
570422415510932168
206333720088823792
349101343563569080
549872826341423776
645397054845752029
602981090535053782
280053536714985910
863247410414315627
419097320971666417
65481394883488792
863743200666808070
989471511670568639
129889390250629720
137359034482481156
169892825643710664
226573325503920766
166823697757819536
855642987750603860
921124284781576300
561494548593608563
327593123409401394
457482417954998410
621374179654847298
106314736891331107
124444343407881312
651393469753644678
963537175754467959
819180165652555467
516931513579355960
855053025318188715
182646150875073757
416755531975296359
38129709482660009
319322371784185359
933347253235294749
426092169221427967
389629347123379574
558604688167600949
134048075816444452
316694124544034561
733449554371847272
458802987979864409
554752322909273960
264726637142309253
690818708511220868
857075018779824634
842511492553500219
121506540904272309
79232268809380741
170228288232296346
764171722422664496
999601671400269449
4091586507524702
100582055861070342
188867388283868535
53326331927476888
216905470249860005
818557324762516633
339480898653991167
32982112152304016
242110015980645992
22828565633394887
123410519346981581
897773846152426606
4299236816714714
377455099980259833
829843134100669341
581034418836774436
920515219638249252
953497231790553268
218435715552077796
118473202339250865
681234738114953306
174628248433876211
781098343532286096
10184865278369132
179313353795303606
734831458487877879
7720334663375905
172972885955441945
138963606656957287
820198242624426945
970863386773737955
168238477969494527
723274855442217023
975453513550929315
423479091030787209
539282330072380355
238366745188211161
149062226719780754
920512791905906164
481447235462442996
341775901481324649
305868993765377361
803977659491936116
227456750522723325
543366043740327872
790893586223279931
700359197456043563
620871989361949727
553425570537555839
386164412875931168
129196959753463774
675574024906299176
90008345520569588
826965838559137125
363269196666997285
914566165255776446
614925367006787305
324144044146130434
144561296620009274
530625223380836823
989769683477794565
29518966211912615
73351864761461830
660550707051338917
38643233417012288
147374412846388727
193433641398771821
830013467163862550
958272845383307754
534443059270839550
886867929042879110
36115493460393474
808538792882105317
445638980056635052
459120955663206057
336423266291469601
943063694453072696
315894619544708405
850337578815547956
916347084918059698
853483799544081292
451171219073958155
864128735166071499
201087725102314113
731480158584812197
468042393146625978
560563975836558575
187528615649847075
701361088800981981
604587994664332523
945270619363616994
443438274679678590
964796045618760549
984264347208311174
416028755510137167
404209175771834550
522746905697851609
327309987400810355
43613846297916589
893924338475931445
814307999778898941
724129939074757674
923528345572047683
339557098934701203
520393235704276297
965344868938791813
144013305551788535
133255077647156269
160868467444077361
820668768605346341
89435568123716959
770702532810405433
594992085879078981
459043001946661248
891507784923818477
528003096735684765
840981266033039517
734488481659332421
281818081909929342
786946065711278368
624512486988115752
17021018215253426
798033465605236634
603373366071069626
97888642481436642
866108702730834806
563441356934629128
290149971010969379
853722997719988291
478235486855587692
549021938896625682
764245793661562358
115850912044097308
995458927162317023
269302436751508287
277634325852548324
567784194716034055
421507192436022347
676369642436834231
918615054440266642
807375846549910231
810325816118522434
374063511128282992
591090027494971483
151184046607428265
685772555925394629
745495110903733380
988921115016192687
986325614915958008
916554825328820775
611029831550729549
840761160954025675
214824672082308667
582541662722504342
733725607182448960
196125230548035077
718247302449509001
483795482758409528
304069272480478509
236394499049263641
189444650888164064
529336804604414951
671159688933142751
181512363555783199
154264557249042468
649138820696292013
913999325111965351
994695560737668052
7717125079639533
264122359403686703
137915815679500092
3160907182846341
450947559261213285
885747140413549088
903292034246593714
670640446268059515
749710149958031243
757427172890187128
936092211118598116
715880079299185001
333659425419160554
501603674511207522
181522769755541780
803688251584590734
82049009511589088
903394815713809566
16835244104967384
250163446709187532
350624234844410938
460910621261312036
962514193625035910
144036967675544986
31976935790985839
842925514886158374
214865287917257877
451491256744591900
674793130421454812
225261591845697876
804887339219437224
138763609936075941
814098914007940507
362535095210683713
980527981506855716
755386033074832571
566602219482423676
934640439370144507
126733677277711841
651442739170303092
232957139387480860
223082496127902605
281473376695450560
148207957277364975
88784859442007337
655386978924431013
455918294682169386
450342425257635035
154414898273036050
471176441574371655
818049470084760829
344248664013049837
734726159648010803
651093207879034982
874722063476321440
107267419156231371
401007823954373383
269132724545347996
418246328788941083
178195454738059864
772871885820561237
893747517273802562
628473674774329718
606447634880412641
814810291576365895
215818113383255631
261577798926344171
778804362475710274
493320049185771454
237486699711068397
906425702505729215
865125245228094732
248199941106247917
143587193552327532
88997026930281170
399787270485121257
943621603377277130
963135023965075760
869560726470804976
954775160725908879
168301080432043078
102462071352616626
119840266979140738
100041972168305120
584815680702926967
533837043959193786
273599128922010090
100099845585003814
135480306787117858
94355180292439656
530268223994626272
518161277228607388
535979878836336792
974907920679918114
887472378629848090
807259201462854645
681821180726802782
501311210010469134
577463462379886883
76175082985450432
694726774865122015
938345237527026794
689880223499652748
940855016102276492
848617613409462072
749567843529096849
482407435494207593
161934888920976538
53400596423966291
390797121634810721
329142361309321163
19022584808973911
959877500911250404
648225398605407995
36194282563788702
71552782355906906
483316779087200755
471748442031321475
639172524663872740
436161055897575936
33923388292098175
517511601273150747
709809368995245462
456797846881187651
112567454013637444
753293077673012569
552266644663836157
29782642264508989
595922796630222310
839998655196401368
892068619243625403
428972840641888555
330639420326508020
254417356242381106
881372977404748181
690278602370118132
734539186568266322
493952584153262285
941059485862262130
725225090798003634
891374621047276377
998641004519008589
753713950712725889
404968871247424887
138007344073203553
419411413254617968
73365342211478885
343944891657449011
285004377519711141
786856431462938967
454858113507955889
453499118026964478
791907587150875291
678293304307173418
592124880807054098
411987709605401201
525610971883525115
504919292282853486
234138507774638947
739747986454906432
723588020487304640
531747920737633466
901302497555942470
913641418041194305
552599711323340706
758875730970228278
803410154427275376
858173946202037249
266157085326599583
384385886864898115
50036838922474234
57087296028706554
609686909499530908
145189703614983379
715569949513423710
236311585912023103
282556328251908280
791072686252749155
426719144646175070
336263975356499653
409954990540421892
788899108241954337
998707296049654808
714277243415594870
727215792472842165
982294031371016232
317686146092475074
810219496364905493
544896227068905690
841431803532567516
903124948257936099
815620161509822745
306524468070641808
33740260543483973
792661252912240749
124705816282436814
863985399422157625
637211284345856466
853436508343722492
836479458570451846
203924628135017957
252680681170583639
804137815638133337
908259082490354335
406598453570001910
899611740730931354
540224205445796819
177435487644169637
11946683203139698
491662717428847003
907150760167226912
681348407940010941
673307944050082663
270720150565186983
276132899367386226
484121702426663748
512745422125843963
980758324166079790
605288331002406459
259125984302024608
717101355387259741
603026220783468061
118995872770430954
166342986480842129
442475783700744707
755742881661241023
510422528088454148
975228488394325871
490949451737228239
208050807124487981
811076932202923338
706699765971094836
873042650304453317
206393039923927130
738762889025359641
607912735999369183
461260611976013099
222210739015164481
138090624654491548
252798407166785271
71745444343057582
730314286546581780
294842300307773907
179918675709194583
665678869257949240
661861593042641692
547963711791891956
168766624551303093
789065147318562341
137848207486342602
868162391885440735
355034836431909876
601554251487721827
586836551273926124
180031591354466900
231047436426982543
723598659566576083
639249227740211691
585258314791529283
315457730629906908
447119530207040976
48673783842246451
672997868064532219
983842922477259379
571550749557198033
571020408466290605
478748703976212671
926043944868162492
447000733603962893
611084836313766271
702686116246685627
303474740028034885
246137793317596361
948721854623620159
894650388339449804
373399094463146123
951752393373430466
175380187975133904
244745708771449351
25576496130238169
869030917805953851
472955425104153104
168809018332816758
458768667286376889
36188454592594692
962390017039808811
781570236367192134
618646768635001200
575150549171347795
597937734552903676
364197840006227103
153222701922371084
890969316314651577
523366419046381873
305789581533966133
164282744350599551
446855637722731945
65502406357733145
796329544964067562
509496202248610632
760268281693381341
772149668492261029
19426790017709095
79519222838525101
878628637991857758
677959335205563452
651644809715884956
224601417825176710
510724583219011535
982969731001542534
363400005796034849
2324368782885856
166866003978029203
822121602967627505
940540667599814484
632525702131334326
857127019956511036
144478664173263115
904075360467513489
780385458883408063
39900513675361917
