987654321000 1125899839733759
900
5389254310856
5389254310838
5389254310850
5389254310842
5389254310825
5389254310852
5389254310831
5389254310825
5389254310842
5389254310841
5389254310840
5389254310837
5389254310838
5389254310831
5389254310826
5389254310852
5389254310849
5389254310823
5389254310844
5389254310830
5389254310827
5389254310852
5389254310823
5389254310821
5389254310825
5389254310835
5389254310822
5389254310846
5389254310859
5389254310857
5389254310832
5389254310830
5389254310821
5389254310837
5389254310856
5389254310842
5389254310853
5389254310828
5389254310849
5389254310829
5389254310839
5389254310849
5389254310858
5389254310858
5389254310836
5389254310849
5389254310848
5389254310834
5389254310853
5389254310834
5389254310832
5389254310849
5389254310839
5389254310824
5389254310834
5389254310850
5389254310822
5389254310839
5389254310853
5389254310826
5389254310852
5389254310847
5389254310822
5389254310853
5389254310859
5389254310839
5389254310849
5389254310852
5389254310854
5389254310820
5389254310836
5389254310850
5389254310841
5389254310825
5389254310825
5389254310838
5389254310855
5389254310833
5389254310838
5389254310836
5389254310841
5389254310821
5389254310848
5389254310845
5389254310847
5389254310826
5389254310851
5389254310832
5389254310821
5389254310823
5389254310831
5389254310854
5389254310854
5389254310837
5389254310849
5389254310836
5389254310839
5389254310848
5389254310851
5389254310846
5389254310833
5389254310859
5389254310824
5389254310858
5389254310834
5389254310838
5389254310854
5389254310838
5389254310859
5389254310858
5389254310828
5389254310828
5389254310850
5389254310825
5389254310858
5389254310849
5389254310843
5389254310827
5389254310850
5389254310859
5389254310827
5389254310855
5389254310848
5389254310859
5389254310848
5389254310856
5389254310844
5389254310853
5389254310847
5389254310828
5389254310843
5389254310847
5389254310835
5389254310855
5389254310855
5389254310827
5389254310843
5389254310855
5389254310832
5389254310836
5389254310851
5389254310839
5389254310857
5389254310856
5389254310822
5389254310837
5389254310846
5389254310842
5389254310838
5389254310858
5389254310829
5389254310841
5389254310852
5389254310857
5389254310838
5389254310823
5389254310834
5389254310855
5389254310825
5389254310826
5389254310828
5389254310830
5389254310851
5389254310825
5389254310845
5389254310849
5389254310845
5389254310846
5389254310836
5389254310847
5389254310829
5389254310856
5389254310853
5389254310831
5389254310830
5389254310843
5389254310828
5389254310837
5389254310821
5389254310834
5389254310852
5389254310823
5389254310821
5389254310840
5389254310838
5389254310855
5389254310826
5389254310853
5389254310839
5389254310845
5389254310844
5389254310859
5389254310832
5389254310858
5389254310824
5389254310855
5389254310858
5389254310824
5389254310830
5389254310833
5389254310826
5389254310853
5389254310859
5389254310839
5389254310837
5389254310846
5389254310823
5389254310828
5389254310856
5389254310854
5389254310822
5389254310840
5389254310829
5389254310847
5389254310842
5389254310827
5389254310826
5389254310826
5389254310855
5389254310827
5389254310838
5389254310832
5389254310849
5389254310854
5389254310826
5389254310855
5389254310831
5389254310826
5389254310853
5389254310847
5389254310826
5389254310859
5389254310851
5389254310842
5389254310838
5389254310836
5389254310842
5389254310849
5389254310852
5389254310832
5389254310857
5389254310858
5389254310828
5389254310840
5389254310857
5389254310839
5389254310828
5389254310820
5389254310822
5389254310836
5389254310824
5389254310847
5389254310824
5389254310853
5389254310832
5389254310840
5389254310832
5389254310827
5389254310855
5389254310858
5389254310835
5389254310851
5389254310848
5389254310841
5389254310822
5389254310834
5389254310839
5389254310846
5389254310855
5389254310830
5389254310852
5389254310838
5389254310851
5389254310848
5389254310850
5389254310839
5389254310857
5389254310824
5389254310844
5389254310823
5389254310840
5389254310833
5389254310854
5389254310832
5389254310822
5389254310842
5389254310821
5389254310848
5389254310833
5389254310847
5389254310826
5389254310834
5389254310857
5389254310830
5389254310833
5389254310829
5389254310849
5389254310826
5389254310824
5389254310831
5389254310828
5389254310830
5389254310835
5389254310855
5389254310849
5389254310839
5389254310823
5389254310836
5389254310824
5389254310849
5389254310827
5389254310851
5389254310822
5389254310825
5389254310824
5389254310853
5389254310836
5389254310824
5389254310853
5389254310832
5389254310855
5389254310835
5389254310835
5389254310840
5389254310836
5389254310849
5389254310849
5389254310851
5389254310857
5389254310835
5389254310853
5389254310846
5389254310842
5389254310849
5389254310839
5389254310831
5389254310843
5389254310858
5389254310828
5389254310835
5389254310850
5389254310855
5389254310858
5389254310829
5389254310859
5389254310830
5389254310831
5389254310833
5389254310823
5389254310846
5389254310859
5389254310837
5389254310855
5389254310829
5389254310838
5389254310857
5389254310838
5389254310820
5389254310825
5389254310820
5389254310831
5389254310850
5389254310826
5389254310854
5389254310832
5389254310856
5389254310834
5389254310858
5389254310830
5389254310825
5389254310836
5389254310821
5389254310857
5389254310847
5389254310839
5389254310829
5389254310828
5389254310827
5389254310849
5389254310830
5389254310834
5389254310844
5389254310844
5389254310850
5389254310830
5389254310847
5389254310827
5389254310840
5389254310839
5389254310831
5389254310840
5389254310855
5389254310849
5389254310848
5389254310835
5389254310845
5389254310827
5389254310830
5389254310830
5389254310842
5389254310831
5389254310857
5389254310846
5389254310831
5389254310832
5389254310856
5389254310843
5389254310830
5389254310829
5389254310848
5389254310838
5389254310832
5389254310835
5389254310849
5389254310853
5389254310828
5389254310821
5389254310837
5389254310836
5389254310856
5389254310841
5389254310847
5389254310843
5389254310859
5389254310831
5389254310832
5389254310845
5389254310821
5389254310844
5389254310828
5389254310857
5389254310823
5389254310829
5389254310837
5389254310833
5389254310848
5389254310843
5389254310836
5389254310834
5389254310821
5389254310853
5389254310859
5389254310826
5389254310826
5389254310823
5389254310829
5389254310849
5389254310856
5389254310847
5389254310824
5389254310846
5389254310828
5389254310827
5389254310838
5389254310834
5389254310839
5389254310855
5389254310830
5389254310820
5389254310842
5389254310840
5389254310840
5389254310829
5389254310858
5389254310832
5389254310843
5389254310836
5389254310838
5389254310842
5389254310855
5389254310838
5389254310850
5389254310848
5389254310852
5389254310844
5389254310844
5389254310854
5389254310857
5389254310833
5389254310822
5389254310859
5389254310841
5389254310849
5389254310820
5389254310849
5389254310844
5389254310851
5389254310849
5389254310837
5389254310834
5389254310840
5389254310837
5389254310851
5389254310835
5389254310838
5389254310822
5389254310821
5389254310835
5389254310846
5389254310828
5389254310821
5389254310831
5389254310850
5389254310840
5389254310847
5389254310846
5389254310821
5389254310829
5389254310824
5389254310859
5389254310852
5389254310840
5389254310823
5389254310850
5389254310835
5389254310827
5389254310834
5389254310850
5389254310850
5389254310829
5389254310849
5389254310853
5389254310827
5389254310838
5389254310849
5389254310855
5389254310825
5389254310850
5389254310851
5389254310848
5389254310820
5389254310834
5389254310844
5389254310859
5389254310832
5389254310837
5389254310823
5389254310823
5389254310826
5389254310821
5389254310848
5389254310841
5389254310825
5389254310853
5389254310849
5389254310834
5389254310826
5389254310827
5389254310837
5389254310841
5389254310856
5389254310821
5389254310838
5389254310854
5389254310837
5389254310846
5389254310845
5389254310846
5389254310858
5389254310848
5389254310833
5389254310844
5389254310846
5389254310841
5389254310840
5389254310837
5389254310829
5389254310849
5389254310841
5389254310855
5389254310852
5389254310853
5389254310837
5389254310838
5389254310831
5389254310833
5389254310827
5389254310856
5389254310849
5389254310823
5389254310849
5389254310820
5389254310827
5389254310832
5389254310856
5389254310842
5389254310837
5389254310859
5389254310837
5389254310821
5389254310855
5389254310859
5389254310859
5389254310843
5389254310838
5389254310839
5389254310844
5389254310856
5389254310847
5389254310835
5389254310825
5389254310835
5389254310858
5389254310844
5389254310853
5389254310859
5389254310852
5389254310830
5389254310839
5389254310855
5389254310853
5389254310837
5389254310831
5389254310854
5389254310853
5389254310823
5389254310846
5389254310821
5389254310824
5389254310840
5389254310830
5389254310825
5389254310841
5389254310838
5389254310854
5389254310843
5389254310859
5389254310859
5389254310843
5389254310845
5389254310834
5389254310848
5389254310829
5389254310820
5389254310854
5389254310849
5389254310830
5389254310826
5389254310821
5389254310854
5389254310822
5389254310849
5389254310845
5389254310853
5389254310826
5389254310846
5389254310842
5389254310830
5389254310858
5389254310826
5389254310847
5389254310826
5389254310848
5389254310857
5389254310851
5389254310839
5389254310841
5389254310831
5389254310829
5389254310852
5389254310845
5389254310844
5389254310833
5389254310823
5389254310831
5389254310834
5389254310830
5389254310828
5389254310853
5389254310858
5389254310850
5389254310847
5389254310822
5389254310850
5389254310833
5389254310849
5389254310858
5389254310851
5389254310832
5389254310854
5389254310834
5389254310826
5389254310829
5389254310830
5389254310844
5389254310857
5389254310837
5389254310835
5389254310835
5389254310831
5389254310828
5389254310822
5389254310859
5389254310825
5389254310835
5389254310842
5389254310830
5389254310820
5389254310842
5389254310841
5389254310836
5389254310858
5389254310837
5389254310835
5389254310859
5389254310853
5389254310853
5389254310850
5389254310839
5389254310820
5389254310842
5389254310844
5389254310854
5389254310846
5389254310831
5389254310833
5389254310823
5389254310828
5389254310843
5389254310834
5389254310841
5389254310828
5389254310832
5389254310845
5389254310840
5389254310849
5389254310840
5389254310845
5389254310851
5389254310847
5389254310831
5389254310845
5389254310841
5389254310838
5389254310858
5389254310821
5389254310830
5389254310843
5389254310855
5389254310838
5389254310858
5389254310825
5389254310828
5389254310839
5389254310828
5389254310835
5389254310830
5389254310827
5389254310857
5389254310855
5389254310821
5389254310843
5389254310820
5389254310853
5389254310859
5389254310853
5389254310839
5389254310829
5389254310856
5389254310820
5389254310827
5389254310833
5389254310850
5389254310838
5389254310858
5389254310853
5389254310843
5389254310827
5389254310842
5389254310833
5389254310826
5389254310849
5389254310851
5389254310840
5389254310842
5389254310841
5389254310842
5389254310822
5389254310859
5389254310820
5389254310847
5389254310832
5389254310850
5389254310836
5389254310836
5389254310847
5389254310835
5389254310837
5389254310821
5389254310829
5389254310826
5389254310840
5389254310859
5389254310842
5389254310823
5389254310821
5389254310859
5389254310843
5389254310824
5389254310834
5389254310848
5389254310858
5389254310856
5389254310827
5389254310822
5389254310853
5389254310824
5389254310850
5389254310857
5389254310822
5389254310837
5389254310857
5389254310828
5389254310847
5389254310834
5389254310845
5389254310840
5389254310826
5389254310850
5389254310852
5389254310836
5389254310835
5389254310843
5389254310830
5389254310844
5389254310833
5389254310829
5389254310839
5389254310851
5389254310831
5389254310847
5389254310838
5389254310854
5389254310846
5389254310850
5389254310843
5389254310823
5389254310824
5389254310844
5389254310825
5389254310835
5389254310839
5389254310825
5389254310821
5389254310825
5389254310841
5389254310842
5389254310839
5389254310833
5389254310833
5389254310847
5389254310830
5389254310856
5389254310822
5389254310844
5389254310859
5389254310846
5389254310849
5389254310848
5389254310832
5389254310828
5389254310851
5389254310840
5389254310830
5389254310846
5389254310851
5389254310854
5389254310840
5389254310821
5389254310824
5389254310850
5389254310858
5389254310830
5389254310836
5389254310821
5389254310843
5389254310831
5389254310823
5389254310857
5389254310841
5389254310852
5389254310830
5389254310836
5389254310841
5389254310848
5389254310830
5389254310832
5389254310820
5389254310843
5389254310833
5389254310850
5389254310842
5389254310846
5389254310850
5389254310823
5389254310823
5389254310837
5389254310824
5389254310827
5389254310857
