991991991 33033
750
2006967373322
2012941735626
7396816614623
7648785694636
4183201711458
9505307915478
8572802595865
245837666232
6227721480062
9166479292600
3994743741373
1297831115988
2089932032437
6325831965520
421640190103
8377387067707
7036407825975
2862598620981
3162728892156
857528294307
1327403839478
1847820784810
1319309300122
6719344248496
876821775374
480669792838
5804266154363
8866995046519
2285521081371
1960846208445
6632451977913
1723550453836
8347189669628
6004918726376
9859472395436
4397177966849
5618150283577
3854578814345
4350208588794
3440995665860
8594642388004
6940303945047
849104434767
8371603505533
220226260970
5217729510742
9142611546432
2995042877129
8777665586770
8700899810545
3942120750460
7312814777737
3212568875586
3409500940284
5149972682756
3429079751844
232646903287
8910312490058
3689971483233
8385886130575
2325859397387
2201819399316
8231596955242
5990411238835
1148774219633
2461879001457
3933189232059
2357546255345
743432385920
5532437007499
3850535698518
2079985170112
633541633140
7828208789783
9020003887246
2024712234824
1264456733977
622351660544
683832279286
1138940237146
4008507769462
1761682037993
1691527945175
5434168280624
6290889818697
4190363610143
3337709325590
7105201836912
584676169744
8786319450323
5202631327348
636799607972
556677863964
7659667146778
8576190150631
4841411751936
1946613588849
1881860906771
3231325581286
8331809424986
1531754257151
1990579604763
1784274597865
8305970304035
9232958819985
6762647331425
722977292644
5938207321911
1824820516958
5081890223826
6764017338044
862274125899
6694674072465
3713583631225
7572983958298
4672745397290
6395418430600
6794245686555
4971847291158
1923527555019
685570900651
4554449078075
833325417140
3284907973808
925658285188
8061548906671
7024407528759
3816505731667
7952865622574
513916251778
2974475250882
9996364520445
827542453938
6575595651938
9968694128615
5297717128938
7597766823146
116212091786
3189090410175
6847539629215
4503092407359
4880362095795
3938969180569
9530833707744
5134935766898
6462794835858
2016720723890
3573657472517
8009364439322
5098138699821
490277552520
6894539440929
4245746065803
6796817303263
2945646039294
9255746310454
7793685910697
1570096635199
7077864608276
133434868636
6927974309565
7550495519312
5458143750281
1733629160999
1793758232745
3614797251039
1408483161736
5439577537479
5084882337243
5126636526107
1618646765084
9066994800748
7088283775221
1602808119538
5522288983536
9254058373304
6998893961156
8343980331596
8508405674965
6200334908912
7718981673996
9346974215288
6435257990510
7720316150922
7219444457445
2628230374325
8784803267095
2339797879784
3471959955248
9111411286701
8223455405736
5566252814378
3286568965301
9880129484611
8181483859505
410357553909
7822207578851
3574346492271
4323891806012
4808185177578
2345131133890
7529070338942
5798625220440
3859560398476
3772846827565
5975796061310
4600622025337
2250715121551
8671060947403
4467538684196
894539274160
7522272921945
3155432482125
1016346857987
6419881311884
8211254518735
1908239822207
3027853013676
4121958736539
7188519531400
3079722520690
8702595194304
141049541632
6460930853516
1340568726313
1456952764081
6947951001950
1067762254841
7354888625837
8063151437699
9649026322949
6024707292325
1535344208797
1084057150671
5004155138945
2465154038389
7844052275560
7846177336291
5261115491252
7473287038394
612496012111
2410887803437
8598092416136
5595166359286
4575986912753
3274927976381
8918045098947
2036497430814
7975300200511
8195898859238
3757826810046
6066567129836
7227804770164
2825118613099
9864250750044
4928304494096
1172986398915
7099606872377
4709797466031
8365476792429
6788286624462
2176550461753
2045096179093
5086422389166
9608938922378
8733245594245
5832852466622
3689355938782
9458619704590
5640581073920
197775619189
6429114171102
9308268006442
7115726335878
5994023580581
786920936003
9556058030838
8696331715520
797343934053
3575581247674
2677856592252
8129225986001
4708933567548
2277490485142
8144192577198
1939071308201
633255540073
1334894441422
9790981729174
9007819247540
2320443751196
6931524802392
7104722861940
2736451694401
7140815710442
337216474707
4133108656674
4232962628860
8024370851788
7516893394724
1854346614291
4227402476463
7624363089536
526947240075
4868928139761
6272664557481
944308023854
3976016361272
7406540156303
7943934296923
3451708725057
9921671314203
5736129032239
602909688352
2170093164814
2100053998763
8600727487908
5225065102148
9145479464852
6823034436777
2136511196237
435785452668
1167083150102
9015912125322
9554815058265
4394973677416
1171200155272
9157205480158
956298348743
5747161734768
3315795736138
6950319077728
7479870786010
4387022890895
9764587864183
3645847415775
8511181952155
5707643117837
9842326648881
3222270138063
5657880156008
6184649502478
9929790763271
3575638179046
5145235983228
1506045682398
1834908029359
4242527386080
2616377945851
4196415472218
5235286484667
9066428898016
5209507268550
2418322880839
7983512226320
6311382514696
3808255248876
3476227065976
4875609278942
965774701840
425751934152
4581561519485
241269303568
2766470532691
6862463989109
320210803554
6278785808362
4485295215353
7509214376293
3572024068553
2000416074322
6088754071668
7715738632219
6010971277541
4853273934030
4685631601561
9828847849864
9440247981117
8927116137594
5901438969922
5656970346349
8295420195409
5709691869983
6111004782311
3357634124417
3184334490633
9659806114733
8135693813155
5261333323789
8784656391403
2686863315428
2983040740530
8597027577809
728646005900
8755272628216
5573815837547
6637084059282
1896269899423
2715692201721
4742315006298
7625355746828
6940537145222
3255179112585
8262589284228
8769455939131
561281311380
4920696434995
8064767950014
6460995488301
7261559510879
9114852259148
7732556132834
6879071715250
4867171429060
6949283928639
8355474300744
8577292091479
6294987989368
3556547500247
713877044889
4711743734753
4525787277746
822591032021
2081399904667
3801490088692
5570714639745
9661853804918
6439474109239
137625077948
2963954449075
8018688173422
8349191124508
7587902076244
6341189664459
891101296523
9040300501154
1367447013912
1253339247032
921553644701
7002970705889
6474514662199
7726895224991
6563015162491
1623255613613
2634158546380
8277402421789
6619269115691
7827237742315
7051747058714
7190740207461
4917635432452
1546718062447
8871196956261
7899121575421
762400534690
1351111491459
1235506515587
2655898415606
8573714655845
3821178287159
480266653490
4425857252882
2427685187859
3814227346750
7041920589281
8293032080740
9426391112680
2791280321313
7745371706482
4133990185129
7077402062812
1501111832046
6396237211394
210464558144
7150237663777
8004267485062
2787231626895
3266745040544
7532735746214
2637364836139
6605916859673
3002154071067
5673616369756
6073365491778
8635353176057
6361739342084
7789859413929
5912967411448
8450332247587
7617246847805
8322138208702
2896627327845
8869992819623
170638703520
3545262312103
6873919664747
5854323224150
3703924298644
5598734905474
7322008601361
8518611082947
2851791793246
9737864579223
5943784057166
9389046369270
1652166127560
7298441016152
1237307942930
9438462193677
5322849191153
9429374397330
6434674415001
2307819768647
814749050005
1189527910205
2739546554117
2601132794461
8354229297475
2712200673436
129644684094
9390091382938
4258908892129
703751793965
1508569926261
4011850204371
2878728873795
1184069736896
4710112307503
4312202690114
8536856935631
367643928899
7942844423541
4148722571493
2963555048306
4443252221221
5952881154403
176858244669
5681077158746
8270914482346
6218053873184
9215854854111
4742555126609
4363269495986
4221662932293
4468241443886
584262126107
6954532596424
899012321189
7627781375388
7948886520283
7169036341690
1930262777936
1472577775426
6956805387190
3491116086994
5365552116054
5117866975209
3066753495492
2796787577727
7171524270219
8472675682889
6451838524543
5971789135925
9362905222920
8596766159470
166420966071
6621515311326
1107583289786
3848421961689
9270445085629
5182335089689
4826380302739
157708793999
2147641620313
4702747100658
129042144185
1134695156872
8853610610465
9768511045915
1418388197894
4037094732437
7788299312455
6949970054330
5296301331724
2983137843455
1841043421216
9619966443754
6512444548718
7937733302142
1682284750002
1267174477921
1158929821352
5442215282667
335321511002
1996547373731
624356550388
6357531548768
398112978842
7857254558456
3198252999580
5395663945979
5450373964647
155299882219
2154676189358
2731707758855
6817678285388
2574958071572
9724976371940
2621013112460
9567057188352
3289649874201
4849727967958
2051034144065
4629623131929
5606757452608
1915606335175
7778774079619
1667997133523
9889257229442
5268983256515
7485620303604
2699052510842
135186395167
5688053029539
6998396287171
7328489113507
9472490405263
5171228017157
5217846061305
2193745060224
5723901385854
3653471115392
679186436542
9015713894924
2572782540198
6834908722166
4728266339466
5797843292117
6682692565698
2827592090665
8909825494447
6358873301674
7407391325511
9878026382061
3056407581424
5605131702403
9476513087260
6159205652958
8884650259975
461915945910
3703025614223
7307539273400
934850951156
2824544884074
4116587730647
134749433037
5183839631313
568917663969
3611076917579
7761501512385
8268651925218
4017342297652
9863912836067
1448605655979
1382525281165
8142650870670
2824190417402
9601634359539
2365420772585
4866466665907
8778217546078
158595343596
3014646151431
1556521390190
789513120876
2954292704608
7704515647492
5119728276765
9057860268965
9826658573849
7900560858514
5052843717990
4189758636499
7454310990628
6313570011720
7960913686633
6887385856933
601119592543
2988775906936
8004615240061
1084506570320
1142261497220
8740315882364
5053885894084
8139042628695
3782829816285
8386624756489
1598998110200
7526365995234
8508725081906
3168332589126
8122218483211
8405147886978
8557115652026
4590304476251
2463722405299
3738824941366
5247553374197
2794605396895
1973938933884
3890251669831
7690844388647
9535301131140
8215298802002
1014917907171
4510134266858
7724339551661
2259276226090
8612673120113
5121425378777
7933655526209
2952145539787
6214859339059
7129777246230
4851436743804
6976642413792
566435480807
6358114745414
4100783219529
9434296082292
6966255300387
9816253356526
6035407662881
5726182649655
9972847968614
8137903455660
8606486420115
7527746389721
9119259691363
3120488932864
1087454297602
1235454587580
427941448147
495785862688
3480227470491
2084566406958
2518015893060
1066309518058
8354569592849
9691727968393
