12375368843170679
22331673999715813
10067470470272067
15631688020113300
20149012768722417
5537750345675
2914521764487843
16739324807762570
12150953108101029
8339444600859559
6502248795
5600748293800
0
6502248795
16739324807762570
1139879525769048
4679511750648151
6796013671347885
32357678646696188
10568655063656307
1823698071328175
2231906795431507
32361116170010356
1134897106289146
32357654609061630
11221419656721373
6958816836965315
2914521764487843
4726962059524157
11201463202320
5600815232127
21341156552813280
1
20085700319873807
3358394112325541
2497864164017117
31257718937488426
21341156552813280
12150953108101029
1111115601475279
4723563463320966
20085768925736989
30555548982501342
7974190858122765
11158803557652657
32361116170010356
16776545858907120
15613528896880769
6695823235198293
17837116978015289
2145972606279
29114175645440622
22331673999715813
6796013671347885
8339444600859559
6695823235198293
2921444724122369
17428171331527094
4726962059524157
30067122125302412
30067122125302412
16451317625721077
6956172380898581
21140153850385906
31246504153558143
11201529972886
5600748293800
21403774822362283
5537750345675
20149012768722417
27636237051615984
2331397736438613
2232220112595001
1134897106289146
16740618755272576
16753181503579964
15622591139520493
18525917943054810
1134897106289146
4727074768236189
29043199601242424
1
21480212896014439
7725352051371447
8314397293039957
2
10568655063656307
16753181503579964
22331673999715813
11422422355427715
2270608212463507
20340560356796453
27648760705525783
21403774822362283
32357654609061630
16740657648983342
11323438466369767
19664248258180025
31257718937488426
27648760705525783
2270223381479329
12375368843170679
20085768925736989
21403774822362283
32357654609061630
1139639519668652
4723563463320966
20149012768722417
19659969754612233
31245182279040985
1111115601475279
15626098021944581
1139639519668652
16739324807762570
9150839074589
6695512314333111
5600681690999
16753181503579964
10593702371475925
2558267420266563
1805573689757807
5600815232127
16738518528241070
27648760705525783
4511528329244000
5600815232127
4736087117230773
6958816836965315
12251142339379505
4511528329244000
15613615865860651
29043199601242424
6958816836965315
1139639519668652
5600748293800
21341156552813280
22331673999715813
30067122125302412
5537750345675
16738518528241070
27636237051615984
27636237051615984
30559827660876746
17428171331527094
11159189357971449
16739324807762570
5600748293804
11359804085878668
6502248795
31245182279040985
29138212911932716
32357654609061630
21341156552813280
5537750345675
0
17435094183124576
4726962059524157
11359804085878668
1114577087940328
2270223381479329
30137569312281467
16740657648983342
15626098021944581
8339444600859559
31221457112070539
16738544537236246
20085768925736989
11422422355427715
30129818418996584
11422422355427715
5600815232127
4774525061349811
1805573689757807
4723563463320966
16753326328463746
16776932628537414
2231906795431507
4416515018542152
7788165390414711
27636237051615984
20148387931637843
16753181503579964
15631688020113300
20353084010706256
18962867351348089
14519526254311
17435094183124576
7974190858122765
20148387931637843
2914521764487843
6695823235198293
31245182279040985
31221457112070539
27636237051615984
14669426579517
16738544537236246
19664248258180025
4726962059524157
2232598201443617
4679511750648151
30559827660876746
11422422355427715
16740618755272576
31221693981375627
2914521764487843
11158803557652657
15626052484395135
16738544537236246
11201463202320
1139879525769048
8050967053037933
2232598201443617
31246545584989867
32357654609061630
4723563463320966
31246504153558143
30137569312281467
2232220112595001
16739362133076572
31257718937488426
30559827660876746
16746236897194418
16776545858907120
18962867351348089
11221419656721373
2232220112595001
6796013671347885
2150078724001
1114591944016536
30129818418996584
30559827660876746
8314397293039957
2331397736438613
4727074768236189
31246504153558143
30555548982501342
2497864164017117
6502248795
9055657857975
6958816836965315
26797299602702665
9055657857975
5650458899295
20148387931637843
2270609181798092
6958816836965315
15613528896880769
2231835270694773
1823698071328175
30129818418996584
7788165390414711
6796013671347885
30559827660876746
16739362133076572
32357678646696188
4723563463320966
11159189357971449
32357654609061630
4727074768236189
2232651951230591
5650458899295
6796013671347885
14519526254311
20085700319873807
32357678646696188
6958816836965315
32361116170010356
30129235383574026
10996188949808261
5600815232127
27636237051615984
5600815232127
5600815232127
7648575846714571
16413746663991648
2232598201443617
16740618755272576
16776546828218593
1125806727945133
6796013671347885
32357678646696188
15631688020113300
20086274685407625
6797023339416637
7888159552210410
2270608212463507
2145972606279
2331397736438613
16753181503579964
5600748293804
3358394112325541
16738544537236246
18544098720247669
8339444600859559
16413746663991648
2232104030535273
11201529972886
2270223381479329
5600815232127
2921444724122369
14669426579517
12150953108101029
29043199601242424
30129235383574026
11201529972886
1116716349601120
16738518528241070
30129818418996584
11321803961216441
4723563463320966
30129235383574026
17435094183124576
20149012768722417
1125806727945133
5537750345675
20085768925736989
4511528329244000
2231835270694773
15613528896880769
31246545584989867
14669426579517
4416515018542152
29469003834175946
30137569312281467
10568655063656307
29114175645440622
20086274685407625
30129739662250858
20353084010706256
2232651951230591
6796013671347885
12251142339379505
4727074768236189
1111115601475279
6502248795
17428171331527094
30559827660876746
6958816836965315
2234754856900410
5600815232127
5537750345675
15613615865860651
2270608212463507
6695512314333111
2145972606279
19664248258180025
14519526254311
19664248258180025
18544098720247669
22331673999715813
2497864164017117
26797299602702665
16739362133076572
16776546828218593
6502248795
10593702371475925
11359804085878668
16746236897194418
29114175645440622
2232220112595001
11201463202320
2232220112595001
18962867351348089
4511528329244000
17428171331527094
30129235383574026
11422422355427715
32361116170010356
6502248795
10568655063656307
21341156552813280
2495219990795039
21467689242104628
30559827660876746
18999228864724141
11221419656721373
16753326328463746
6502248795
5537750345675
1114577087940328
15631688020113300
2232104030535273
27636237051615984
1823698071328175
9150839074589
7788165390414711
15626052484395135
3358394112325541
10568655063656307
10568655063656307
5537750345675
15626052484395135
10067470470272067
18544042365891654
31245182279040985
31246545584989867
11359804085878668
31257718937488426
21140153850385906
9150839074589
29114175645440622
11158994519165995
16776545858907120
5600681690999
1139639519668652
31257718937488426
5600748293804
27648760705525783
5600748293800
11158994519165995
10996188949808261
20149012768722417
20149012768722417
6695512314333111
21341156552813280
7725352051371447
2921444724122369
26797299602702665
20085768925736989
31221693981375627
27636237051615984
1115914384222990
11158994519165995
15613615865860651
30559827660876746
31246545584989867
11201529972886
1114591944016536
16740618755272576
19664248258180025
19664248258180025
11159189357971449
12375368843170679
30129235383574026
1116716349601120
5650458899295
29238402143211120
20340560356796453
2595838381995964
1
5537750345675
2495219990795039
2270608212463507
4511528329244000
27648760705525783
10568655063656307
5600748293800
7888159552198854
16413746663991648
1116716349601120
5600748293800
19659969754612233
2497864164017117
7725352051371447
20085768925736989
1805573689757807
18544042365891654
2145972606279
30559827660876746
1139639519668652
15631688020113300
29439677948136784
31221693981375627
21467689242104628
11359804085878668
27648760705525783
5537750345675
14669426579517
8339444600859559
11359804085878668
2150078724001
6695823235198293
31257718937488426
21403774822362283
6502248795
2495219990795039
10997822997309319
31246504153558143
11158803557652657
31257718937488426
17435094183124576
4736087117230773
5650458899295
11321803961216441
31221457112070539
10996188949808261
2270609181798092
6796013671347885
16753326328463746
16739362133076572
4679511750648151
30137569312281467
16451317625721077
2231835270694773
16451317625721077
2332408145004289
2232220112595001
16451317625721077
15626052484395135
7648575846714571
15613528896880769
6695512314333111
4727074768236189
32361116170010356
27648760705525783
4736087117230773
29238402143211120
2495219990795039
2231835270694773
2921444724122369
7725352051371447
11359804085878668
21341156552813280
9055657857975
16738544537236246
6502248795
31221693981375627
6796013671347885
30067122125302412
9055657857975
2331397736438613
26797299602702665
27636237051615984
11201529972886
16738518528241070
21341156552813280
1805573689757807
16740618755272576
30129818418996584
32361116170010356
29439677948136784
31221693981375627
8314397293039957
2270609181798092
21403774822362283
21480212896014439
12251142339379505
11201529972886
6695512314333111
1114591944016536
4723563463320966
10067470470272067
5650458899295
4726962059524157
14519526254311
5600681690999
0
1134897106289146
2595838381995964
2270223381479329
16738518528241070
1139879525769048
31246545584989867
5600748293804
31246504153558143
16739324807762570
20085768925736989
16753181503579964
2234754856900410
5600815232127
17428171331527094
5600748293800
30555548982501342
17435094183124576
21467689242104628
4727074768236189
16739362133076572
4511528329244000
5600748293800
5537750345675
16413746663991648
2497864164017117
2331397736438613
21480212896014439
7888159552198854
16413746663991648
16738518528241070
5600681690999
21480212896014439
11323438466369767
30129818418996584
1139639519668652
8314397293039957
11201529972886
7888159552198854
31246504153558143
0
11221419656721373
2331397736438613
18525917943054810
7888159552198854
4736087117230773
30129818418996584
7648575846714571
16451317625721077
5600748293800
30129235383574026
4726962059524157
18544042365891654
1823698071328175
20085768925736989
5600748293800
10067470470272067
20085700319873807
16451317625721077
4727074768236189
16776545858907120
18573424631790923
2558267420266563
10996188949808261
6502248795
6695700879548137
12375368843170679
5650458899295
20085700319873807
20085768925736989
2914521764487843
16740618755272576
15622591139520493
16451317625721077
16739324807762570
30555548982501342
2231906795431507
14669426579517
6958816836965315
16746236897194418
2497864164017117
12375368843170679
8314397293039957
2495219990795039
4511528329244000
20340560356796453
16413746663991648
2497864164017117
18962867351348089
10997822997309319
2331397736438613
16738544537236246
9150839074589
11201529972886
2234754856900410
18573424631790923
10568655063656307
11323438466369767
4723563463320966
32357678646696188
20340560356796453
3358394112325541
29439677948136784
32361116170010356
15626098021944581
19664248258180025
15626098021944581
16776545858907120
2
2234754856900410
11422422355427715
4736087117230773
8339444600859559
21403774822362283
5600748293800
4774525061349811
12375368843170679
0
16753181503579964
11158803557652657
5537750345675
1111115601475279
31246504153558143
29043199601242424
16753326328463746
1114591944016536
5600748293800
2497864164017117
5600748293804
7788165390414711
2150078724001
7888159552198854
12150953108101029
2231835270694773
16753181503579964
16413746663991648
11321803961216441
15613615865860651
16738544537236246
16776545858907120
8050967053037933
6958816836965315
2
2234754856900410
4723563463320966
30129739662250858
4726962059524157
16776545858907120
16451317625721077
16739362133076572
1139879525769048
30129235383574026
1134897106289146
16413746663991648
19659969754612233
21480212896014439
7648575846714571
19664248258180025
2558267420266563
9150839074589
2
8050967053037933
4416515018542152
4723563463320966
4723563463320966
31245182279040985
11422422355427715
6958816836965315
30129235383574026
29439677948136784
8314397293039957
10593702371475925
15626098021944581
1114591944016536
21140153850385906
1116716349601120
19664248258180025
31221457112070539
1823698071328175
7888159552210410
30129739662250858
4679511750648151
20085768925736989
1
20085700319873807
20149012768722417
11323438466369767
7888159552198854
30137569312281467
2331397736438613
30067122125302412
16776546828218593
2921444724122369
4416515018542152
29238402143211120
2
16451317625721077
1139639519668652
11221419656721373
2234754856900410
16739362133076572
8050967053037933
30555548982501342
16753326328463746
17428171331527094
20353084010706256
21480212896014439
1125806727945133
2331397736438613
16739362133076572
21467689242104628
18962867351348089
10997822997309319
2495219990795039
6958816836965315
18999228864724141
7725352051371447
2558267420266563
7788165390414711
2
2150078724001
31246545584989867
1116716349601120
27648760705525783
6502248795
4416515018542152
29138212911932716
6796013671347885
20085700319873807
17435094183124576
4679511750648151
30137569312281467
16776932628537414
2232104030535273
29469003834175946
4416515018542152
9150839074589
10996188949808261
2232651951230591
2270609181798092
30555548982501342
16738518528241070
29439677948136784
10997822997309319
29469003834175946
11201529972886
1
20149012768722417
8314397293039957
11422422355427715
21467689242104628
2332408145004289
2497864164017117
32357654609061630
1125806727945133
21140153850385906
2332408145004289
9150839074589
29114175645440622
31245182279040985
2921444724122369
18544098720247669
2231906795431507
15626098021944581
16739324807762570
31221457112070539
18573424631790923
2331397736438613
1125806727945133
11321803961216441
16776545858907120
9055657857975
15613615865860651
16753181503579964
6797023339416637
19664248258180025
16739362133076572
6797023339416637
31246545584989867
2270223381479329
30129818418996584
30067122125302412
30559827660876746
17837116978015289
16776546828218593
16776546828218593
5600748293804
20149012768722417
11159189357971449
2232598201443617
4727074768236189
30555548982501342
1805573689757807
10593702371475925
5650458899295
16740618755272576
16753181503579964
32361116170010356
18962867351348089
2270608212463507
8339444600859559
4774525061349811
15626052484395135
30137569312281467
2232220112595001
1139639519668652
4774525061349811
1134897106289146
27648760705525783
10997822997309319
4726962059524157
16413746663991648
2270608212463507
30555548982501342
31246545584989867
5600748293804
4736087117230773
12375368843170679
2497864164017117
18525917943054810
21480212896014439
10568655063656307
30137569312281467
10996188949808261
11321803961216441
2234754856900410
2332408145004289
32357654609061630
1114577087940328
32361116170010356
29114175645440622
2231906795431507
20353084010706256
12150953108101029
18544098720247669
2921444724122369
2
0
18525917943054810
2232598201443617
2495219990795039
2270223381479329
15622591139520493
18962867351348089
16738518528241070
17428171331527094
21480212896014439
12251142339379505
16753326328463746
6797023339416637
31221693981375627
6796013671347885
2497864164017117
17435094183124576
2595838381995964
5537750345675
16740618755272576
18573424631790923
21467689242104628
1115914384222990
32361116170010356
12375368843170679
2270609181798092
16739324807762570
15626052484395135
10593702371475925
5650458899295
1139879525769048
2332408145004289
1115914384222990
10996188949808261
16776932628537414
31221457112070539
17837116978015289
11158994519165995
5600815232127
4416515018542152
2914521764487843
6956172380898581
1
2595838381995964
7974190858122765
8339444600859559
21480212896014439
2595838381995964
2270223381479329
2145972606279
20149012768722417
10593702371475925
20340560356796453
8339444600859559
6695700879548137
8339444600859559
2232220112595001
7888159552198854
4726962059524157
2921444724122369
11422422355427715
30067122125302412
19664248258180025
4679511750648151
21480212896014439
18544042365891654
29114175645440622
