50614195118871
36880228038141
13448892938437
91922069095688
54506013518550
21185747943153
18469812345041
158809600268786
85896935909499
127683886258216
70101853488000
95562831378999
90874334816827
49986894653322
49714851686610
137995361508074
111025721417207
78114080629351
1120014198422
29606913808086
76276450846326
123133775274047
112284573307793
103558089744538
121401020451851
104343924276719
104605546753247
101537396438825
13683191160226
153677869948973
5331240819089
11942700385341
127695113850815
145771506898573
50943712451195
101637088493969
67492666187099
134290903415790
49941185112406
89208685175305
36391894019977
26712144259719
14986443566277
89959430276120
101539583080499
23673612175474
55779175917841
142018403851889
50931287938489
77936210151443
103089216739421
134663680358663
157777487174780
139392558072121
66512794248580
106903848485087
68820463054099
64971244969457
132823972272501
150454787504213
3376508454554
36609426214874
83147585173605
4497867609857
34971607235431
65330944710042
37039738538511
138087423899340
30122347156267
72093265758232
8727838728775
154274978013815
87258391507218
155859724167342
28748771748471
52927588692833
152246608230248
130032344273844
13576252581699
121324300117222
64596225609659
145873556470810
68565747641747
137505518037920
22614380081200
25105700191799
35456581102091
60027523814401
95307161502133
13965460223833
105397506005940
108247526390248
84109196787048
68878206691888
59054537573012
7427190882440
105666252786085
107887383200443
134348735530144
147147499370826
20489116478810
28418702747984
64874340087374
110850609126740
154300431216627
119923808039649
147270616325921
23865870236786
141105515515041
45887950283606
138980653351976
154456655226551
146033566062843
72552866891010
12013646240739
68903444364461
43944623442650
14461070680346
50837304135318
29463409046166
87050043341257
56390530922459
73444212838687
128545446856948
105158735351533
79187565031135
44084581196542
7187809267243
20459926576004
24408658936189
100823242417894
10864400708467
66239770985853
21663051660891
45415127082694
137424203229321
809615274508
30923190904632
13506949590789
111830644039710
103933653948958
87571544977512
145034315760729
123113320470813
11098827567343
30233262154198
110490540764881
154879575014574
150513473957791
74025994162208
136630713080031
45028885333569
116539222834273
41753267580766
106999060450129
150732891567792
84358126276355
144568422718529
729018975061
135186003316374
149853983897536
23717711089140
22416680087828
114894415832199
47807946987555
25531235675275
87125601607144
134264695728779
83516721367416
116092099067847
122996382672686
130126989579261
152833174700329
78932965373558
85350150744574
14535738275897
30622510236012
147145768089949
92839558116724
141427751894243
145878715009703
148567304010040
66967030866382
15949427750447
51980887916823
154964183853717
128873155353897
87586102718813
65255967577376
23301207838956
30090061778582
146410593013501
73759400294896
6018989121668
154624759912939
21514210639911
95065640187342
150859553499336
158884926755360
60365551883371
54029520873443
116763268404287
92588984437184
54533834684940
22033601038955
3697292604926
92881481351954
141413571131019
124729687509862
113041632500822
128805225491409
5200147960069
30536278091656
62978283098049
28937655684958
155155342805511
108939809312193
137317680529745
40484912063463
34641929183573
14003920578148
115940140877849
27604985856227
126143986678468
108017397679046
116017810953683
26300427728143
90707037297308
131181368478594
83275603878638
11782532438176
129190919977637
71145034653608
21161340205984
110710704465238
143315814560492
116561186063760
1929497647222
49399366471993
155904181401637
12977052280683
86374854358497
48280714040232
134802858176969
68832626513386
137621891980046
152374670085302
81066896233551
8266211801369
15087804489954
125442479027903
19321441816668
34099957702515
30079500354066
69519419965267
150544726156616
33939022383061
57774074829502
73140258234727
49865287997909
103727046003159
127034458083786
52290955701757
84130964087155
142843151846868
80876795925040
132388052016151
123400244193926
142745811816841
29707485971987
91235029132889
66210998483004
33770804950699
106478051046836
58745354067300
21776913429041
10206363169727
6669446139099
55042971836334
50915415406502
113567191197245
27436750894753
83461108141926
69607250342841
122454694956105
93827746281887
141115389751546
59385657205088
55611865339767
109981295381656
84307054966117
100752600205148
12029877943653
136415514677858
148233148153986
141273988131614
35237543912425
92117895403633
14128739608993
99695520037020
36922305140489
151505638064556
31977075064804
95822274838369
71870462560571
111955198778249
49012300449154
53147098453958
30869196444492
83661074550003
68513653207481
68850072456478
63494319894883
7813334357155
115582168393812
104120836525475
34226033866671
88780359802131
53385913452945
17665769922043
34958520252344
60146547507684
52553612400504
154233659784102
72675581876698
96893406163832
124763034052320
67297597446476
116301251178931
21045300575010
8369675784308
69859636913972
153035254709449
72092431484901
97150880846911
76890861339721
99907029770320
49081008505773
69442982030062
154978895802974
138178306816079
16024688455813
147286423790858
120638444888305
66173681737746
7209323152756
126529995713866
16455585698961
69629453864984
134167428602419
37181222553807
21157493105057
97633841110321
155768493409144
141072775238591
14074226802250
82425912906978
79380427757255
90859266252038
63238447939387
76339589894842
32226727361485
148994402852740
49205021092959
159631154200402
101330898365739
21793042972146
84478917122156
92350439074
6502777417563
143443029208634
88263136557387
73861312093222
10468982734343
84786244002415
133359336281799
32288771502492
89682235491319
87186359187873
8881237929420
145805350680100
132951154151761
35787513064343
115440250708371
155765314113477
73954565752100
9775153196094
3022182880439
77111940009888
118898122854895
105461204558089
98301487007407
138712092752546
21390997964608
64011825115596
46705013596576
77834033980212
49518173667694
73012782635696
124219657186223
39947666828495
64505818042440
141752811172837
143633509020129
157376258061097
94195200771797
28600276424576
156427524268164
30519064781426
141316999961615
105100862356238
107838052177042
125661625200551
57124894188450
8588128244117
68040494449490
85308797173472
125495017331800
114208882895758
10624595561140
83040258975240
26535685578952
151708092257676
67317264934693
69927289387237
101735092449365
69045222497509
46579525213131
125942816197584
6546419375253
142870604613541
156678875846972
126688010551791
26554195302566
125010214865475
86398319113506
62286642915074
50595514233980
13993966885377
88401176415794
22162813447689
141922564103693
132779728267215
106671011558473
99863465763662
121668109136388
135602968222682
84469083487104
73587556704773
94218709505177
5953411913354
74519753148950
117763970935341
153353907929295
78630530037298
74029962752306
86627928336827
15372133541278
65317881849263
46994567134588
7991862049957
90699890664942
13979118121462
117442505806932
66591640496197
50618301553422
62486308720146
106553559373421
96056031009377
121926455144879
108931077660054
155081129627699
63604035094228
85008494647188
42002711334446
86586079652264
85048148328868
81322898255449
122378632737443
76389995399935
25194604488258
158520071666152
118985791051925
135096909225241
50611718077703
158388311010093
85922006159669
138276778534727
82174142576583
18038578339172
129196085205737
11259534106976
120968379281829
67469166840265
64138250799221
8144990106802
132575082650836
82541223905397
101146011835152
20702874121571
36969136273347
110224356276299
21361437228150
47479517598262
54009067335843
94976010500220
15796735658104
31365797843193
66413231102669
51000987521001
41334069871278
78941950966861
5642589286297
119828854399258
135627187469715
64092411573675
117650323029692
27843255597122
86624016367941
12703425324688
23814494721173
18688499167393
18655640039936
92248445970481
58694501075939
28333872273975
105781294025611
140633108770756
87742271731589
123724854202268
33100919451224
83739589479123
91710778518700
73270671037017
81197891170564
4612893134791
12190599398336
81031926287812
60589389955677
58952658252344
4089199823079
7424367835062
33813115187256
26932414123230
128431720623595
158215714440650
23933292353743
35835935616311
21349674780250
122945377830044
83598975031855
107482371059128
56448797356664
127432162428008
77415068790190
55716967094768
154576339879679
10956359099875
4805087931070
43050660973065
41596356715470
73408129646277
144323540265617
159552759636905
64041255274621
58769617468645
17803932027355
71219215336020
26214730960473
60178782167579
37466821438108
106004686031305
50179173671676
88552916040969
24598258231022
44317879267692
141210516661208
3572657376165
84315890234081
105449371290740
84251141028956
96526530630271
128998980306093
115907417342676
8436020094240
75213823789046
86619865723462
158852316184065
38269391367157
8341761275396
8401711975386
57020571296035
125919230290243
34950774851477
56993151873970
145242274296726
148847076083294
82084153026376
12351426352663
61991659510981
55733790325287
120634570100501
35158958959168
126712930165258
159114220428456
31554873113285
104236375385364
76447525997525
2572965414935
67444421811834
136648727367803
158406215186361
79288129069044
26177817289442
132628434884650
135636040889196
128243927682999
42743213998735
108269279292691
117152971078232
74164691716020
57853086385328
4799969213627
15055989226662
10760818379312
150086493145848
85744021270211
131127960449395
75920371047226
72281814187110
52747545087239
1533730175370
80326632882003
22461709427488
130580236769300
63649025553633
140711413571605
152301083819183
16386553946228
11375652710290
74317664767625
22623288215960
158622307926448
48155546937710
30742507531093
153673133073155
86744179378157
103745932158258
98305769608735
115973038805528
86520933571018
26891254509206
124691680558555
103842543677663
97260199674660
101643651350591
142210122157101
1549511979196
97573599622172
135530984751816
135812245957331
158122654186220
127656276830303
120599055733269
68215118259937
13416104676447
129831037828503
143650868761786
46526282173266
22058159803285
32080352851359
69433851112899
61732468233868
157056107524443
1471132258084
155000232399339
137713711474136
24571616983525
8207011605358
119841773912663
76602906814750
11477364491271
143679114226908
46988956217479
22681261666324
119823620430672
62531377043325
121882878175287
105350482753564
106674595065548
38478418668367
92943250933512
142270639810822
99150822946533
73967408947725
22586093546802
79774494406211
22247072507878
60052117189727
70304525853698
108461689175059
67550356265373
102476356772564
27606610639609
54792943471943
84602929142171
107402611042354
153057874450136
158973057705295
101929802617621
128554372042597
152149428658914
136160460569187
144442502381755
54528163845778
81331601764468
134278661407870
119129455574687
158766258608807
35963201555870
13282248815228
34998771009868
137741393425555
52500891670324
111461208218697
99453585728815
68961589231618
1112164073032
112128274338087
109121020763521
133624119115248
24262816716991
47926104184886
44288830847537
5363518903990
120869123620874
145948341315691
33735872292484
117856650120540
156409218084611
71502827827552
151241573617561
37693635525727
17654364991161
135924110759722
11952732563084
145082241009818
7738553398261
63186421157923
137356176547667
125568620967814
103214306600644
130020612526842
62428859879583
72294577160902
81703783252128
135780787655004
88009136578302
159918512446725
5934668695630
141218601777782
103206325136738
76616497911849
106947289544205
113840348883895
28557023196556
101423748127948
91213706555802
85216542083689
15227998191609
127329361673561
76277796686591
44837081648829
13079300365228
2677317191610
39955033867446
40441778040210
16053291867535
18769732027027
134769307608021
39369522895135
90867580896727
15026198342795
6874883917716
59723410927624
116600509876215
96124894219737
153346706585736
57444131716322
6280884643830
133350091905328
62158903514969
86520666285210
28295803006145
138213296933217
69471246158793
31928073288445
26502571145941
26173715267169
134413334425188
41696359801739
17749770349492
21901675550910
24133037024966
159949097614982
35720741971724
124689188266765
146136010055446
159020749528930
106220358568319
25228662094542
132970196318574
6846147828649
80852475522818
147644951084797
109869581307864
29583870377692
125270570746218
111734831118299
69607565439564
61541183914285
127516292467919
150795934532999
39057243174174
24962082179503
87492586771855
131444822436267
23586945149316
14997970145301
158790804539378
40201110497339
66587481882866
71339940373497
26014816420585
157243257860940
125201054835547
62543803412886
93989966107495
99634363062566
97657287651248
97283571260264
85920852051554
142283702776359
26416372388284
77957471830943
99162848959031
100621125852233
50484615823248
26927242598328
91108125034215
34935422946174
50827976359159
33564650133892
74275886134395
51363938229973
67759285701653
15602622168781
7451186046879
93716405697229
32669173543656
71762234388823
81423172584176
132298357801916
83053595680883
78879325144390
130435031922478
117658450347169
132920162190950
125493138451498
76560003136975
10425565401166
114366852809473
27219036097229
55896067509276
123516210169485
36361652195916
54526040421039
53776578254919
44051836369816
73990054918905
120418482727315
19494859398249
58621057939492
153823094823028
38274071795727
116135810948272
98685605029306
24731278352918
114516237538225
125331907938759
36593337077680
54261392567566
94125742302815
39295104423956
78399991359833
14317425837700
144984849222361
131609343106178
22783631484099
110892313047858
47631112497611
86164383953135
53884727684090
23832557977923
93303400933613
74405169565300
126435613335628
152832716798437
60379576827562
113162433603142
62147629633298
130888485583990
26792843077335
11638080115408
59076364390004
35133770252914
122522025850571
54076259971984
86745911959799
107213894649609
