688846502588399 99194853094755497
1000
378081734174680052
514926403333189622
451804678324383014
204566764310169370
151826952689695902
186866709391364631
379078639168058668
120012996100200226
226792237097242807
128436120040310056
563206535137604724
842630410405128429
617986006301203915
588989185063088268
53970027587605092
693184102409701251
915510836548605157
529020548960758296
561343279370071944
92498826439638269
881121462424165419
966405952644323391
203517397701660913
681340968659369602
619507023946190208
677676068890760096
661258440021032533
782491012662692154
759526913807611452
602651372825925854
864505167836861551
949755047155670799
569262068954377359
486615335256288939
981907553081575391
112610862453546264
634022652692539857
393549568647634957
822538029457357323
452727866843739374
33058980297120279
919130651980229584
197464657325549824
540366674703672415
938336650647209278
572359301192265487
870894908380774469
799799778786732901
832848759083853181
528517374209306957
332664347774657256
399954615446553391
449152440494992213
387489088994717843
736376353332207522
478813188464815807
714277798057716074
514077576844448975
623712658309325041
893258931911383233
91316893025709318
610261037996776711
702993748734130839
989457634081225724
536502486440399555
743029820362940869
636288756569291398
773086586848474134
9320192998840718
467868888739127058
268669253365099389
142719083881066242
931712161178127855
361384636590848248
796374355032606137
787088127113234098
572936281109815361
817333132994166611
86002384211782352
418181336494183351
64824408197417804
848433475101241893
762367081170718326
318257595872819427
832352447545277168
619440572511027618
968904814618583523
58740138837022792
226535773585887549
548003627935345
917259317551049383
542230755797515468
152672412199361052
157711745829428202
808314608255712036
230868060457160469
66136166734374749
69199901318002843
990112972304305169
305755947882178176
386881750143119811
786255146129397226
988382326925255404
644593811400864746
85746262171046797
371461161728984026
134798509964257646
304016912227612218
687840871108620235
156687767643218556
232696946859772274
997607239077735518
932626191572360904
792441107491870623
987848402405673883
889287845671977242
53097601179014260
11030215961837344
915748102219807546
924973016519771308
922580253450023178
389355360869559540
958324429359170707
66720475512924213
695738389352228721
22107640090846296
917801976572136043
970184076401677050
295112981586990064
821271182730947714
453015593046039637
959791173177986159
679762959688811951
137586074732423563
33785397989562505
55883035932925153
720397054199446087
792037996784176695
926049706838044805
497437261066900119
233766397390110471
47559793142746638
405661864680326534
693819794171765676
444032767674567417
940957785019237696
725297390689497191
546257021855581865
820222243920222529
57734633305926001
105284424301188991
287474249979256069
268562225042366977
900524596424220848
222246285454664172
827306155707737799
752224769395337866
109774796236796684
988384658247961289
782059411918453359
392711141191923448
213873541756829783
977685878201090627
379528128444115171
649846789589082592
740387701096723486
897511692213811470
261906242917373413
431145347254521054
558698438651043617
470077889730261875
997615456497366168
213279132694448351
252613682649416886
967527894402635107
697619372546286505
143590708228799636
918590795471149646
311945115534050698
713701663189462774
94421668486530809
927662458506105363
356561546274029513
821884062788976366
729895323276255877
423377567287637538
452086208800319713
29894793866099480
134479202833551114
992118249605887580
792170373671675695
272997506034547766
116625890809369852
392067529325979122
815435094466133012
44059270706644213
73944062425260045
984941226256551704
990360062869341468
648718782613773978
493544963000654675
135092816240534265
797255022290257509
189322551616236631
590393628828714170
499145777362061090
835409779218422943
127625481056784086
117237639288202217
522370672010965232
319625694301222741
285476211210167213
66761824732728345
668624667812190586
999188659938782372
762419760879633683
463702539108282411
649563748612572718
711567920820480475
554857708698433012
20337508364142
120979873970501208
455753474926811592
994701198951669468
884736440888087237
274234512336580030
604172564500446359
30274274110759621
741832194931240096
702846155096451896
59266149195757543
191402770674037051
576804770704622203
756471467500428
766334941789263694
386420866681956549
79248556366358195
941241965436162084
403089105991817421
933313952309146566
118582589986291322
357765238114226462
661823564678418299
424002832250091454
785612791988029756
478590957612890370
298220994813834229
544984482866057911
147495258705232760
676630881106082204
114992408929724696
538985241179816150
462867610945294805
972568937005091242
558533455984998996
928097578788130673
524739029266987669
211160888010466388
962136941492451534
125224808245382126
28055337826712816
275400822487582292
263414404613821036
377087523827139206
678354516239351067
298497155938385967
560082526326342311
287351653943773509
115746780021758455
510363384672033909
877548928474884253
579805887112990489
865508093057853496
477704635014952653
668136243552836458
597242763170846934
875026121446564401
716184698720143003
30510168909010921
535969070159028467
32802873717606168
395962000201278379
982544664866926240
840230567976506035
284904772527083037
310239585582426405
26424282155085760
56924451064096681
592883521223125149
402214355938471861
798166356139750240
557248984151900673
84136402010291971
324257544901464615
894058870504787083
87220469867059769
113634752022145529
947077166231466402
316498648452332095
718703008685771252
293407327970745685
872118170300462533
237699932678956648
929617090536930571
951923390548922816
867654535603720289
814731699687703044
907758315580226627
402999285263738424
561563499739526868
433681667892505753
293911822667436476
66878497074888
951980269045997704
308965584841398747
326212247536579116
68855386820986853
366186918635555193
704278379372822605
914488014705519847
362397580569690088
714996698201775221
161887846413925690
582920790979396283
399117268861468070
189226772926677841
258072159747664695
400787039380960432
105065420901266685
279451624953895582
538287991898832108
797181230898392578
561130669529366433
634035690854255386
33152957568239808
998897695787625490
256969853387806537
657746897063734265
92798337139887135
915676559453734569
348179179865218981
732303747933003367
903633989140249759
130140065536939630
556390484304075135
623589469232294385
607277267441459351
271623041623414131
830496756192942158
100925374227135734
244809674079772640
753641383010516552
348134360637812320
390274716061578120
431312767272969411
505848637164875078
238131399825547715
509744443596445494
646998467983648705
43240601504958621
928088674442348024
66925215373390991
875915734072080423
83766466637757674
589605103802632753
604264464625921012
235663443303078980
154204021613695202
105748636107027583
654980192596489397
498433368967620933
367648442088681131
238291535452322525
392021166108215996
703991197154678420
848776686427548871
532437598781764327
259329116935905700
892847616343205781
333447042584178250
571728580183984423
61308774640297485
732395824355766584
513487927523159901
306771437138856390
307771473957701482
488271659855875437
157657241491789058
24724926887751740
518456382848743233
499156039157745404
699114653271141822
689218527712268721
464552398593238580
548851833548680607
892470389734995630
926926216451446295
81305835382195068
942830137322273002
909548964090164592
762906538936094655
452125064500879729
151984971361045473
335823332291804867
702574979363118355
976600194699041874
220913377812752621
373731526629106603
25705708160755044
457550921869603004
736971769247663918
916719643297163452
884673955887961827
684342320903244796
2580726419227429
762010153261593330
773611363500338330
997125582705642928
690383189148030572
898922798175004279
932918833357949532
935489559777176961
70246733609839168
280000500768143746
474309821047287991
570033572917744192
343697116621127665
55912635104239274
769447713765562127
483925666061562547
776743271032398088
623517965639977800
677254586707445578
250214759270075633
820238330040336177
940463407659204386
974533711280878976
410830039868670026
280198815758609099
100810737423299854
959892898387920899
842937493063808668
53770237386035799
367173125784439305
307636531296160043
551700317362067707
614364007565091896
671090786468925187
771891523892225042
508322383277886485
166415644021879284
996703848848106571
562077842934199672
646242337375583908
902711298768100659
115125633606034367
458192698957800849
167507441888631166
134116320605508875
205610422491804533
341376761578274704
16266667489452215
695505927255293418
810621565156295081
268814261966612283
436311703855243449
546752755058461740
653897648667335659
245532872648966918
389019065749328089
750155205188176087
445661132443469505
981155692664021466
11331910952832153
605304754979205523
333393913168636824
820149424435288339
277926394800309398
141003026472963653
98363601026463333
848508804067155772
103518560400838248
181671448405147149
472664001262440044
310409311325678328
578580233201476462
868811988723982059
96080655313299285
710273603276427497
201264596074559280
946789507811991880
691188274655675032
163852278065598725
35276119636087694
474709735459700311
570780388625515948
502117268313924071
313515888273042874
514770484347602154
238097953157334579
720469268875327798
283164893609222281
188483724249758440
273993607128904399
756874983597004078
670148001084276828
125893650636789582
530645282270479537
590338143319893307
710910696598393767
460377468853362450
801687612242905634
266854070548413151
234127797167844738
514907414207802848
848748486949858654
772703023286640843
542748388067964037
645083721996355324
13715903293956064
458424292853954054
901874601773420768
761322356978029159
611210760231947641
914369301488665885
763117788438524539
312358772722905927
855097160790869964
730889952883196251
681395434402965630
139819725109436036
818222294323048292
763413974638623443
287436158114989617
898433813889492151
183140927092441568
672172777846833758
732415476912753515
851307681886335151
97385312934545613
629753483231753767
160590653894521725
700532595973336656
764496715086066818
439468489973299513
202793203106576699
344613484219013932
208099243147336082
567643990795065730
241064586835430910
401645240729952635
633688209148009338
82671000612912519
481798378676394145
553098538881676825
133352136997453564
798542911286156239
58191645046995592
236364846774688771
136046589879894607
817552386795148802
968194188490893516
546612410576380682
779500413567863260
517629363902871742
918877735944791543
741089463253547292
126671777680776763
665537646544457049
617699963494274223
386778383606462823
331946144297845072
434586931587313207
952206295490184950
186889489842600667
927968955243631607
831168693922148914
496706340466605964
834836879815111973
120009789216249896
407412248683630375
475850205614915973
204594462102841467
249500998074762238
272762499316754284
860044864102367725
803708925124968883
638545802792597208
535083555154071297
551744513828390673
171419760827571930
821037687796637938
300661913470387128
450905136617572888
723657640229294468
583702504331662194
163949390454371621
802485193246968829
337568748401040126
483207354450742127
69630021442470535
303529588059204986
754424726824261522
478082367053555991
309282085765681631
377899191823506074
976819642171443033
959099592346804844
329765684891281433
556095394187391450
636152949686787924
10223689000153224
766220891554469750
764668091479109234
620094361007639520
904343946015783059
828807605112625116
223978706656481522
862805797897575279
598198356852556043
608412045852709267
151170898404919561
3201834575327839
878916856181449517
997023358378008318
865525802006182758
89504506515180632
952300302265272263
550498663412795602
158910707118021221
776774718721102056
92061332774415896
326433188980601940
9795857949035253
101238936321487976
966754738327670734
832787205840591910
717243306559485394
263997397747599987
43229524479913118
223953789723689056
15016723806289907
24802583902808809
126031520224296785
869314219549708063
959666442767320308
453447712472029894
976459773260268309
110622151150529959
111103901871959560
60777097530276593
862097644578309594
41739912546830822
545667345726069803
435819855467704177
153254963539850411
284101044322326236
169944652803589485
913288239481770202
16249511820521898
480876471480773631
527468727593921198
680324329856047471
985548933011121185
267243309426463208
659539834844851542
716006192720615117
179419092759705983
972186565577968425
753083207493804542
944479162199887133
582564414384163530
623159960014722699
701278533297708517
633170989103266485
658438214620760164
348433214793074732
104100544908375827
236003685107727849
85685982879347698
839172368808546906
216559550704255434
834209769632028259
720942111865831882
236968882007053527
849856593580123572
42923003528552398
202111353573566257
731108208139334515
337748743105485873
999450937852218395
396793771730891407
142559822550122800
565988956207001600
134008910317344458
453664219144443673
204160479549322306
26120530899634198
555500408498238731
331489309495681318
647360862626952422
409200450545795658
319737321860880660
85539684116284766
539193903260728439
519882343807791289
322530840000133328
654559211643596251
762576482137018114
267387524361331384
691276352280991646
884109559476122474
708275381337348536
843411143797421715
999728877703787234
631281466791793083
801895202343937968
259426630915945011
451553824268484324
721880805546324673
325094379809885387
558774374975491026
402185523067880037
83789554332564481
563146413596841878
559819392690017072
432882634819380357
468837228880549560
920381051001550237
642261854400391262
743884201650468138
302658576625959164
481372060691579745
341689578169368418
904825993913693944
875781839595036745
648632887620317515
915491629022858540
406295819433207447
694164698083287679
761437967635720228
259988553154802177
404253457339026280
592398577013719746
999514127392621957
620582049899422427
312611642067505160
495435422498453151
189600120581740830
951028092512428355
924763801123797134
3359974317570328
895150363915308579
206812093432180238
544176161611631942
138482785126508562
361235302614238436
603120699460351107
570463288577748383
278055020892552714
57942956207863586
182262431830372726
165602492702744453
662340756794507187
124843245308172757
776925852256095509
944752595625055751
587137076648566704
762940254922255518
136503273373258618
671963512524349446
998905868305334343
870024385697951183
656153649214817129
581977432091325860
738551946952996669
242127711390156406
579980949019225160
748709806596824661
477439489690626167
246977446058466126
488317058498308693
391997429880142095
420511046570148254
134460098951347043
525851908045375458
830421698375639142
579131507119947451
56570996810573618
80076403866780288
568383464512572629
736908857537938916
157419906255570818
248335507254213250
812929581834304350
879775247420173033
25999465124236956
859088422932551118
300823485164565015
490340622501474802
955157314004165920
69042722307032128
308671433691211281
484895161328792049
225442402974473989
555177047778079549
772487361761395836
290736166307637772
591549653619686435
652480010509895266
607402991905757419
753042435724244536
659868214559985753
183140248729410037
600194314612675442
596313771910626188
201223057108872304
569300673873782931
427718913140168361
17832431703427551
430011110445447053
866407286003173350
49547534732583387
426269812490483022
22583582253625562
474095236542237263
719969595713198587
597348849104020738
127208115152221802
662307698005935471
64827327594739980
48199065883154511
390931252873519676
95135001463532049
882720813577081570
793593523454921266
697829592791148808
257502326234005076
319493492192148803
710414745065668479
582077707526941072
795336239643870030
147880206160439408
170172822183312928
28983306930592017
450025908327558002
332153543710338851
178018327436229045
817086483854137889
479875019881584993
680553009080649043
137908452150919670
348359082053423224
215650972790638405
780762452024035098
379914222784144707
513652209780032862
594474666815107720
740093526104367519
488357528795600797
626255978799036819
974605065147427339
337272070094833049
366076111895488044
62386533849079264
352566711069303615
542868962387445871
282962488491813390
942976686886107163
171416787951887293
414511393828180702
528311431363205240
302616394952484986
834425627594272885
555553124804294698
415831762351195122
635101589331198518
262962748593539731
658794042164819551
298529577935333596
580904913850105434
497412650507870933
854930003121004615
605031722263056335
637773897569771400
625014587740355046
588514118538139139
666622448783267935
216640426241118153
811169662945373386
359045239621912494
635238542169624035
625151544873747859
732372125343177931
791026700027608779
189383582752105087
246124916221702087
833822542312299666
403560961139357395
734335327919494837
795053342031773738
514128047615492008
246500177253637235
155853783090434106
969031150293133689
807696416983494073
183874602889646141
399409782694662478
388947568097271995
237185932524281355
487103807117746414
629659009999058599
562040760529684193
402903019109738379
404076341303570797
722523786247571445
42840953840576716
87674321574538411
948997361387314320
842055534588777530
605072715815670430
973666745655138219
851183278741596312
162948342413694049
97918842597108297
997337259856944261
194225165659646243
483605893447053389
932683421420073387
11429965834602928
743266821146653009
138517584386736955
77993889945655196
380667335919770820
378004600071682377
348757726729069164
832353620176122553
765037045891163236
552994972723506708
981720200205096618
772943801909758973
850927689707930521
367449630310332300
141868540702765218
549283621257953310
205068662457953315
252735188486677839
10993349689515001
241647062427894186
466442672739536343
833671186758080180
961260648179106159
783100013991703422
937976692510970719
830449343510159662
530189559273330793
590417044685756327
334089203198781581
386119021538949084
820726339801177173
66616313454409978
347590265639970867
907428691455037135
225411712460956046
970340070206865961
586479091654551569
931707026886843399
2449714668276232
214382300895750910
64357892592856148
473961459279405353
783682637594132445
116620877563168825
624046304583579016
721888771994778237
930348405749983232
301465022041877854
307226586415447987
473274768457121129
723764195176717970
321843881093834734
402152524028239135
206837181285917398
346560331401074021
755469732691794346
455189833970184083
864106714129416360
337381482586537489
61145677763255459
159517526297281681
876197422575835283
859562567006976873
206122896260567247
188120066781464779
419837861749389407
283944575878805767
397854025905534744
786055830047901542
36648685298270938
689374071019330414
