4678213 181081
600
8693489101
6141424213
621229132
213771499
920248426
275750349
188330763
4284443332
5145993829
3075970973
988444998
5935891562
8993864208
7453172740
350927065
3713539356
9830627532
8035609502
79743469
207105395
9769486576
1512823817
5982852486
2710137756
2566548250
5958227532
8546150129
7207920152
6291883151
7026754574
9206435599
887486009
932648099
457537219
196139242
446900536
198203138
553987239
113212757
6395079823
6368256052
6515091464
7497361782
9080476984
8480555754
9681824105
6655015023
4388161215
790362666
1716863444
6356290772
9659171213
665336902
2474353980
4721507988
1088339905
517600969
474525102
2720428422
1112295587
9840159516
160540117
744690537
9007756776
9332907910
7348980964
353413793
3639534605
5176611510
3229154272
730723260
834484200
492571997
5772375535
6813796454
798255640
8274807
422372538
149450290
902124641
595748053
326471313
5348877705
6315773254
8011834874
649204612
916249509
2003284804
993572452
1253194087
9513926380
1996364466
4248214172
8941047431
8305805649
4478432652
335430873
58244303
8993140349
7452919912
393548168
650656587
438893308
1672975966
6703118271
352122596
309852165
4866948585
2976226939
7133671736
333283593
675328049
481094650
902979348
3535787163
9948941661
1860399421
5847206940
6869711129
7722739346
736477134
105354113
5811455928
2270057948
8090663053
150426370
8948275065
4891927579
1592367377
732031203
84260877
518290135
703498346
6145676463
3010530302
5046499807
545513098
9302678885
1372322395
5969477989
5526440310
7034108766
9447975976
93125700
524103417
293391335
963027637
7472693571
5135735297
6991823656
5986099762
8298540441
7510911288
6852592516
6479117708
2204920386
573565745
591545519
4871525059
5158915913
8467150771
2635708977
6869210259
7139942460
893249971
146950265
389216269
488571165
3465514182
7003593791
5874330770
304922505
8416339295
3874910878
985339262
899747380
126313416
332373265
442163362
6129524374
9843904568
3867293914
64842728
281795517
581463543
948627477
612339049
9004497113
2749872534
8131246038
717200398
900020292
121925874
186767602
4325476959
4099726689
7101429175
6611572
2425873382
801488526
2806904286
1679127289
8708764539
8655039115
829977905
650777875
495796865
161201098
804491811
759666597
545862598
3438063677
9835260934
4602272755
68284429
662225527
313003402
425277811
645413397
3584953560
2940904854
6981794784
2239788018
8370746168
5004240529
53033467
130532509
751090745
3569196673
8088320617
4084658392
178598560
384561711
131972648
6953122219
4329844094
4376162314
87893203
8662169310
7336002125
755382333
9377671400
7525860629
9555049986
900666572
463831859
760948324
8062899770
3898017301
435346373
968505127
303831252
3292287890
1308446941
6872206413
990174808
439952740
874215673
138461665
127964029
423683616
392188743
312497539
581057077
310950538
822502035
205106433
845119553
305017486
8820191029
3845439720
1292112463
693026700
858037591
203058861
366522751
247960274
1151409059
6370144399
7655380133
637656800
662297788
963135744
272640988
8037169580
4993467303
1873545436
477124475
776146100
814763416
936183994
190319338
469094670
432230414
557384755
2627056527
5438590844
4264520278
684538786
5352146238
7967468880
2063199112
89728727
9232657680
3166271745
2724369206
9941805724
890020186
678706421
7464432337
963171025
3649638200
415509625
12464176
840573017
91958284
4840282677
8924271635
5840715831
820604929
1327476218
8365564386
6588643098
865128741
761951940
893018729
8903541949
5663542014
1141062596
2058694634
4876385429
1988679690
903670081
6937957115
1600501935
7398589586
632017705
8373901065
8087938344
4749129131
325825367
6448053
675864970
782365360
9753532321
9617738849
2327925434
874408623
2082398431
4164182074
1904230639
601588987
9902171641
2882042154
7541444862
632592405
9456169947
9426870478
2341062977
5517137915
9754436958
1328787812
9808791831
2439406708
7226384859
285756380
713825205
751316752
319411307
189388785
831425211
554292395
2195083907
1528029084
8679863855
7071771258
4395005866
1387455033
6115041269
8258538628
5738876601
407218551
555115014
684811687
8504035829
6305302372
8148960737
1705641532
5544087811
4153997630
8723507400
6860098141
6951602113
304780918
547889574
753656821
76398369
867997934
206497530
591342120
75332997
6592835942
2196204172
6077150473
870535549
182389315
936045136
71378994
555854472
526315194
265142962
104439152
63595390
320296744
433654798
1683332872
9669935086
6151052930
6493702588
8448807434
8355119773
468026930
3245386385
6540189368
3237751768
7671739574
8883974134
4396718476
837099942
559330360
3003734506
6599700911
1268610335
279253166
7233021926
3078918034
2288109131
407573411
5766241897
5641819290
2476923728
27134894
87773767
202624222
508705763
135328587
7752424795
4702256235
409085783
3206191420
8907329885
5890418087
899610879
622011663
335150305
5095033624
2709003992
9791590035
464447565
879696097
413190802
8926126863
4171626964
9361269994
3061199401
6854894110
5450490614
2708572639
6319192034
6036409649
251488532
400008134
347528719
8400593020
5601505529
6240265764
4377618169
1850996698
5339419680
645203369
1304909892
3277888608
8021370673
335410413
422822965
694034319
779884688
8513279804
2225595517
5842627152
452774323
371407263
930870866
957837063
4011945829
1304679484
4850016429
326631967
514603245
5388383761
4576504744
725576777
940236382
9239960055
3540144973
1955744771
442960101
3622612073
4730438473
9228308989
418896510
6154994988
8802742008
7143692938
148781867
721814974
989683139
2415589720
4474597310
3451697349
180447063
215399047
295961381
8487430077
4958117603
1676067300
751267002
233964986
3926349202
7080576377
8624899494
514288722
144053078
304436946
7423837712
9221205376
6704147687
449072677
260382178
4582342589
5380038238
1192708927
412574160
3075818803
8563225434
2267444234
6950162063
3267359567
3980885367
438194659
920016061
9569574096
5806069494
595841678
78362880
919053237
667760863
9347094732
3837130189
2139370667
842053720
510272990
733844735
303052260
287967594
130293667
813310096
7681634255
8369620881
3212552042
4362234253
3041978372
859002339
785038149
2026397538
4172869535
3727832035
6294578556
994930507
2253109381
7906945340
4604147776
5385016440
679674370
738354343
835234691
429923966
327664502
277335824
504785461
840516490
1147563830
7367888944
3933194479
491059881
1456169064
6991671072
9067156434
133221330
581936524
