177906
69040
60604
29911
98797
107738
6656
16020
165631
39854
75697
44077
171695
131140
68752
136676
159312
67565
40437
104798
28622
58676
19830
142591
92982
50119
162936
54153
172942
138177
172806
59676
97418
68893
117224
24913
77161
113299
27388
54393
153493
51811
138309
80372
63623
101262
64750
153290
104981
13972
109013
152865
121940
119356
172455
117724
107131
81311
149750
52020
7436
114460
174734
129903
132490
169131
161749
92469
180064
97280
158302
152695
14559
142362
128096
3174
51487
64337
174972
112169
137219
70085
162223
37342
122030
177887
131896
75902
22310
35381
166874
47905
133220
97009
58581
149710
82920
43330
161220
154667
39618
4770
105437
10258
80808
71813
154198
79651
113112
107123
30822
89508
85486
63448
122363
33341
46709
32175
165122
90305
81054
115183
152816
25047
19440
32871
106427
50091
166600
32941
54709
38997
22989
145565
27828
48740
29979
72832
24181
136672
136023
179627
159553
35007
178654
143093
154493
150193
16060
95537
165465
102559
7951
165382
50249
42000
20752
109086
173358
88742
178578
125100
34808
100336
164037
154207
149486
30457
156002
80136
112886
20711
176161
121027
10985
149409
162837
168577
151405
131610
34446
153800
35012
116938
13698
40529
112326
103318
176923
17241
145532
11761
150032
120411
117974
55773
82235
4872
4954
93381
92516
87333
54967
132182
93714
82748
135010
93406
22079
349
175935
69853
136971
11179
111969
132437
35794
104485
135999
142615
138316
25816
74952
47853
52749
105587
152410
22490
21983
152286
178011
152090
83912
39036
103673
72769
18857
49536
146775
76017
167345
130107
96320
117296
21231
128538
58152
74091
148220
82185
90765
175673
86294
159314
17095
153785
106061
98636
161658
152696
54227
26604
56890
77747
171680
58713
41040
30174
107789
160592
5062
108380
37961
173298
30282
166611
48441
24156
72658
119643
143499
98471
176774
121644
66816
62753
104237
9816
11716
106743
102106
154128
19254
18555
169244
16319
4164
59719
24155
11088
137647
116566
130367
82644
16627
122803
58152
154128
46248
24797
50880
60479
145893
117562
80223
125650
101770
135672
46836
89982
114779
144353
50430
85311
113965
150957
15040
146699
175584
91968
86175
141999
10490
147644
20336
158662
168645
67561
155771
86197
3535
125442
79683
29290
125222
67715
146855
58581
168743
48644
67403
1933
88237
32024
9696
13008
148178
178664
14741
109965
111913
42649
66819
6470
73983
168439
162440
65980
111747
6173
13674
129251
161274
28958
68392
13330
169743
168297
83662
120347
21895
32166
121332
67915
57611
151511
101023
117022
176060
102103
57787
102646
70279
120681
143760
120230
18985
175767
164708
152993
36783
84227
82246
63715
110783
173594
17738
11538
102241
126104
85673
29842
180624
75314
67587
83637
16987
60904
174426
65137
136609
68196
138312
38586
32436
114082
84840
90700
45783
28942
9875
65372
116209
27041
154973
139939
53789
10525
19750
89312
58897
135032
138769
163332
54433
110067
44152
62613
123451
21700
37897
127756
98468
27196
124096
56970
177998
67123
124802
43396
136883
89450
7183
112266
102840
60258
21733
155287
55753
9729
58157
46000
101100
28148
111991
119824
548
68690
89407
131688
5488
120832
141211
71616
174967
32546
34652
101427
39108
41836
105778
64761
46955
32525
78007
123131
79925
28638
117610
63552
101877
709
64750
128137
59603
68460
176012
112193
134035
31745
41872
3856
160776
69243
110243
87594
138172
95117
48897
77856
65032
124968
117448
104849
2807
125859
1893
129558
105529
61780
65354
112871
32680
40464
12489
62374
173416
148841
10198
151128
96449
153634
50984
155025
5408
163382
155249
110725
94617
93411
18138
48984
57556
37072
151053
49495
66548
104709
90765
5479
150553
177111
168790
114119
141424
136292
108695
6103
95386
64807
7792
151367
83344
135309
46636
29957
17301
20027
21068
26798
174016
167671
160147
39989
152390
173901
104367
62431
125487
66314
125312
42201
155018
114497
6519
43359
10317
96028
12043
17182
