274876858367 274876858367
800
3906760833
20980
11972
8682
14434
7563
3480
2487416851
3777241103
7475
9551
18446
3634001999
20412
13537
7206
578608825
23080
7586
4869
3405933091
3478632636
7527
12679
18943
13934
17815
20714
3876334370
221262633
598274411
2660443585
699853861
19453
22560
4489
19924
23467
11807
566959888
3871379902
6645
6360
22067
7547
12866
12837
1119388929
1766063462
3200911121
410911387
2036741596
1508286084
3855704504
1080722697
2229465244
1776045869
7362
11561
10366
2193454993
256882733
333815817
3187326093
15597
19242
11290
15684
16100
20269
353285836
3565410090
3904394493
3154098708
1662905700
5521
3296
5839
9817
4916
10681
5654
10479
6254
2793966496
2861836876
17130
21704
12809
16497
14045
15036
21637
15769
23343
2846302850
21831
11253
17708
2554134162
16287
12520
11121
275633975
3225120708
16477
22143
2762
3666856592
10889
5777
5447
3162594983
16695
13535
9736
3033500956
15865
2743
6852
14512
8490
16720
10272
12697
22139
408990128
19588
19215
6424
22616
11821
20823
21698
24768
11528
3775210150
393135252
18482
7111
6566
1046777568
12794
12834
24931
2612889455
8075
17564
24346
1804538068
1861579111
2739212915
3041551969
704870477
3322486602
1567578767
675435518
1683498593
2836852661
21436
4658
11768
395705071
1089773392
3742127518
23312
19855
24226
9070
22074
10323
5818
16782
9726
1118250180
1461799499
24986
10270
9782
1505954715
3249255696
3171022566
1327382641
2334643344
3050577134
3366567859
12358
19476
23284
21657
9182
1960
9494
17475
22565
7787
18052
2870
1875456839
1901564741
1430583573
1658613328
333385010
11921
21052
23347
809517424
3572861974
3734267306
1007464689
454253622
3832320843
1490934171
1517027022
23135
9469
12469
24939
18157
24401
21333
23780
4772
2333617061
13551
3640
4405
3054576502
3099136907
3179879795
360167952
2757222702
5284
23642
19943
2890927943
3089762392
3401104951
2455681453
3100042552
3932438699
1837830843
22737
21681
4970
2271674615
7558
5709
9337
1212788614
3068747580
1316357892
24489
5626
9467
22036
15423
13085
2359978559
1502737916
3136791880
13794
18677
13090
6785
15452
5562
3294626665
3491090940
1356970375
1730676560
10135
12909
14260
3217301713
16326
16379
7956
1793489877
2146889753
3057294429
3466057305
2675057774
5521
16518
11235
2969475936
16511
21423
23189
825905208
21472
23289
11479
578395864
2723235726
943323936
706503991
750135596
10816
4493
5615
761740188
8575
9887
18986
20128
20775
9265
9895
7390
5930
3267639851
6370
24778
23897
1274287325
22318
16489
2893
5059
6501
23581
2797341501
1103064742
3154838964
1033560434
2207206661
8918
11985
22588
1830117133
3813619410
15775
23021
4340
2008535775
7723
8449
21156
12837
8019
2325
8091
22204
21787
2272560052
2136557065
2903618820
1173003187
2918398933
3426290940
3728454161
12884
16646
1836
10415
9632
23382
3911943955
14384
21233
3552
833099386
1526858999
13026
9697
24419
7833
14933
23371
3159663180
3124825078
1808214356
1557486214
733049013
2834806516
2678428256
24756
5554
13350
24397
2876
12984
644013617
738979350
20581
15624
20922
3424796750
1741939045
477162439
2366642323
11918
18464
19766
3018877184
19579
24477
23910
203212184
1264916773
713298014
3444666036
1945562497
3547279878
14994
21205
3019
1145420019
1300514655
1303726840
1766384157
627165820
21048
8896
7454
1394947366
1839765301
618751988
3109396200
2062427207
22695
22186
9405
6038
10413
20369
3787037963
1418252227
2326172493
14891
23729
17170
9265
3847
2881
2161134926
2978086487
18490
11420
13256
24482
4335
2132
2633525476
262198459
1684523658
1269582301
6982
23711
5497
21739
3924
16934
17235
20271
10925
2739771160
19589
21186
11220
9384
5662
16041
508841448
23526
7502
19279
3998908887
5673
8329
24025
784238424
10239
5050
15081
3982505500
21755
8185
8193
2090609388
251621819
15149
9632
24235
225481337
866642740
1636993043
2221217499
2355275617
15012
19345
22512
21055
14413
17109
3553023375
15862
21406
6483
227331183
3145787663
23605
7981
21204
15170
11425
11400
14615
20598
16837
618169968
495221389
5722
11966
12798
1310233835
10117
12068
5885
2632936920
3795629815
3189413064
1497155612
1377453535
20474
19388
12966
3044727257
14646
18546
16575
2645617250
2143098829
24286
7847
19717
1121881087
10815
17259
8164
1614141433
2779170524
1506570198
952741799
771749276
3034278950
16538
18084
13404
1714627478
2766210964
13750
13489
24211
2848039815
5476
5887
19811
2639042384
2425541820
561396922
2089928678
496055835
21550
4198
9429
1745620906
2848580740
777520415
1069079151
5972
5264
14418
1512777166
10723
21533
22590
1071621668
16821
16865
24448
2792620327
2133701585
800113337
474097527
804507551
1476728511
12521
18943
6782
703903711
2801895909
1594516237
1273442014
20895
24955
23091
3458930827
321103959
1915638175
2292844313
13024
13119
23639
1728207640
1175032517
15268
9079
6301
842360348
24415
19287
12606
554759032
914604651
679529115
3558295465
2555590327
8997
12926
20603
247906537
11341
6471
9777
23342
16033
5446
2138632162
1909458834
3173699967
1962208437
21961
11358
11563
17538
18251
24912
569239759
1448800451
21608
8609
20388
2616493567
1728295684
1938261235
5422
24305
20288
1970636627
3225906051
11747
6697
12428
15578
12302
2305
7410
8976
4600
3598884784
5470
3724
12157
14878
17778
14575
569826013
13341
13798
6141
2055701212
10238
13888
21598
17634
3894
23401
2098352740
3051789353
2173043472
1270793758
7662
11054
23235
3777390425
2880696394
232069687
3865727994
3616597086
11439
8538
24301
3991981452
15362
22754
10803
8952
21763
19894
1125550980
3043150030
3764768354
24936
9347
24349
1585091070
3598683016
1415480729
2166884576
3645187734
2315962906
756853480
10482
21606
9492
6667
6487
11896
19911
23379
15756
12596
4586
20381
19652
3548
13761
12723
20976
22993
22891
16001
9609
503870627
23768
23068
17141
3828604809
3937441296
11849
13234
19347
600767504
14994
6521
22545
12662
3409
2245
21210
14508
19646
310724361
2595316923
1852457492
19322
15512
8101
2641098589
3653768350
2948019757
2070875974
18486
8224
11636
1137702478
1072683891
2899839489
1446589463
13596
6642
9155
912317765
21460
19548
19583
5745
7149
12761
17929
15290
12792
583770620
960899599
2045856847
3134589397
5297
20958
22959
3225284448
2029713872
336242242
17106
18084
3136
569107867
1853214832
