3 253
400
180
159
134
97
3192534
3565651
1267780
186
136
1882288
3621958
4576674
135
175
4327167
1117265
4138923
153
163
44
192
14
4614877
708145
3427987
3557187
770804
255541
4692184
3136586
3271327
65
101
3096829
3487794
1090870
198
20
887186
2176179
3437293
419625
2779209
1355805
3590566
1850181
4263537
142
3145128
2717424
2384944
4754311
1688927
4717294
122
43
4
66
4731453
2040686
4271867
146
4362828
2418939
2327611
60
119
3736963
1482455
2576529
87
92
1854663
4932925
1251419
695918
3169598
449095
34
1827859
4378321
650005
101
135
147
83
117
4073630
1685864
4800358
3296166
4764045
4159600
37
28
174
65
144
126
154
182
3083666
419279
3144340
140
168
79
120
47
4042401
3936259
3689196
3001899
332816
2230209
95
181
3352249
4255156
1299612
83
178
264936
4289523
3623953
2532493
688730
2005702
148
48
2111302
3442609
3405970
75
841977
2967735
2597715
7
4414482
3502278
3838585
59
181
51
2645892
3726707
3074731
2
106
26
1380582
1436024
287535
123
109
4217412
1317889
2043329
32
1009084
4344669
171439
155
113
116
77
142
53
100
3201487
1974325
1461399
147
3761111
857981
4303690
61
4979268
1254766
3350247
20
4894049
1976007
587263
2362710
969403
2689448
68
4079088
1175286
2307865
140
53
46
35
36
4392135
208459
3167255
39
59
3035119
2076494
1552281
1508918
472692
2531409
1103585
2994075
4626113
2269669
3802625
2142428
166
179
91
33
20
3777517
1694402
881332
123
613725
4044112
2600358
4510184
2532262
2765779
192
4807604
3928782
1369445
2107275
3650539
4397527
116
113
59
30
1321740
3119985
521935
3641213
3328214
4585853
866140
920808
1266648
145
35
182
166
4883232
2559564
264117
3811711
941361
3263984
132
89
3326603
597338
2491971
3731393
247025
3376346
10
198
127
39
47
69
1480174
4448613
2274511
135
132
124
99
163
48
9
190
171
598365
3514437
1935914
1961951
1783937
537607
36
2075713
3791195
3124146
4032529
3901178
976441
195
37
4251920
585919
2215429
31
80
27
6
196
182
1924537
1104761
295908
1027869
1201840
3095367
36
3610783
1489833
624071
12
2938285
4299062
561917
21
1399871
1880987
1165734
25
183
15
28
173
102
18
151
101
1320647
2392279
3345271
39
4946348
1619435
4604721
28
159
2945846
763057
867269
197
189
110
174
177
94
58
193
3
1052786
1350513
4615274
3291169
1856496
118119
3
77
1633803
2844753
1120057
19
156
623457
2170058
2467692
26
34
1251716
2686099
4925320
105
18
46
174
160
101
4197522
1897234
479162
85
93
197
191
1571953
1532026
3373477
181
653556
4703120
3761546
58
4578086
2048378
