27887
5025
26855
27091
20547
9888
19306
28239
15677
18040
31090
16191
31603
22792
17659
4873
20109
7404
28785
5082
14354
13915
26578
2737
32435
31756
14876
30448
1233
16908
5922
8149
3893
15233
22394
8954
30877
8141
29322
32648
4396
9966
17622
31090
26543
14137
14742
14168
25300
3466
1177
2926
25419
7113
11207
32886
18898
28643
15723
12904
26048
8820
13411
27391
30122
16962
27819
25565
8162
20581
10350
14665
12012
13424
6367
11579
29491
14714
19765
3331
2818
22862
28502
8477
32109
16691
26345
31605
2086
20321
30667
11816
645
1693
22804
8589
12111
18074
8908
29126
26225
18264
14686
30086
4236
4775
12019
13179
21284
23340
1184
20196
9087
2212
32647
9449
12265
7701
27444
27126
16864
12860
18095
4949
6643
17293
29601
12397
28277
4993
30879
25686
5763
18314
5633
4542
1868
9953
18756
4357
22935
19845
9394
777
22934
4839
30305
6578
23036
19218
7491
12342
23346
18385
7179
16342
16709
1837
28994
27553
5127
7658
9296
7733
14070
22935
23395
5808
28428
7106
27518
12748
27732
5917
24297
14813
15596
5993
21880
29141
10074
21449
18260
2400
27732
21572
21880
22667
3563
30075
12615
29105
29657
5446
10550
15741
28931
20604
25082
9393
17446
8747
22737
8149
13135
4631
21868
14290
24193
29456
27643
16380
28458
12320
7652
9670
24629
12846
1947
2332
26224
24801
6349
9458
32179
7624
13640
31934
2915
19250
14432
25345
27709
13212
23024
15664
25432
31549
14588
26396
31615
27709
20777
20920
4712
10055
6006
18267
11749
24518
24924
24935
23107
30283
5034
16751
3675
30338
4665
28248
10287
1687
30364
13374
1385
5017
10595
18526
28963
16016
22825
15600
19879
13584
15566
12698
27444
13706
9189
22777
27315
15170
21141
25456
16356
18305
9310
15754
25582
1463
1604
18537
17787
25642
6404
19173
12756
30283
15289
9170
11991
22620
28532
20175
10704
2982
1019
27161
19232
3865
5181
3018
5302
6580
27892
22499
12495
25739
1883
1848
30173
22065
22607
29427
9912
14848
24004
28060
21047
9261
18787
30667
30316
11672
15118
8823
15940
836
11859
30243
13133
17203
21572
22537
28533
23286
8767
462
14323
14475
18117
32767
14487
11737
10703
14617
26013
30787
7592
26026
12069
7514
31360
31549
28523
19686
10870
7616
30364
12698
17635
24738
9955
31505
11715
19306
30829
17391
32556
25027
20779
253
11609
16721
6644
16086
9068
32242
29788
29275
31976
5742
18194
12419
8842
16808
24411
3139
13608
26949
8744
8285
14994
6951
23563
1848
32935
20577
11595
19085
11978
590
27379
2926
31944
24900
19822
14365
7271
30492
7253
32657
14180
14113
21595
15555
12968
24211
29072
23464
10672
17368
7
25509
7253
18608
14379
17228
8438
23738
27445
28766
232
19232
17578
32560
11012
26566
3758
16182
28525
2992
21033
21220
25300
4620
9317
21074
32891
14432
24068
26798
5082
10714
18404
13552
28204
18264
24103
7777
31627
3672
22073
14021
8569
13675
10209
25802
23888
24970
25403
2871
2836
681
29645
14021
15477
13672
19096
27149
4897
26115
5801
13629
2413
19118
3245
8785
19147
17865
9471
11449
11730
3056
20031
19734
11453
2354
15774
25040
32538
5292
3113
13333
11210
18128
7822
17458
16696
19884
10240
16192
7283
13410
18459
14532
16982
26008
2900
23453
12782
19878
19353
25265
18415
32179
5148
1406
16729
24416
17601
9647
21107
26976
2132
20735
30136
7040
10284
6406
11143
2891
25804
13024
3439
9027
12936
17976
25938
7722
16016
5680
7943
13497
2398
6018
15453
8567
20328
27016
6160
3157
14696
11851
3222
1673
30010
5699
12013
6101
23441
4786
19382
4264
25070
18907
32941
23594
13521
30186
30031
29009
31977
4787
15071
14266
31514
8945
20546
27511
21890
264
4411
26597
4940
25838
28910
7238
8492
31143
13377
31987
5699
2079
30667
23728
8008
17780
12476
5831
25956
17030
20548
3003
8911
31570
8221
28985
17766
10710
9258
22442
18064
722
10119
32855
23505
20900
19392
4522
19393
24625
23112
26841
8323
9310
3949
3420
8020
10329
29396
26510
5201
6915
17204
29865
28428
1947
24431
16710
21240
27832
10472
26433
26533
8943
26501
24717
25235
12628
802
9381
8328
473
30633
27895
9121
4203
20879
2849
14989
4323
17248
23737
3564
32179
17659
8221
32404
24223
9548
14630
28673
30961
7404
14367
29260
7568
27540
13484
4596
5776
9459
22889
27875
3850
5674
31757
17293
4341
166
19052
3927
18482
18228
30953
25763
22924
9794
308
16346
14344
26257
2706
645
4347
4268
5870
26565
15897
32340
5443
6854
9714
788
7260
6216
17150
22015
5089
16942
8646
27412
8260
22485
12660
12936
5620
2486
24556
