12098399 991
700
8646842508424
2877934708832
2827744541081
4928698297056
7419356900376
9815114800485
664769834233
7088600050886
2378504011995
8090508959986
3285278751658
3281137545778
7233235374669
6707858628713
6690360753281
9404907350580
5311565743768
4012917228074
3173786929826
9537950397610
1915811811338
8659851456523
6821418432251
7122682043314
3850072194945
3252832061878
7272246306197
8479903028907
1769585075179
484024916808
698330296167
2928495460516
1849021378146
9740315557382
7517855792333
4305151883303
2336639629382
4006224704562
3026390450041
1958378841747
2949964095714
3650728545684
4240240159550
8337761600882
7127732818001
9558210369608
2474860321671
6896384387610
9748495966972
810579876319
6200148502085
9267886422499
9849185167950
8567791793987
8262964803476
6700551638275
6023430105003
4000499726939
1536784933023
2166429862838
9760815279021
4844096498541
5272792239959
1294074861315
7905111256779
4470903691558
1874740519850
9441901269287
4169328872669
4194784930878
2794475234018
4779125821722
4587099066158
9710955802790
7151375386523
6556853784331
1298968613077
3930356408598
8479657562359
7760522560491
7932824080271
4120663428487
8035850306263
1365231364017
2702793239722
3376687185531
8369680742632
2995011414733
7945287654943
8162458478156
8815851164495
2742080269056
9035554244773
8065754029605
7036967413475
962657311384
8807944966328
6968255960836
1158348514956
2537344903643
5183720139996
9938957730996
3640003265992
1124499916634
8992145813286
2517948348862
1323745831542
852999532923
1915643015175
6913985659362
4658703539902
798662277435
5364617823624
2556593268600
9612643405604
7034013716620
5102968599195
7180118816391
861180381308
6208618177565
8818209777649
4182827601273
9200418610418
9446837864039
1388617040869
8682871179333
4235194358809
7614555419857
1420157060417
3888649053230
6152007350983
996118660153
3499863991586
9361004892650
7907684422497
9852955582447
9998409383162
5408530751835
4840313105679
3698664787716
8552998112246
7799937836475
1002934793062
2788802928982
6870436323471
3285626318059
9523017074679
4602965854628
9813708196090
4063896959862
8324831672203
6522615989705
9380453425800
4048918092358
5389642538924
9896903360848
7529346584764
7647483737852
3451828074202
3186778259560
3161564297515
2297558860088
2762054806318
8051697345242
611745930282
8038945031399
5688576252899
4574635447574
2497060451899
360933542584
9516731934738
8018872345219
7923954277011
8433552723645
6474645238692
7200670342612
8783475967537
5604509377644
4084239078991
1260574045841
8153398146859
5462896694237
3226945343959
2262588323195
6888955038979
8650954942882
2910015298684
6796500959547
2960617197469
2272043712642
2454900111991
5348747348313
7553318899997
3646339677079
6842178280422
8823640334949
1635902215505
8332403175053
3858313080362
6028209309357
8383109421348
3824567859318
3941031983507
150516884779
6894842648849
5529262087047
3097236201792
5770245401332
8884858117456
5175565144014
3187864747728
2698516989196
977997713539
797675620683
8851904186528
3421148605983
6826916125536
2344886063142
4154864051555
7247023766580
3050698106927
5649215096124
8207076805649
8642085324714
1217099797943
607161147671
6909058746017
6717080253141
5920269594088
9203161176775
3887135682062
2984917768855
5208309752381
6325409550325
6834718181644
2249910616650
2266131999045
7824541264222
6307956082502
7979604075783
7401045785187
9394685048316
8647980511197
5258221584445
6878188687657
5217383527658
5789649435569
9364049504952
7341506097088
4642785765841
5201218781263
3672984139184
7005700121547
1906323010375
4302209042808
2655003702569
2016905723873
9258411820961
6462195327347
6265726712330
3815848821732
9949830701460
9518676047199
735206413058
987014323344
1691821241662
4291045226118
571448733146
3567218227474
4141457601896
4391673618876
8279817900642
5654689590433
4977743068175
4359718601588
7666722976908
7592932617001
2513952003570
7286949575247
1678623194123
2521586318957
5648984754628
5082236553726
1235289688889
8802012665797
9501182116396
3771864761764
6760117628182
999738562849
5229301485604
5858375310311
4291242513565
2048798148428
4113125489016
445987991325
4990990740898
7580373681832
2956196455546
1160844733545
1019596634195
8087459468984
4939699723093
2922781110383
8431460803447
8272832072191
8820904610793
1988108565177
4844305020724
5689915847017
138496305832
4976048545277
7879075731472
6951979366242
3807725768145
9635600853967
1405879472311
336663728440
7877437517317
5414483803139
4087609626752
6122687928961
896592145042
532192999009
8857047439677
1223490832847
1745142780874
4113234684853
5824311404460
9816215998508
863455232097
1745012247366
9971288222407
5712878626328
7315904319919
1637528640278
8703149852293
1275012029625
4127514362841
5117102912254
3657859429033
3618808609681
7266393847368
2661269349577
7706831469775
7028860385290
2472845999578
3647858029203
336370132588
1878673703703
8142219112172
9593282146285
7802503260328
6131448490535
5723454100017
8098447583243
8470662281505
6513781572395
8292455276098
8999967096111
3192560356129
6813847213782
3514250727804
6775439526744
4871739626339
5428475857715
1942257430110
9731901188823
4337589679675
9975500409217
4996037345409
2042421081633
2083881097014
9243832579684
8838075033729
8569976222553
4462153361765
6007888597650
8448687449994
4738399450750
6680820532383
5275681845234
3425108317125
6869446574625
3427766864146
7071125415398
2900382458663
3548785750815
2072427743488
8427725883394
8058352901712
5036107084149
9800041522693
1973395090851
1065604794022
9518783812955
2056654495471
3720421042416
4491967298343
118018947811
7616760317331
6469940496980
8125650618940
1043203425293
953979129611
7157055624225
1894300453177
7150895924385
4566594343692
902252351131
3343620452333
7624659164558
9006242432996
7863631763903
2021887679415
6379333356784
5447677621780
4023218940729
5978443426714
4066842348547
4199922202620
3219382944579
7984214999769
2567100419728
8844286292864
7502953506065
726067579311
4262834408696
9589670440135
9049069791633
8576310366238
1908344114223
2849828374200
3501954157588
6940759822211
205134430709
9093559802627
1974703380074
9090667424906
9428161897964
406574144040
3756381777139
1577789902556
8763696837579
8991498698142
4854948491286
3165723447730
8026536502653
9687710376692
3444092153831
1995577166645
8127317695902
9980603399341
3264751509849
3488739854900
8686759883649
8372322776693
7973689283385
6264820968743
1572242182892
8572353432126
9522283151065
3144566072229
2454484690522
8874072251204
2595693449263
4717907097850
1581558106079
3664838997688
1802152452037
866294912413
5896841921453
7877849463805
7373373971020
4090401955641
9027898792288
6307884024746
5327121682828
1025519675703
5776822055690
1673663977143
2118953632437
6257370793311
5556774111288
7092404845394
6185244214585
5718570447653
9375710365924
401230041627
6082347064613
2335962414738
8495480691697
5703427667340
5356830253278
1869734404265
6364838982043
4235890534524
9894609011731
2149937565902
9358296022560
6836834326596
8168925008875
1353281744540
3154263624140
9887273870483
4123164405007
9696674581137
652297453585
9952277004373
192294532036
6845658261026
1316487055465
6429810280874
8880229375550
5568686488397
2147457645680
3341459076705
6456901754482
6411326242503
9066765998731
6636608821063
9309894407741
6391064455191
9740001745205
4510009266285
6817044028462
1933813542902
2818362099607
8467511907027
9706890747284
459368040056
4647887133531
9484532544317
3570864958130
7980874224415
170544251392
1972145679091
667963399046
2677257003559
2103340640391
558335423871
3646440181820
6472399201326
7168044194979
3141737468958
7460757453666
2032846830141
5578387894911
7586023502598
4101009243751
3928684068777
7538845906634
2779366276485
2509792288747
3592936167319
1361861799037
5764741930230
5010881005512
8960669690969
9894952897619
2406892670014
8574507125071
2167443292390
3433600058723
2082499306121
4560082622296
6109447001476
7637556883933
9178388455803
7044698079507
2684156438035
4751599730425
746197529692
2728696835813
156576615103
4322000702513
5680783339041
422883715830
7367581795337
6536044172648
5720243770544
7264242829639
9447479707691
5072418566436
6144350877507
4221086814909
2078744951907
6439181246867
5489921847041
3771163358129
1039701155065
9169764787377
3080248214762
1125328790437
5246415605346
9211888325552
7684523655209
7032308521371
8098243436661
3273571254520
6221749857821
4244494511205
185918135835
6188499743809
7965680777201
319072522308
9495456570017
2319484425033
9100156682030
8873292977094
679214694677
3350646764706
2912247089207
4882363236073
7979064249435
4246402673433
6413302614565
3475070395696
1216742123836
3944296216282
8261418892334
4610673837749
5507212285232
6408267179474
4592253516235
4506793497028
5067178330358
5061045137052
4762665694201
7212835657413
1661360018628
2992787473575
2996779980167
4115367126946
1743543197848
2670743306196
5812116528165
2245778990781
4084506254981
5496003322941
6461829988122
2015615202241
4912395182408
1590907533547
3236598215043
7026653379108
4838234637156
2483889402392
5074189999767
6198842473928
9476014722953
135418906418
6459010458114
3206906439550
4661579152312
200758120055
182180040975
7461380438394
2079225099384
1084747127495
3123907074640
4725705964047
1435610142518
295216883390
8129618289850
8211699906562
1186728147996
1699091613390
971295293257
936523870189
6249890529244
3184701338979
7282968556376
9386739988480
2896401744509
9652945705669
8484419798917
6453231400582
170982097982
7521580814531
4033032783937
1964018874345
589915962444
7325365473456
7808540873009
4044877681954
7473956633647
6414899039507
6488028621137
2782547716148
3062842353391
105274373018
3112089838581
8915307048652
4473617448041
1544705916935
7812838859289
2993441890875
5673842123375
8640979444062
4367462177107
