823
722
138
299
666
895
159
917
745
795
326
414
245
387
238
777
433
872
230
792
61
221
190
345
168
539
794
284
7
140
702
806
703
869
852
234
686
97
276
315
716
725
512
850
829
46
259
829
596
415
421
821
261
145
329
525
314
173
54
732
596
929
659
730
779
30
361
511
822
49
93
147
878
949
234
93
590
140
768
741
124
885
458
514
438
510
442
306
854
685
902
255
583
194
193
104
446
231
258
803
158
322
385
358
698
302
660
723
519
71
290
46
88
908
235
314
730
604
618
307
514
458
751
822
712
723
133
779
537
639
458
854
330
112
806
880
119
894
245
704
24
464
438
438
45
514
590
286
885
292
952
927
434
30
358
443
367
119
251
237
604
605
739
679
292
372
173
110
377
823
985
806
929
104
32
503
849
65
24
307
7
279
146
927
57
726
104
639
514
486
433
726
270
47
71
885
829
539
257
495
745
920
511
720
173
918
883
290
266
623
846
183
953
764
803
182
178
883
829
707
305
415
372
415
643
10
309
74
922
492
134
945
927
529
14
543
660
302
601
54
304
900
133
492
779
680
270
154
853
164
121
705
918
544
700
8
234
152
671
239
681
37
885
865
41
567
745
24
834
42
203
388
767
443
286
985
100
312
47
234
288
783
158
916
19
389
834
77
189
395
570
441
286
928
194
771
333
621
175
337
858
182
522
390
141
292
712
367
413
290
688
427
597
894
493
100
193
245
822
686
175
442
821
189
762
395
584
688
865
524
943
413
618
720
913
3
832
945
886
645
1
321
590
929
289
433
274
783
172
617
210
79
238
133
561
37
467
563
108
937
68
238
716
916
443
908
583
108
636
885
182
980
823
167
221
10
308
814
372
289
716
691
93
281
516
196
194
922
367
97
896
767
336
500
193
451
291
767
601
338
615
792
852
124
114
390
464
210
660
643
61
542
112
934
886
372
636
421
390
729
780
513
433
804
152
741
330
553
274
809
767
644
30
152
288
219
122
73
872
103
57
663
19
68
120
966
221
382
144
190
597
406
461
895
493
852
114
852
382
252
544
636
82
358
952
781
981
191
590
645
15
633
942
945
346
64
637
726
112
839
495
510
712
764
74
956
14
189
607
744
830
261
224
658
182
725
451
611
729
297
336
419
459
112
880
146
596
402
266
971
678
633
48
659
626
894
86
3
691
854
829
84
152
100
404
850
19
189
858
971
529
416
239
652
254
141
588
861
525
74
468
120
533
221
775
897
553
674
276
918
614
24
849
415
896
862
774
383
8
424
464
942
522
467
389
180
314
726
937
45
929
503
728
645
15
652
543
383
967
358
415
467
269
437
683
415
332
211
309
881
524
694
326
666
682
537
259
529
311
819
884
431
595
829
301
301
3
639
202
180
541
383
289
832
673
525
281
13
596
81
301
921
656
945
443
967
292
832
367
310
168
981
281
463
440
175
684
474
886
292
164
732
636
726
221
704
119
315
680
728
878
41
223
290
467
406
990
377
443
201
806
532
419
195
982
258
309
896
918
104
198
444
792
8
377
849
726
686
443
896
691
159
704
656
802
580
270
822
751
730
90
110
596
211
570
830
573
231
342
461
