111111111111 160005726539569
920
5494943060567135
6515213084768176
3936370465622119
6268023159145008
226531595125400
4771697428162405
63826984873811
6076816371570134
3638739925840581
9133670838924068
2601744759569765
9090745986391403
9317265434033155
707706007419752
6732227928939189
3414785911553544
9491596578090975
4182848426333354
7510529803709407
1416510739923545
3862894926618498
4224908194677535
3685833131517199
9084670121794182
4440915032420315
2858517242001336
2156758380439564
9709417806048509
7762101116568981
9702522639731823
6604260294634957
7032971455236020
8749539993017977
7896786210716765
7374036597942293
1162025949223474
8758213004215266
6520311973300599
6957158920388446
2981257845262262
4932025319923869
4720816217194269
2617602427911034
3463650963150955
2960544491761391
6099589610286182
8941159516026444
8386989716401664
2492321199245190
7874815785469290
5547124261951783
7751616588116769
7833998549008268
237226334381799
6914751642734992
9311753988532584
7698747999901544
6000080869806915
504029967660956
4244300343682926
1171137456327832
2481612121753695
6752614836490004
7110214219355065
6061484311252663
872108861705681
4793777756628081
3209003434760316
5317360824708042
8326975068990300
8830784535397382
6404426957919157
3527636266915301
6581337004635517
2540117657032042
3839834766025144
1413837814650126
1355832159468634
7546379935846385
7665898611518540
2006081928516109
828433983833552
1750351745567573
3922055525616879
4132871680033771
4334378579315488
6041510941542511
9177367165001497
3462008921744229
5468085145227634
3375734274558495
7167838318644142
6047040975551700
2898948668452765
7233317247768253
9893559187051308
9070926352052805
2532937421280682
4619755711732509
4614220984031548
5569139504570134
1905200852268836
8782040870808610
3779006822562567
291322108773246
184879148340906
5874540793101551
2173628934669808
8459281838117511
6781174459865975
8889636397999125
7045143606651272
585468801462956
7024720517243757
3934773623757547
4119642772098453
9994171417716356
6838023974902617
9612813201977074
4221270247117472
2030734219560659
6286331656699017
9364835597855485
3365243905685761
3913153442784924
7573399776776004
8329417876456399
7877802350998091
2504209661397838
1202927756385521
9853948319852983
7048192193876994
5012932606894755
6550551335218626
5344005228951871
8464306477968996
3181301463584839
529292495151341
1732212399020510
1584597520190883
1104571152836081
4880682017388732
1005786524565307
9994021514442346
5077071137635534
7894027021724548
9729974308078944
9367625304017961
1887585132603492
9610877283180117
8287919386947080
5898610584145836
5472042303004303
6745978640302522
8557373563098639
7270275315058145
9501863799970153
6659701975835414
1316638257416732
4609594334926078
1183062668415623
2685257714450157
4491285780229359
3721345501539662
6183659046646930
3921204789130115
2950568412732787
4267196670149519
1740176371760494
4107106644780313
334023297365957
2141195964489517
6251393423579271
9053785615450394
9593723549804701
2289242902070266
4224324780370263
305635274425020
9813023970639829
8074768312724273
2403027224034682
4460042500990131
855870047227602
2320724403963322
1914445806284375
822426148546130
3524463527360680
8402866464429627
2118142586604263
6578172940110746
7434032987338349
4061588435172640
4557992157872911
7309675015971962
5593894382820388
4183739024093834
567586305045210
8195506815112025
6927663618329783
2675359344030254
9112370945543233
289104101156689
7774607898890471
9034872040379101
3218608916989287
4309079571198027
9123319531534244
4628750437977805
8289440714690766
112025085084609
1314578619960777
2226598814001609
8667528908274364
8504870970487844
1940036219367159
1063353603417755
3733074193473271
3236421472100483
3348436557185092
1281746174886414
3902877848305401
2407746671309597
6574035777950062
2084722136677407
7405897309712409
2597220029807085
5389502631284006
8092769456635521
7241810572420651
280315070222095
8756449635219240
613335700028999
8784787550024913
8768039408499540
5337206262091291
6569363997861616
1683492860014900
4031764435917740
777675238183562
9534112725919154
5924775713921427
451155820019167
5866022537825833
8543003048837111
7495730930185431
8273394020885346
4426254186995988
7435926443082576
1616724915691912
6566485690156735
929715321593086
719565951460683
9070771912592211
9800217278487619
5257554428094817
3258398289363987
1596756858076678
7864247982572420
2283118743971106
992226194851106
8829760719743012
5633759867708952
5016456113117010
5379165166702495
2085230195493509
5412089287275912
4563274405642112
9414988173853609
4863489891337165
4798108788631887
7113374987531444
6068296330570797
9857438674651564
9441196614092470
4883460013937403
3424403512442474
4806082696560620
3786334962065678
902320013819636
2027787523707448
5361004516728699
7646631872820796
7800087160475336
1378602659104335
4803000466514106
5603320015142800
671025278184156
8192072732195280
1226823910885884
3302560895725984
3179711413226589
9562230951589048
4138756920009681
642100270828491
3003186200610687
5737163977824017
1433216882825909
3511973957453873
5308140190491929
868632869723557
8841834521721815
5914381503084358
1600433707527124
6187810976923967
6027242765010248
7736352600546379
9369935811470018
2890685252692355
5848761444513979
6062239067997431
3797073883971589
5073516754258444
2629251700291426
8656484465301674
6971721630928779
2223647931893930
5114323184586285
9150189112488407
5443892994887772
2871265764903823
9312696488271282
8560681333786900
6052201841780029
4503808381374332
3556548392016303
1004541155264843
1805623990286974
6454608032058303
5944604794702671
1876042280714497
712228909687621
6036121808658208
3675576030391296
1048974413238731
4874638676312751
5581838219640690
3730154194294809
4056593403717709
4493304870735458
8765917429549622
3711151933639046
507077842056268
7478275287713984
5703344567130779
1285182786771469
1634070126290470
2138992408234039
6713422755955217
6624064327824264
7923119703039450
2897753256129580
6058747293517389
6887448889368121
114440152267839
6622344750204831
6254587250729151
8393567511479543
5194197094658028
846008558587423
3446442541571545
6553942219128287
7139715036915366
105501424624449
9601154423298976
1786991227733725
6981180469875401
7580621116859033
9988750254443311
8455620243094034
1179046934104051
5695111962564901
6133697766972886
9894689267919410
1681680495653135
3969698218784641
4238604144922498
2500718890548738
403990394501431
1653833365991245
2504824318329092
7969274645636946
6535437175158079
6409311230531932
3863808550248467
7925784974665209
443393789659633
5512954480783751
8743207979974547
3396309931531663
4562838591199678
792302453812987
8981629419178237
9464171114650896
7389953941832457
4452085171683579
1079232775574035
5501393674933105
863342652648196
4259646879147156
7027354065524082
9599667959203091
8553708762444613
8631163772360914
1527187333674627
1309456038793659
1372017595046536
5509001647906790
3507266932802197
6359508999926754
7359798857220951
5261484638442104
5552383170617299
994946142140226
8985689029894602
1113433823025584
9317141298756292
1804529362082725
262163007029778
6918907524138605
3840124774911342
1799584511951340
4717284428578729
6428663559773042
7542085235314978
6859228681554918
5282491188861835
5435763335195953
5771635942886158
80265558880247
5302903087714092
7291319923551923
748486834793293
9927170657454032
7213743735549142
8408165519706116
8671987529517626
6093182547497573
5026827573383455
3670009487021937
3649213269430636
8497898718047954
2910572769807127
7258222792406127
4471968675438917
9469453574446843
2640232186811366
8733406881792587
378975452916587
667722380130012
3363464126628
2344125987672626
9602343075046050
7327307880570122
6796765749984261
6055728934536171
3408083833436007
7514462835385398
3390213441900743
9200555832521816
2253166782923392
2082009468450975
7286478829885548
9960940909645911
6413279548551947
4036248929710035
5905750492170646
2702968901665664
8777329901393635
8237224280239142
447749938977157
4352961914086897
3091663573856711
9886624873956827
3952494464304086
331493145429201
5911033364108836
9325388169077733
6349895964871304
7321595319149689
1635498142882498
3936948278005657
7389310005940107
6916067425667088
4939506519379466
3528448736535101
3457072492750756
1468223520325013
1180901206917893
496428450832700
4001825331182568
7536623754590200
4784321784553792
7759719907882660
9415846055744320
2418592232035008
8240377952645075
9394230369671108
6509391965728000
4395122569984456
241390789709298
4379676212782672
2721020055829765
1949865127365618
1937561363818461
177939316463536
6190907126326132
8083669365242549
651937279320429
8035191574120766
1935480331090995
8838552022188108
5157479769029541
6787167100326381
3583843856981406
3078093316798617
9017083387746899
9331974772591260
8336125282572917
9248554436346362
9195048319408629
663409348624389
7450566448950770
7653141303672720
4046623284720803
3140396505306666
4000204518008531
8940836156255294
2805716805905471
6670118520589633
5865164692514614
597875782797613
8251007086470334
2297632518674785
2056760021721995
5607252366233384
6225469769027000
4867245678090765
3009146179285977
7009648511581385
7278806196366512
657831549217443
2714581570939439
7338372828589994
1148881940211465
9244730045412034
4111973576019151
534287145045753
6808129163355728
298590109687508
2040045995005975
2697871839190714
2031186555354345
5988296824135827
7137168764347293
1652316163658411
2085068255959494
6477173906358237
2613246692160520
1272025832390687
9607231822580266
5988423916665858
3995328303409351
1983379058591315
5714724177269122
3185917901508954
8025334035600036
5214333524591467
884803528051399
7260847607820062
2438053581020471
5081804413782056
9939200866868417
9830172485872645
5043692946252047
1984083838832589
6900120421937653
5150108881832036
6850644293354637
3408592600414542
4223021173833089
8181758829581994
2899192311022676
7465602180995484
6298076728762796
36770680441783
8591569852682018
3602382398077575
3671304815411257
5616045936709423
3081650265188556
5998460139175544
1627337461457745
9025051105763471
9892150041164378
1682279609147871
716644111787181
8005295955436500
456675499282508
1971516820361091
2831205047902062
5412872723182706
1056664826686722
1967864893236108
7344223176806164
9772529987896829
3474585432636334
1390473702121633
636440776937071
9323103527397064
862271892831834
1276074789044069
4064660829056177
8464364633507327
4778808518408357
6169272220529990
4735560897736222
7770658471605568
1240305146740004
5202611588335267
9532685058336069
7997049691843397
1838479882225781
263644183828099
8218209693733171
1312772911370805
7814489355713633
1126716505931339
9096253152485275
1301610388033293
4524016202734286
8536004142034139
5580767821773279
5844404153085026
9358873095068866
715315709456627
1796949149502519
7722231978625927
2718258751491715
6289022710322665
8317001844087237
8477345251841732
869185201868949
6846789294678359
7562092856651338
96655035150114
3558691368905507
2674173009553998
325654497269333
176639099465787
2490758852487811
9043555962933857
1894033700692609
808860872251385
6394809948466880
2741847490830772
9356949540126348
2986159506817730
2095651504529733
7581871397049255
4676425378237873
189800757170473
7624525037380959
7940322192976344
1662981415752952
2204638540940026
9571762126190806
4723162561469608
3189682966506669
1818108341013051
1408012127055773
7937157328529237
4883467982843013
2865549716844602
7613759611979133
7717554508712477
2805786661930693
1820895308103752
3638993649116803
1665736773913120
9602884102442357
4486352085285370
4468934475461651
9846813686003404
7564368194715881
4853682682135516
3484895023732600
5305780331836352
6257584403982886
3650602501794722
2667326202021750
2406131266053095
4698606472306010
2012539552673281
2985746817255231
7923800003482612
4822965246878096
8557512493219437
4815096897202324
5084434691704886
2898274043906709
8514901893866962
4276301354307463
6153913475368403
3572268064204669
9084867362226514
4261125148153791
9076209897872467
3232432118824896
7611316391763211
1015075075978814
6596516667356173
1230617285886880
4968963296723221
7639510592139751
1380297938100534
7428193556339850
1974843071578333
8450160514765433
3728865396276435
6944115208856800
4793467787451520
5446878941848942
3796685796018398
3422252660541379
3466448824693077
6920117065514290
224958422900943
1718529772113151
5447389463356882
9010235669954226
7568017380820812
4159560224555895
5009348953138570
3173423823472280
93538741502922
6937222457111705
4697061774386704
7625592354722414
1458989723327102
8667010817377176
3927482633462316
212212824216492
9919177822995694
3092599498984326
9103900552284331
8057880909917690
5683473264640104
3761196133191398
8060992467926747
3149783764315246
9925327940416850
5753511323531218
8254785071229049
1615609911792739
2877206352933191
3234229718483424
3629886406652689
5013457095488548
8163230859803794
3442524907294714
9926744360717967
4800270429687561
6415872488963948
9808457028314841
420673494690362
9618508400281066
2539689520278240
9134948615471150
4949715844037626
2616055643433054
9005618076546880
4394960183082813
7003120473457536
1768517465689632
8770173301523128
8427005343467382
6179403353319835
4635724066517711
8470700103818549
7409088567267685
9400196815320930
1168714281010563
3411294536410008
142122427376921
3929379899379336
9316993833160671
4363370060318116
7744163022746856
992634012494355
392830827815285
922672516732575
2637779600642114
9398625173243227
2338879804196880
5756407599232275
2624768137621716
6987664305592765
1507958240440397
3188756858073094
1633659897448079
4203981940125664
800726350526159
8428067394465528
9984788337784233
7477244112004153
9333066388993134
8566387110485102
9867724521195794
2084970279471304
9811063005755187
611787208797699
5658587748487419
2262117084012196
9739355490983645
5691162877717323
4257549988202426
3462573682207066
6809330802901684
5513036375080828
496348620509778
8907536699447770
4566122300451541
3446976824655225
9805063313379414
5496226191096738
9433769697931128
7285158047471825
3141914501084449
6556484670419506
7055623660159978
1469668638691967
4916633315863544
7109737758329683
3044242591784963
6307383841608557
4541914685332646
1597542640459920
2082718770735917
6271614887730842
3859756954591651
5417420304134005
5305998745006088
6245623066138761
1089148579967452
9074568594880591
235224277953781
8451490063637893
534210981857459
7161282217893650
3849742748813842
3566405946340577
9968765911795243
9415372764002167
4219958329389124
4455176902310202
607130732202158
4510026259588284
1671306329998287
5521043373779425
1406941719435113
2598826662613240
6655072112121617
1800461846630150
6525380796399753
4200843835312736
1426705565255439
5936726119811019
7597245172945814
6902139430024748
8998451112429102
135164869512671
6379917309698737
1323189359236928
5036242728014789
490237312374692
4990238808693391
2093007607306334
1472027510158107
470476475103561
223027092247002
5576543189082928
889877296711545
3607842656217365
5063478964636966
8954659987337264
3474815913480391
5230752089483256
2455118726807329
9296873259245819
1492157446069291
2382024742780836
1222435683804843
4350304732509865
8926826379168223
5596349190681970
3737891659837473
8968638044288026
9725299382362463
674131414362925
6773434904539240
9678218611032279
7519385292577666
5727526266089848
3278384807044341
6660357469814057
7142131810024317
2983401844740923
2708701227103386
1563639206855
2921449788657103
6376265200338386
6745064908292093
4294792235945864
9139624529054402
2790929404229393
507379206043828
6298964853748158
661791139769339
201974073650635
6578227126505373
