19
200
94
1
226
116
129
200
88
44
39
189
167
2
24
78
248
232
116
184
77
28
29
1
248
6
228
117
209
2
101
232
18
117
2
138
138
41
189
39
18
133
78
117
182
29
144
39
198
66
44
24
24
39
90
94
19
46
139
39
193
189
129
193
94
8
24
94
167
232
2
19
156
18
193
28
28
24
90
94
133
216
18
167
193
193
29
138
88
94
215
117
77
216
250
248
232
44
215
46
204
189
167
228
129
143
156
154
167
232
248
8
94
0
144
167
62
232
19
250
193
2
44
6
144
29
156
204
8
88
204
177
57
116
78
24
94
167
112
39
144
193
62
6
195
193
94
2
57
134
215
11
101
248
117
228
1
133
154
85
117
101
116
144
250
117
39
139
228
167
139
200
193
156
29
112
216
129
149
2
41
78
2
101
248
193
143
140
209
94
232
129
139
94
248
74
2
116
167
101
193
2
94
177
226
184
1
232
6
133
216
133
140
182
6
6
232
41
29
112
228
248
18
66
94
198
149
39
77
85
138
117
39
248
156
250
144
193
83
140
232
167
216
39
18
184
110
110
133
248
204
182
209
195
29
156
144
110
184
1
39
123
116
78
1
112
200
138
101
101
167
29
28
216
156
167
184
74
94
116
88
1
28
193
139
29
2
156
1
101
74
133
116
189
78
112
78
248
216
209
101
29
24
143
39
204
41
204
232
1
129
29
209
2
74
2
78
156
228
139
248
216
117
2
116
248
144
167
101
250
18
28
57
156
18
24
2
101
101
184
193
232
250
200
94
1
29
117
18
138
248
1
204
189
78
6
156
232
134
133
88
24
6
117
193
232
78
248
140
232
46
195
134
90
19
116
88
78
57
94
248
66
18
200
156
2
18
62
117
101
1
90
18
62
140
88
244
189
149
2
