8390277033050899
54594807556258130
98505991736027651
2
2917950967631515
40122473531581587
92545909435866601
92486009150237117
1540262068612563
2066546152018803
4458267755288642
31173800524542113
2242978419965459
49058310755961693
1966005907793288
1214959185764601
63530644780638236
1540314249832811
84906558338324739
29064455188815705
4372706688716898
91292163064099577
86940955317298920
40124612834947862
92344906736010383
11155907652643184
3769418714875924
11308304219690168
16703605975031830
2391720634050500
11167109174735393
16698005172718864
63528505410500753
7476777929013112
63528505410500753
40128891433799292
6424271125257612
69064690066287167
97491960599655965
92497210659576639
688861358727846
99194829057224299
11154273463718952
1215107517682775
97654542951080538
688846502588398
72462203588854350
38494401315050
31173800524542113
96176340383206711
3405983563733830
34588115672285762
92491609857263796
63532784076123391
77955913623020767
97491960599655965
2236872619127201
86945233921023925
7787022139934114
1377636717798706
92482235586303806
36718854424251670
7538861467283046
11154273463718952
40133170032650722
3769446858564972
11308304219690168
2391719065445523
10232163939623024
92482235586303806
31173800524542113
975505452083994
40122473531581587
5998536467468643
25646678128748802
54598268934414372
7769907925349802
88211696785681406
1540279462615930
40133170032650722
18885880161005768
97817087976985099
16690265162323826
88211696785681406
3482759765380332
8227689007988886
688846502588398
92344906736010383
63567013153511879
69065002639934061
3080569674463214
25696965652427514
4458265217464324
57987225224029315
5147159795115124
29102842914739269
11997158934594264
29017702800393851
96114310594746863
25696965652427514
16703605841490058
25645861031850888
17995738401891395
5597007941703059
91168203142182581
57987225224029315
2233411158438003
25641582407494330
5835987934920018
99032253349845971
77956152659792309
45673945055535048
2224854059026323
3769425358507441
1214959185764601
2
63541341324837795
4984518619342075
4195138516525450
4458265217464324
54594807556258130
40128891433799292
95883210386870021
86945233833619478
6424271125257612
40098941073044986
3080569674463214
2917985754848396
63539706961107643
97654542951080538
2215286797498867
97228847186962211
3769425358507441
63532784076123391
11997158934594264
86938310948636514
1540271250004317
36718854424251670
7788032319672288
7864036919259854
4419770816149276
18808672627510626
16699327291784218
4458267755288642
6424271125257612
93420954372596799
87035231627269586
95789081392959969
86940955317298920
69064690066287167
36733517241966644
31159137726310527
2233411207583593
1966005907793288
2224854059026323
5835987934920018
85657379910328428
1966005907793288
16742113186880913
3080569674463214
40098941073044986
2242978419965459
4458265217464325
91655959377625559
98026784466854756
25641582407494330
4195138516525450
25645860823658796
86948190300654875
4721391918403200
4372706688716898
92344814092529655
3080628499665620
80170277721424989
12484915170037242
95789081392959969
1377693005073118
98180813746394292
3080572212391208
2917981649144877
11997158934594264
72493980585909296
1377695543001112
63553552772340939
12360955248120246
57996287321964923
95789081392959969
99032253349845971
86949512337187993
78007257280368935
4372706688716898
86940955371318085
16713485193508940
4195138516525450
18885686522215746
2216296694395121
86945233833619478
78007257280368935
2066544583413826
5597007941703059
12484915170037242
97817087976985099
2215286797498867
88173309052315850
84767431790004077
77956152659792309
91292281083651941
25637303849907692
86945233833619478
11171387457359129
97654538844922690
3769403858736480
92491609857263796
54594807556258130
0
1214959185764601
87035085233978772
11107208876353222
40122473531581587
94899136409839796
63524226878420531
63539706961107643
5472304565825531
57979173256684775
4458278504623674
3080572212391208
29017702800393851
1377636717798706
1966005907793288
40128891433799292
98931726393816623
12484915170037242
688846502588398
5472304565825531
5626333845365067
74635415511825972
27763764727753496
2066544583413826
86949512470729765
2592812842043766
54594807556258130
2917981649144877
72479317787677710
40111776987382028
57979173256684775
95262841279168924
7769907925349802
78006440183471021
3405983563733830
98056110370516764
49054849377805451
54594807556258130
16618033078241051
43530178363116510
86953791020435605
96114256844936777
74635415511825972
25697204689199056
58032848032317633
57987225224029315
8552890066205547
5147159795115124
57979173256684775
5596383932517001
7538807717472960
688846502588398
27763644311902820
97654538844922690
95883210386870021
4721391918403200
69064690066287167
74635415511825972
84906558338324739
16618033078241051
85657451652273970
2236872619127201
69064690066287167
40122473531581587
38494401315050
2224854009880733
49058310755961693
16714807363583309
94899060790602138
63525861149874347
74635415511825972
16617886684950237
16713485193508940
97817130377299805
1702865918707200
66934263887968153
93358841723580661
97654564450787416
4420156986701392
16703605841490058
29017391142051465
25645860823658796
86945233833619478
40111776987382028
40086105158707944
16704928011564948
15441421526538417
1702865918707200
11167109161982706
16698005172718864
92344814092529655
63567398583574235
49054849377805451
16707884478600345
0
86962853149895997
6424271125257612
5147126576192172
45643995207594168
263126700938876
16703605841490058
2221392598337125
3119079532068729
75889474000317003
4458278504623674
29017391142051465
5147126576192172
4721391918403200
25645861031850888
7864036919259854
84767431790004077
74635415511825972
688861358727846
16713485193508940
29102842914739269
97654581844751180
98056110370516764
84767238151214055
86949512470729765
84767238151214055
40098941073044986
25645861031850888
31173800524542113
40127257162345476
29017702800393851
11997158934594264
63567398583574235
1540271250004317
5835987934920018
4458289254995524
88173309052315850
1
87035085233978772
7538861467283046
54598268934414372
8227689007988886
98056734379702822
1540314249832811
4458267755288642
5147126576192172
95883210386870021
98505958517104699
4458265217464325
11308211576209440
74635727170168358
40120334236096432
25697204689199056
5836030335234724
5998553861432407
45673945055535048
11997158934594264
86953791020435605
4984518619342075
84767238151214055
1540262068612563
29064455188815705
2233411207583593
40133170032650722
66919601070253179
95425406236190529
78015814462312131
5836030335234724
5835987934920018
1540314249832811
97817130377299805
10232163939623024
16707884478600345
86949512470729765
78011535904725493
7788032319672288
16690265162323826
11107208876353222
40124612901719070
43530178363116510
57978667959552367
4721391918403200
45620270279902190
2917985754848396
3769418714875924
11170882725916017
7476777929013112
10294276588639162
86947373129105921
4984518619342075
63553552772340939
60122939949103313
11161508454956027
86949512470729765
97654538844922690
2241968523069205
3769425358922169
92481730854860694
92491609857263796
5836030335234724
60122939949103313
98056110370516764
16690265162323826
78011535904725493
7376277546631418
4984518619342075
11997158934594264
92482235586303806
2917950967631515
40099565539878884
40099565539878884
95866096172285709
16713485193508940
63567013153511879
23482840590794834
2492259309671038
16698005172718864
4458267755288642
25645860823658796
1377693005280480
688846502588398
63525861149874347
86953791020435605
86962853149895997
85657379910328428
40127257162345476
72463020544329144
77956152659792309
86953791020435605
95100228246014276
7538807717472960
43530178363116510
40120334189958463
98056110370516764
36718854424251670
97817130377299805
688818358899354
63528505410500753
57979173256684775
86945233921023925
16699327291784218
4458278504623674
17995666659945853
7376277546631418
4458267755288642
3405983563733830
98931726393816623
95866096172285709
6424271125257612
2391720634050500
4372706688716898
1377695543001112
45643995207594168
78007257488561027
86940955371318085
3119079532068729
4420156986701392
11997110260689130
263126700938876
95865085992547535
18746559973895084
7769907925349802
63525861149874347
31173800524542113
92498844848500871
1377636717798706
688846502588402
18885880161005768
40120334189958463
57987225224029315
4620864962166486
38108230762934
25620189454501972
40128891433799292
86945233833619478
95425429304230937
16712162940901738
16699327291784218
88211696785681406
16618033078241051
11997158934594264
5472304565825531
8552890066205547
23482840590794834
66934263887968153
4458265217464326
29017391142051465
3080572212183846
40085719728645588
2492259309671038
5626333845365067
1215107517682775
4620864962373852
74635415511825972
45665893088190508
688818358899354
2236872619127201
11170882725916017
45673945055535048
72462203588854350
688846502588402
12484915170037242
4620864962373852
25645861031850888
16714807363583309
25645861031850888
63528505477271961
99194850556931181
40085719728645588
40127257162345476
25620189454501972
98026784466854756
18808672627510626
93420954372596799
97491960599655965
97817130377299805
66919601070253179
3769425358922169
72493980585909296
86962853149895997
40122473531581587
11308304219690168
25697204689199056
3482759765380332
34588115672285762
75889474000317003
7538807717472960
5998536467468643
92481730854860694
91655959377625559
98931726393816623
16742113186880913
31190097767890679
38108230762934
3482759765380332
77956152659792309
25645860823658796
11161508454956027
4458265217464324
85657451652273970
25637303849907692
57996287321964923
99194839807596149
98668599692877748
4420156986701392
3769403858736480
1
95425429304230937
16703605841490058
3080572212183846
7864036919259854
3080628499665620
2917950967631515
93420954372596799
1052281653730496
18885880161005768
86940955371318085
688846502588402
99032253349845971
16703605841490058
6161157712563858
3080628499665620
5998553861432407
57979173256684775
27763764727753496
16690265162323826
16707884478600345
95866096172285709
92482235586303806
1865452375420560
1377695543001112
78015814462312131
3080569674463214
6424271125257612
63532784076123391
1052519492364438
3482759765380332
4620864962166486
16707884478600345
25620189454501972
92486009137484430
2216296694395121
8227712076029294
95262841279168924
11170882725916017
45656830990254900
4984518619342075
78032928857717851
96276840765588405
66919601070253179
86939633118710883
12484915170037242
16703605841490058
95100228246014276
2592812842043766
3769425358922169
88211696785681406
57996287321964923
16707884391195898
78007257280368935
75889353584466327
92481730854860694
84906558338324739
60122747791307095
18746559973895084
58009123104625655
1540314249832811
7476777929013112
0
2
97491960599655965
27763644311902820
97228847186962211
63519948279569101
2242978419965459
96114310594746863
85657451652273970
78032928857717851
8390277033050899
72493980585909296
98668599692877748
96276840765588405
57978667959552367
11155907652643184
94899136409839796
12360837228567882
2224854059026323
92481730854860694
84767431790004077
57996287321964923
72493980585909296
63554177239174837
95425429304230937
99032253350053337
4721391918403200
3769418714875928
95883210386870021
18885686522215746
2391810140766268
1377636717798706
3769425358507441
11170882725916017
6424271125257612
2
10294276588639162
688861358727846
6424271125257612
29017391142051465
1540279462615930
91168203142182581
40113411351112180
80170277721424989
87035085233978772
86948190300654875
29017702800393851
97654538844922690
86962853149895997
4195138516525450
3769446858564972
99194839807596149
96114310594746863
4458289254995524
38494401315050
5596383932517001
72479317787677710
29102842914739269
63530644780638236
1377693005073118
11155907652643184
3769425358922169
63532784122261360
92498844848500871
11308304219690168
11308211576209440
31190914723365473
5597007941703059
1214959185764601
84844445684709197
77956152659792309
12360955248120246
31190097767890679
1377695543001112
63532784076123391
40086105158707944
23482840590794834
8390277033050899
16690265162323826
86949512470729765
92481730854860694
2391719065445523
91655959377625559
8227689007988886
2236872619127201
92486009150237117
84906558338324739
98505991736027651
1540279461993840
92486009137484430
98056734379702822
11161508454956027
4458289254995524
1966005907793288
45673945055535048
40111776987382028
78011535904725493
16698005172718864
86948190300654875
40085719728645588
98056734379702822
16712162994920903
1377693005073118
86940955317298920
86945233921023925
98505991736027651
7788032319672288
97817087976985099
92481730854860694
94899060790602138
38494401315050
5998575361139285
16618033078241051
57996287321964923
98505986661479916
95425406236190529
3769418714875928
92497210659576639
0
91168203142182581
16698005172718864
95425406236190529
31190097767890679
97228847186962211
4458267755288642
12360837228567882
2224854059026323
11308211576209440
7787022139934114
2224854009880733
0
2755399298757126
78032928857717851
2755399298757126
18746559973895084
1540314249832811
72493980585909296
77956152659792309
3080572212391208
3080572212391208
25620189454501972
29017391142051465
7864036919259854
4458265217464326
11107208876353222
77956152659792309
75889353584466327
72493980585909296
96276840765588405
1377695543001112
16698005172718864
1540314249832811
77955913623020767
10232163939623024
43530178363116510
91656008051530693
78007257488561027
1377695543001112
4458267755288642
15441421526538417
92497210659576639
5998536467468643
72463020544329144
31190097767890679
84767238151214055
11997158934594264
29017391142051465
45673945055535048
99032253350053337
11308304219690168
1052281653730496
91656008051530693
97654581844751180
99032253349845971
63567013153511879
18885880161005768
11107208876353222
4195138516525450
86948190300654875
86945233833619478
49058310755961693
8227689007988886
34588115672285762
63553552772340939
92344906736010383
2066546152018803
4620864962166486
2917985755470486
96276840765588405
4458278504623674
40099565539878884
49054849377805451
3080569674463214
58032848032317633
2224854009880733
86962853149895997
25646678128748802
15479809259903973
63524226878420531
86953791020435605
4458267755288642
4372706688716898
3769418714875924
63532784076123391
1377636717798706
92486009150237117
36718854424251670
1052281653730496
2
3769425358507441
99032253350053337
5626333845365067
63553552772340939
99032253350053337
17995666659945853
1540279461993840
63539706961107643
31159137726310527
86940955371318085
86948190300654875
1540279462615930
40099565539878884
4372706688716898
4372706688716898
45620270279902190
25637303849907692
3405745725099888
11155907652643184
7787022139934114
25641582407494330
4458265217464325
66919601070253179
72462203588854350
40120334236096432
31190097767890679
58032848032317633
45656830990254900
2215286797498867
80170277721424989
2241968523069205
84767431790004077
63539706961107643
3769425358922169
63519948279569101
4420156986701392
2755399298757126
15441421526538417
1377693005073118
16713485193508940
688846502588402
87035085233978772
54598268934414372
63532784076123391
7769907925349802
10294276588639162
84906558338324739
85657379910328428
3769446858564972
3080572212391208
92497210659576639
84767431790004077
4372706688716898
16707884478600345
60122747791307095
3080572212391208
29102842914739269
3080628499665620
1540262068612563
17995666659945853
25645861031850888
78007257488561027
1215107517682775
7787022139934114
4195138516525450
2391719065445523
36718854424251670
72493980585909296
74588663123404118
72493980585909296
16703605841490058
31190914723365473
40113411351112180
40120334189958463
688839858542157
84767431790004077
63541341324837795
688818358899354
43530370520912728
74635415511825972
2917985755470486
4721391918403200
43530370520912728
4419770816149276
688846502588402
2391720634050500
7864036919259854
96114310594746863
74588663123404118
92486009137484430
72462203588854350
5998536467468643
31190914723365473
63539706961107643
63554177239174837
99194850556931181
87035231627269586
45656830990254900
688839858956885
7788032319672288
92486009137484430
5835987934920018
63532784122261360
78007257488561027
99194829057224299
2918003148851763
16698005172718864
8552890066205547
1540283568319449
3243306031699725
1540279462615930
3769418714875928
98056110370516764
5147126576192172
975505452083994
3769403858736480
63567398583574235
5147126576192172
1377693005280480
97654542951080538
11161508454956027
4372706688716898
40124612901719070
95100228246014276
86945233921023925
5998536467468643
95866096172285709
58032848032317633
2755399298757126
5626333845365067
86955113139500959
1339185685395597
29102842914739269
1540283568319449
11997158934594264
43530178363116510
91292163064099577
4458265217464325
2917985754848396
86955113139500959
31173800524542113
63532784076123391
78007257280368935
80146552805774407
94899136409839796
86938310948636514
16707884391195898
6161157712563858
57978667959552367
63567398583574235
1966005907793288
92497210659576639
1540271250004317
91067702762643475
86949512337187993
63553552772340939
86947373129105921
43530178363116510
95789081392959969
45673945055535048
1214959185764601
5472304565825531
7769907925349802
72479317787677710
25646678128748802
86947373129105921
86938310948636514
16714807363583309
72479317787677710
63528505410500753
5835987934920018
92545909435866601
2391719065445523
92482235586303806
45674450352667456
