4
43
128 258
392 434
614 632
542 562
414 450
474 496
597 613
465 503
497 526
101 127
227 269
47 89
577 608
125 148
314 347
146 176
333 353
335 359
135 172
60 85
455 486
414 446
564 595
160 186
270 298
8 47
100 125
96 136
244 277
573 591
434 455
559 583
-4 35
454 472
518 559
73 101
432 461
135 171
105 122
160 197
586 611
257 290
252 267
46
38 511
455 505
134 222
544 623
10 104
291 325
251 291
248 340
236 311
427 500
62 135
101 144
147 204
66 109
87 176
288 378
238 318
468 532
504 590
524 566
105 140
434 473
563 626
432 474
449 496
517 582
193 261
544 585
360 411
124 158
171 233
531 587
555 596
166 252
106 147
312 396
244 288
606 661
167 261
346 431
-8 46
519 557
228 263
547 634
412 481
427 494
55
328 392
60 65
183 195
617 624
407 411
-12 -8
416 426
146 157
155 166
364 374
352 363
477 489
572 578
317 327
212 220
68 80
553 560
525 533
323 331
623 635
106 113
491 499
150 162
15 24
159 164
372 382
371 379
158 163
477 481
53 61
-1 11
27 35
278 283
44 50
434 441
79 91
10 22
447 456
592 600
503 510
234 238
3 10
463 470
296 300
13 25
370 378
499 508
611 622
333 342
118 123
48 62
88 100
502 513
107 114
136 146
16
389 575
214 275
241 298
442 485
264 359
474 564
466 537
371 446
109 220
568 608
579 682
488 536
296 403
156 273
192 247
198 313
