4
124
-8130 -4641
-3051 -3033
-5395 -5220
-6807 -6536
-6069 -6051
-3734 -3472
-7784 -7710
-1646 -1379
-5349 -5122
-5115 -4913
-7403 -7309
-2360 -2294
-8714 -8680
-4474 -4271
-2837 -2587
-6691 -6487
-3975 -3875
-6459 -6219
-4415 -4230
-7647 -7425
-4703 -4583
-9364 -9244
-5615 -5559
-6763 -6616
-8918 -8674
-7240 -7174
-5408 -5211
-4775 -4572
-8591 -8457
-2683 -2586
-1231 -1040
-1979 -1886
-9763 -9644
-5223 -5140
-3352 -3095
-2606 -2583
-5898 -5776
-2190 -2025
-7276 -7230
-9420 -9182
-2477 -2300
-5163 -5123
-7907 -7877
-6302 -6181
-6130 -6044
-3221 -3078
-9006 -8970
-3214 -3051
-4286 -4121
-1891 -1838
-8988 -2955
-1500 -1247
-1178 -1155
-4390 -4362
-6729 -6544
-3255 -3226
-1042 -907
-3943 -3829
-8089 -8049
-7758 -7518
-7958 -7941
-7726 -7576
-8980 -8966
-8092 -7818
-3681 -3546
-2020 -1838
-9013 -8748
-3292 -3126
-2476 -2368
-9968 -9842
-5210 -5117
-4241 -4060
-1306 -1088
-6879 -6771
-5568 -5413
-9763 -9665
-6699 -6435
-7331 -7064
-2927 -2793
-4744 -4624
-5448 -5231
-4434 -4373
-6227 -5974
-6299 -6274
-8704 -8505
-8555 -8306
-7434 -7193
-1813 -1698
-5275 -5034
-8781 -8547
-1272 -1107
-6017 -5854
-8680 -8505
-2649 -2425
-4066 -3840
-2511 -2417
-1100 -939
-8270 -8011
-7966 -7806
-6677 -6647
-6132 -5879
-3566 -3490
-9339 -9254
-7598 -7407
-2734 -2710
-9951 -9701
-8754 -8669
-2605 -2479
-2218 -2060
-7815 -7558
-1019 -792
-6654 -6476
-9895 -9784
-9226 -9168
-2305 -2166
-5892 -5872
-7070 -6892
-5155 -4997
-5058 -4846
-8735 -8662
-5490 -5415
-9716 -9544
-1903 -1842
-7993 -7816
44
-9848 -8456
-1080 -758
-2108 -1744
-3605 -3315
-9734 -9409
-2524 -2257
-9390 -9127
-9379 -9236
-7650 -7227
-8946 -8537
-3875 -3686
-7719 -7162
-1327 -809
-4912 -4419
-7038 -6706
-3071 -2669
-7237 -6716
-6338 -5930
-8422 -7827
-2326 -1986
-9148 -9027
-6429 -5928
-5091 -4527
-3082 -2788
-2892 -2732
-1774 -1640
-8111 -7986
-8358 -7932
-3410 -3326
-5702 -5648
-3307 -2732
-1456 -872
-6220 -5974
-4184 -3726
-2032 -1865
-2797 -2220
-4655 -4434
-8717 -8389
-9329 -8879
-9431 -8843
-5475 -5335
-9635 -9271
-4994 -4765
-9968 -9405
119
-8317 -2513
-8738 -7628
-4704 -4065
-8339 -7447
-2246 -1844
-8694 -8556
-3198 -2852
-7564 -7240
-1039 -743
-5362 -4727
-8114 -7190
-3323 -3210
-2366 -2306
-2037 -1465
-1015 -395
-3298 -2505
-2756 -2256
-4707 -4347
-8641 -7784
-6996 -6157
-5063 -4267
-6577 -6055
-6982 -6760
-1823 -1240
-3682 -3472
-6490 -5392
-2317 -1233
-4840 -4618
-2424 -1931
-7663 -7559
-6120 -5058
-3544 -3484
-4645 -3809
-6983 -5851
-5592 -4794
-5820 -4832
-4964 -3979
-3211 -3133
-8186 -7398
-7965 -7810
-2867 -1863
-7959 -7095
-8563 -8061
-9513 -8639
-1324 -1014
-7722 -7184
-9785 -8785
-6968 -6693
-1164 -626
-6715 -6632
-8058 -6929
-4541 -3985
-1269 -979
-4764 -4112
-6099 -5750
-2466 -1385
-6239 -5295
-4412 -3877
-7810 -7514
-2010 -1240
-4768 -4270
-7419 -7108
-7069 -6615
-7845 -7085
-7563 -6902
-9597 -9374
-4307 -3901
-1971 -1583
-2271 -1357
-6823 -5716
-6663 -5602
-3218 -2676
-6585 -6125
-6235 -6007
-6324 -5346
-4676 -4275
-3642 -2525
-7772 -6829
-2942 -2801
-3378 -3059
-1866 -784
-7545 -7033
-8760 -7918
-7692 -7077
-6899 -6528
-1047 -687
-5450 -5288
-1759 -981
-2543 -2133
-1725 -827
-3181 -2445
-7957 -7752
-6494 -6053
-5533 -5162
-3994 -3105
-6885 -6376
-3534 -2782
-7976 -7175
-2946 -2594
-4971 -4280
-7702 -2829
-9927 -8952
-8461 -7853
-2474 -1346
-5334 -4803
-3931 -2849
-9945 -9187
-8876 -8569
-4286 -4033
-4964 -4132
-6845 -5927
-7379 -7253
-3095 -2150
-8516 -7795
-6291 -5843
-5887 -5706
-7710 -6857
-3888 -3574
-9423 -8693
89
-7405 -3499
-9787 -9454
-2252 -2119
-8263 -7905
-2271 -1977
-5679 -5586
-3641 -3424
-4686 -4586
-7025 -6746
-8793 -8714
-5857 -5584
-8920 -8655
-3141 -2993
-5034 -4772
-7168 -7110
-2617 -2411
-9748 -9683
-7106 -6924
-1067 -983
-5481 -5329
-3890 -3649
-3102 -3002
-5865 -5832
-7563 -7494
-5284 -5088
-1500 -1225
-3683 -3344
-6356 -6249
-2227 -1903
-1036 -829
-1287 -1093
-8207 -8077
-6705 -6476
-7331 -7266
-5977 -5879
-1758 -1459
-5619 -5518
-1694 -1651
-8591 -8414
-6021 -5936
-7260 -6998
-4016 -3866
-5940 -5795
-8415 -8081
-6057 -5792
-4505 -4407
-3752 -3520
-2675 -2349
-3321 -3173
-8877 -8525
-9812 -4465
-2732 -2372
-1505 -1256
-1029 -939
-1884 -1665
-8669 -8406
-9567 -9345
-5993 -5660
-3322 -3209
-1291 -938
-2960 -2783
-9820 -9688
-4606 -4554
-9641 -9511
-4449 -4290
-3373 -3012
-1397 -1186
-8169 -7848
-9968 -9829
-5959 -5849
-4749 -4588
-1905 -1711
-2183 -2020
-5901 -5782
-8000 -7777
-1572 -1385
-1771 -1563
-3576 -3546
-8612 -8475
-4285 -3931
-3802 -3645
-2439 -2075
-4410 -4030
-7749 -7644
-4102 -3730
-1526 -1372
-9984 -9725
-2165 -2003
-4623 -4503
