61 400
141 116
1 110 129 111 161 7 169
2 88 150 262 495 2 375
3 33 101 597 635 22 26
4 31 85 571 1354 3 129
5 64 56 319 401 60 26
6 131 36 416 441 2 83
7 119 154 1071 1151 10 174
8 137 52 64 340 154 8
9 162 69 249 258 13 91
10 13 5 1536 1662 67 35
11 123 118 1 21 14 174
12 83 27 565 609 14 111
13 155 40 111 128 11 134
14 124 22 367 1070 16 91
15 53 151 223 929 2 50
16 142 81 140 170 132 63
17 161 56 43 568 175 44
18 187 191 2120 3027 6 172
19 41 165 659 750 1 77
20 155 118 7 17 197 185
21 110 145 1553 1617 171 19
22 156 18 256 303 194 649
23 151 125 28 97 166 70
24 65 98 113 243 102 146
25 110 173 455 1503 92 73
26 85 166 1006 1055 16 8
27 19 0 1795 1824 9 92
28 67 73 758 832 30 32
29 74 86 295 369 24 461
30 162 101 102 320 137 191
31 28 71 328 1323 2 0
32 97 137 328 337 31 129
33 12 188 1671 2103 24 721
34 183 179 120 313 1 897
35 51 97 1480 1490 158 70
36 123 71 125 475 4 26
37 3 6 1405 1544 153 66
38 102 175 417 946 11 10
39 73 57 349 395 137 186
40 51 55 454 939 27 164
41 100 71 45 328 6 57
42 7 4 1394 1458 129 100
43 91 95 874 1048 1 301
44 95 164 883 950 2 545
45 65 71 745 807 1 598
46 132 150 1120 2119 42 112
47 125 134 44 135 37 58
48 25 124 612 633 1 181
49 175 100 77 222 106 93
50 123 30 619 667 63 131
51 43 89 475 542 7 104
52 156 160 709 999 119 17
53 76 108 675 1429 2 75
54 137 10 932 945 4 29
55 15 0 1432 1739 11 113
56 122 162 661 1640 187 489
57 84 55 796 854 10 153
58 61 64 443 898 50 0
59 35 57 1048 1126 3 172
60 120 39 1122 1190 21 69
61 35 100 1452 1475 1 0
