126 200
174 146
1 152 149 44 156 4 138
2 213 122 817 998 60 17
3 206 165 63 253 1 169
4 47 115 553 615 1 4
5 172 114 19 315 38 91
6 123 212 1238 1294 14 9
7 80 97 186 455 1 130
8 94 215 218 804 60 0
9 69 188 483 518 5 101
10 268 160 355 669 74 119
11 14 98 824 871 9 68
12 253 132 570 605 38 111
13 93 207 106 514 18 184
14 205 96 79 254 91 819
15 112 222 1078 1158 5 158
16 188 125 187 243 33 111
17 27 129 1169 1244 1 143
18 67 241 746 765 1 101
19 153 200 1065 1537 21 149
20 192 122 1008 1021 22 51
21 120 261 1159 1160 46 165
22 104 161 263 691 3 50
23 120 143 66 145 15 5
24 150 168 89 169 1 128
25 56 218 212 234 188 0
26 136 61 1353 1412 9 114
27 99 268 1080 1087 41 51
28 77 117 133 185 60 87
29 88 205 381 478 7 95
30 224 189 601 613 38 65
31 77 261 908 970 1 143
32 23 84 799 830 17 38
33 179 126 19 86 11 31
34 133 242 1365 1443 79 77
35 186 170 105 223 1 126
36 119 194 349 821 1 647
37 238 90 102 121 188 21
38 77 212 545 614 1 178
39 20 239 225 248 195 4
40 221 200 100 306 79 1
41 99 118 126 133 1 199
42 82 229 775 776 2 146
43 157 187 519 1344 1 20
44 153 114 235 355 1 137
45 233 152 768 812 29 77
46 189 197 118 1759 64 111
47 6 277 2364 2430 4 1094
48 2 273 1318 3572 2 109
49 134 191 145 301 18 59
50 287 132 812 858 43 0
51 287 125 156 158 186 93
52 179 257 492 1150 75 73
53 45 136 1338 1354 23 6
54 78 203 621 631 4 68
55 26 11 1352 1413 43 0
56 278 7 1621 1634 11 181
57 265 106 864 890 7 170
58 193 153 579 1738 23 56
59 265 265 216 256 5 7
60 217 11 193 243 196 90
61 263 135 98 171 199 0
62 121 197 554 1334 85 148
63 256 171 300 386 65 149
64 75 96 123 530 67 150
65 148 157 68 164 32 42
66 183 194 558 1599 30 32
67 66 167 133 202 191 76
68 168 191 471 1416 26 109
69 165 124 1118 1195 8 67
70 155 146 60 104 15 0
71 194 168 617 1701 24 21
72 207 99 1158 1234 1 74
73 61 214 376 609 2 143
74 240 124 447 968 29 64
75 97 251 699 716 2 194
76 240 88 1081 1155 4 55
77 74 168 430 486 5 25
78 135 215 121 272 1 183
79 134 264 926 986 35 86
80 182 143 1730 1837 21 61
81 100 173 273 310 13 43
82 142 182 181 338 1 1020
83 94 163 238 283 8 125
84 177 206 72 131 52 170
85 192 161 38 103 62 91
86 20 143 628 636 12 105
87 4 282 2381 3490 6 32
88 119 188 1648 1671 21 533
89 238 173 620 710 3 43
90 5 282 2060 3555 15 5
91 189 132 43 135 1 98
92 124 132 541 577 15 100
93 100 225 956 1030 67 87
94 39 178 778 810 5 115
95 139 96 1536 1582 8 173
96 110 171 105 340 15 127
97 108 176 1044 1089 26 56
98 55 66 168 625 17 186
99 284 277 234 272 2 57
100 34 66 291 741 1 52
101 78 115 120 176 193 11
102 11 118 608 953 5 175
103 75 193 966 1037 73 25
104 82 181 303 420 2 116
105 160 45 1275 1387 18 0
106 273 283 260 752 1 68
107 190 32 583 1290 1 91
108 19 24 1250 1268 1 47
109 221 109 759 822 6 35
110 56 45 217 240 182 195
111 111 205 625 840 82 820
112 12 27 514 932 60 199
113 113 186 101 286 9 167
114 59 124 1025 1371 54 187
115 112 198 368 386 22 51
116 13 24 1110 1181 50 128
117 168 149 7 47 17 19
118 181 190 427 481 1 4
119 72 78 144 468 12 2
120 116 39 165 208 195 20
121 186 178 1561 1598 9 92
122 80 198 321 594 2 25
123 240 180 387 505 69 166
124 203 207 469 488 5 86
125 206 62 1046 1083 35 131
126 161 176 63 297 1 155
