897 800
860 945
1 52 351 2382 2386 7 38
2 180 465 2230 2286 1 11
3 343 782 3865 3908 1 58
4 360 1074 2369 2388 2 0
5 78 411 2533 2870 2 68
6 396 117 1445 2092 25 2
7 1140 720 458 2467 63 419
8 781 542 206 929 1 150
9 613 859 3522 3566 3 55
10 558 248 906 1095 42 178
11 739 294 1056 1105 104 131
12 1202 819 797 1483 606 179
13 250 1004 1247 1737 1 28
14 352 1104 907 2208 558 14
15 412 768 1015 1022 109 43
16 971 1019 176 507 2 173
17 605 911 3421 3483 360 38
18 226 1019 3513 3521 6 55
19 791 594 484 1500 102 143
20 216 592 2759 2791 2 0
21 584 697 358 677 184 37
22 871 569 1085 1665 5 576
23 440 550 667 1738 2 160
24 735 929 3905 3921 1 105
25 272 513 1915 3155 1 37
26 538 423 2458 2521 2 172
27 1008 495 714 895 202 0
28 719 731 2476 2486 5 125
29 628 420 508 914 53 40
30 493 145 1457 1511 5 15
31 491 508 317 1691 5 142
32 162 494 2343 2402 3 101
33 824 663 1296 1301 1 61
34 731 1002 2743 4452 251 138
35 757 250 2745 2802 4 150
36 864 953 2 889 2 29
37 1181 73 4692 5922 132 65
38 1210 791 791 850 67 146
39 1090 560 1511 1550 70 87
40 987 686 377 660 27 59
41 618 1066 907 1184 2 0
42 1021 483 862 1747 21 0
43 945 420 1116 1163 240 89
44 1111 685 941 1491 75 140
45 1168 521 632 1203 449 80
46 312 700 1103 3236 32 35
47 195 1074 1498 1919 3 111
48 1135 954 501 555 62 151
49 389 413 2285 2684 7 131
50 1081 428 641 899 107 193
51 590 906 289 310 205 31
52 351 1116 5932 6241 2 32
53 577 763 482 557 769 141
54 497 361 1483 2936 5 79
55 392 275 2266 2302 4 83
56 1093 703 539 578 161 127
57 412 1062 1702 2000 477 153
58 1012 602 553 1007 338 70
59 1087 796 1994 2320 25 750
60 375 523 822 1164 9 66
61 268 923 1970 2888 6 55
62 485 752 1652 2619 6 37
63 585 996 1704 2022 2 195
64 751 302 909 935 68 188
65 874 614 368 390 737 19
66 873 134 627 1968 3 119
67 741 1081 275 277 736 93
68 757 853 2758 3016 9 134
69 687 446 691 699 299 100
70 695 773 3525 3603 1 178
71 618 725 585 634 7 58
72 497 1098 1540 1592 233 154
73 298 374 1494 2050 2 98
74 672 575 1332 2070 3 50
75 506 872 3703 3709 185 104
76 1049 420 1349 1382 76 128
77 499 897 3965 4025 1 170
78 448 811 3640 3687 1 41
79 559 347 2690 2769 1 153
80 302 918 3142 3204 3 14
81 909 799 199 269 97 85
82 1042 756 794 832 645 13
83 639 527 622 660 450 184
84 135 713 1754 2906 1 63
85 727 1107 313 386 331 100
86 340 558 1620 2553 711 117
87 685 1204 3624 4692 73 76
88 938 704 338 407 342 176
89 607 1230 6648 6721 286 9
90 481 156 2408 2463 1 129
91 554 577 834 1107 6 44
92 446 424 801 3563 2 35
93 95 979 1316 2019 1 107
94 485 384 2594 2665 63 83
95 923 962 90 288 646 173
96 1070 659 1346 1388 62 139
97 762 924 125 134 149 88
98 463 329 1253 2500 9 35
99 1054 273 796 1226 21 98
100 1018 982 214 235 77 73
101 1095 641 135 591 43 34
102 898 388 325 930 69 9
103 480 867 1611 1653 1 46
104 1061 792 1406 1461 55 89
105 407 681 3745 3812 2 79
106 406 366 1207 2597 3 71
107 439 238 1410 1435 2 140
108 448 961 3119 3162 96 43
109 423 681 2861 2886 1 41
110 98 517 1508 2221 2 87
111 712 1061 2687 2758 261 778
112 686 183 1480 1542 10 9
113 725 794 108 479 24 113
114 1155 196 1259 1491 55 167
115 821 746 451 515 22 151
116 1113 518 1414 1432 55 172
117 1010 479 1158 1757 1 79
118 260 415 2763 2795 2 87
119 913 1051 8 245 1 1028
120 513 408 2481 2498 1 121
121 309 272 2048 2117 4 40
122 787 1022 371 404 5 138
123 980 591 604 609 24 133
124 423 318 561 1873 46 0
125 171 571 1543 1579 19 157
126 1137 945 490 513 60 58
127 75 685 518 2455 10 39
128 523 1113 2696 3087 293 134
129 336 702 1632 3007 1 77
130 1132 351 1195 1202 275 177
131 937 857 1457 2407 5 151
132 591 696 287 759 17 193
133 604 506 1931 2049 53 125
134 576 109 2194 2264 237 23
135 520 1086 2350 2406 3 198
136 623 461 2481 2658 7 69
137 910 651 361 467 80 42
138 545 1198 1567 3412 617 102
139 222 392 3216 3217 2 136
140 552 1131 414 1290 4 187
141 340 666 2710 2732 2 678
142 697 863 256 411 101 102
143 176 918 1597 3573 1 18
144 563 1124 2399 3559 194 110
145 550 1104 2597 2606 156 7
146 982 1054 232 714 109 87
147 440 1060 4220 4227 481 85
148 762 1179 3514 3540 37 134
149 545 274 654 1363 10 159
150 812 1247 1747 2739 67 43
151 397 634 463 798 2 171
152 280 542 3030 3045 22 137
153 570 359 1689 2113 25 101
154 48 1214 8408 8430 28 177
155 206 780 2467 2661 166 121
156 747 758 4238 4263 60 11
157 333 1186 1694 1773 6 139
158 559 942 3850 3917 80 113
159 638 606 2478 2907 1 153
160 512 338 1583 1839 15 107
161 805 192 1781 1855 6 97
162 562 502 756 758 42 66
163 639 1036 4303 4360 2 195
164 1128 644 1879 2348 34 23
165 989 859 321 1002 250 56
166 1060 917 1822 1859 2 136
167 282 345 1268 1680 24 166
168 1124 828 553 561 250 43
169 576 719 331 676 107 137
170 835 898 98 1718 216 65
171 129 808 2412 2479 3 113
172 962 979 115 137 60 35
173 856 772 108 413 45 75
174 706 1167 2953 3028 709 11
175 439 834 1628 2989 392 44
176 1039 434 954 995 73 118
177 678 859 275 283 375 65
178 74 92 4443 4510 242 185
179 872 160 1411 1855 34 2
180 297 710 2164 2196 2 137
181 1066 250 1296 1346 141 71
182 688 957 173 243 45 11
183 700 366 743 848 294 190
184 95 400 376 1971 19 866
185 417 777 2615 2674 2 21
186 493 583 2640 2690 441 127
187 522 156 1542 1570 7 188
188 1181 433 1465 1516 24 140
189 788 993 108 133 697 33
190 763 368 836 856 7 137
191 315 387 2256 2266 7 43
192 397 511 1613 2381 1 30
193 937 430 1887 1963 96 119
194 796 680 356 370 589 3
195 535 244 1929 2143 12 191
196 229 536 1551 3299 4 140
197 530 613 794 1127 29 0
198 757 1006 191 196 437 11
199 129 418 3538 3600 4 64
200 675 1243 3203 3226 701 151
201 458 682 3596 3609 2 124
202 818 944 39 609 210 4
203 1132 899 1465 1496 162 746
204 357 609 1331 1899 1 148
205 298 863 2093 2112 1 126
206 249 409 3907 4275 1 717
207 378 1020 3824 3898 327 92
208 1169 465 1870 1878 182 352
209 605 242 1275 1468 6 93
210 296 643 2231 2274 1 139
211 777 1093 609 626 6 11
212 889 439 1219 1265 261 110
213 77 918 1044 1463 1 106
214 1090 203 1393 1638 105 183
215 397 562 2838 3321 2 109
216 727 414 1298 1927 328 899
217 178 280 1911 1950 1 117
218 522 827 3528 4404 3 69
219 907 736 266 335 279 1009
220 805 764 252 284 19 158
221 740 1081 749 1698 552 38
222 1169 657 900 1078 91 154
223 68 613 1914 2409 2 17
224 1021 659 625 685 7 20
225 521 393 694 1629 14 50
226 458 458 1295 1332 18 191
227 552 288 1151 1399 24 53
228 901 545 1218 1252 67 13
229 672 755 472 703 33 99
230 1070 750 1105 1134 367 134
231 824 329 475 1067 20 175
232 532 570 1622 1655 266 100
233 1050 371 1777 1799 80 83
234 52 39 4312 4754 42 18
235 449 958 834 2453 1 74
236 517 754 2440 3046 490 47
237 460 991 3172 3208 168 30
238 850 999 78 101 526 163
239 572 437 1074 2623 1 14
240 893 622 523 575 476 115
241 1015 1167 1530 1547 184 187
242 847 909 42 68 27 119
243 122 864 2385 2459 5 6
244 1183 1283 5602 9790 9 199
245 847 340 701 1082 6 42
246 1048 652 865 933 158 0
247 441 1087 2883 3774 1 55
248 988 1045 272 644 303 57
249 309 871 3349 3424 2 172
250 606 601 824 880 21 696
251 984 820 199 1280 327 591
252 512 620 2678 3033 10 61
253 816 700 290 300 545 18
254 197 374 1566 1976 2 44
255 626 655 528 877 787 142
256 127 13 4206 4230 319 115
257 1034 641 493 626 2 0
258 675 1236 3480 3521 246 153
259 1011 634 991 1009 17 49
260 308 906 3226 3247 1 37
261 874 831 144 1378 16 16
262 1006 881 189 369 257 0
263 1041 493 1422 1484 45 69
264 539 827 1690 2533 3 40
265 357 548 392 1323 21 87
266 476 906 798 2900 1 94
267 274 738 231 1421 6 193
268 368 607 1495 2052 1 124
269 848 409 770 1252 4 171
270 628 430 2512 2772 306 44
271 159 479 1374 1957 1 165
272 706 266 1219 1885 6 107
273 901 1151 251 303 368 708
274 638 579 641 822 84 258
275 546 238 1589 1909 27 127
276 563 219 521 1449 12 80
277 1125 847 639 950 4 186
278 610 197 1918 1942 1 45
279 1217 663 257 997 177 89
280 1136 547 1196 1240 1 506
281 686 865 269 324 591 186
282 706 736 727 767 123 0
283 1130 523 1157 1204 39 134
284 730 1154 331 648 433 136
285 1061 637 233 614 27 150
286 747 305 2095 2159 144 21
287 596 236 1427 1484 45 82
288 342 501 2549 3120 13 116
289 733 750 616 635 70 86
290 570 1133 2342 2405 314 115
291 491 959 833 1753 8 138
292 1127 920 1647 1690 80 115
293 740 603 480 505 273 76
294 400 290 921 1854 5 76
295 1099 663 375 679 667 42
296 524 190 1873 1894 6 174
297 577 867 2388 2909 621 190
298 692 1081 3312 3326 623 121
299 273 641 2159 2207 1 182
300 596 651 779 2429 667 154
301 242 559 1335 2187 32 28
302 340 750 729 771 6 0
303 1197 952 1301 1470 37 59
304 237 810 3377 3435 19 951
305 235 946 1579 1645 1 20
306 1234 799 281 1118 46 95
307 237 912 2190 3177 8 73
308 933 956 101 177 41 187
309 807 867 137 756 113 21
310 710 357 574 909 19 131
311 599 879 1174 3422 221 165
312 854 981 32 104 654 104
313 1000 1055 258 317 325 805
314 411 524 2034 2104 1 66
315 707 1029 2851 2881 254 121
316 915 140 1798 2066 23 431
317 1026 1090 1824 1874 53 44
318 273 619 1626 2506 1 169
319 483 163 2356 2807 39 6
320 638 927 314 857 7 188
321 1030 711 416 493 42 35
322 950 1056 227 474 411 93
323 416 489 1281 1355 16 194
324 573 293 627 1039 2 30
325 319 718 2648 2722 3 82
326 134 391 2063 2097 2 121
327 583 924 289 526 298 130
328 258 321 2143 2159 1 128
329 727 962 3457 3462 1 164
330 961 620 694 756 111 61
331 927 915 120 181 9 14
332 954 859 188 308 49 59
333 980 641 1651 3127 35 131
334 236 584 828 1323 5 170
335 987 69 966 2315 1 39
336 442 938 354 597 38 472
337 320 992 2584 2606 2 3
338 891 280 2050 2108 9 777
339 866 1012 70 74 42 87
340 953 745 420 515 9 55
341 772 1222 901 1796 730 142
342 1112 962 886 928 46 186
343 664 1177 3221 3285 424 40
344 550 549 1066 1144 9 43
345 965 961 129 139 65 195
346 670 1117 2406 2441 1 51
347 933 394 707 1925 191 0
348 779 1037 200 948 452 824
349 391 164 940 1666 16 17
350 639 222 1733 2057 2 114
351 284 423 1734 1767 23 126
352 860 860 81 86 497 173
353 457 208 3328 3881 8 32
354 571 919 322 597 127 33
355 328 482 2273 2292 1 148
356 1152 551 902 911 18 38
357 256 197 1538 1785 20 95
358 720 1134 2893 4657 187 149
359 100 597 1318 1811 4 35
360 416 552 2571 2621 24 159
361 678 403 1347 1398 20 164
362 606 212 496 1414 88 184
363 813 555 443 1292 2 177
364 805 1164 444 1444 154 134
365 677 782 645 765 10 122
366 459 145 1777 1826 23 723
367 682 120 1194 1500 49 125
368 647 1032 525 3616 372 77
369 164 195 1997 2033 29 118
370 230 760 2509 3440 13 2
371 617 581 2833 2890 3 141
372 747 1095 277 601 225 66
373 127 650 2764 5354 1 124
374 1082 813 939 961 354 142
375 706 474 1227 1235 10 112
376 896 761 388 409 23 141
377 820 638 3350 3417 1 39
378 974 506 684 756 349 13
379 941 308 2040 2097 35 4
380 1061 445 929 1446 6 101
381 1049 1035 408 1255 160 10
382 307 633 3102 3125 4 29
383 485 784 424 702 1 3
384 882 332 258 1305 3 169
385 360 199 2709 2749 5 33
386 883 233 1454 1461 1 154
387 925 666 383 739 32 199
388 543 598 1305 1352 18 126
389 770 515 2178 2204 131 106
390 748 476 572 616 113 73
391 281 381 1299 2759 8 172
392 432 792 3270 3284 1 175
393 362 462 2744 2789 8 155
394 1127 870 347 1189 328 10
395 499 478 1453 1466 14 22
396 732 294 923 1674 1 49
397 1006 273 1845 2416 1 87
398 398 415 2470 2492 1 15
399 782 955 95 149 693 6
400 600 462 1543 2766 2 134
401 759 738 312 608 12 14
402 1019 359 514 1422 2 133
403 999 542 1174 1218 42 197
404 250 359 1605 1668 15 131
405 708 400 1128 1191 454 169
406 844 845 124 125 64 106
407 293 793 2934 2977 606 150
408 411 1113 825 2554 3 102
409 506 45 1537 1542 2 160
410 703 1132 2294 4234 612 34
411 535 409 1290 1622 3 173
412 847 227 2619 2678 25 121
413 706 344 1759 2054 45 190
414 888 852 129 169 401 137
415 289 539 1431 2984 1 308
416 853 190 2087 2108 23 58
417 486 655 1620 1668 101 74
418 480 294 1322 2248 1 115
419 989 1029 264 433 1 13
420 620 1085 2218 3256 115 42
421 131 477 2062 2138 7 141
422 470 925 3059 3821 1 195
423 469 757 1130 1490 1 62
424 620 908 2502 3929 2 51
425 728 1105 2319 3082 711 17
426 268 944 1376 1437 11 23
427 838 326 1048 1207 15 116
428 610 757 3363 3415 476 996
429 445 476 1153 1377 6 104
430 476 996 2565 2615 1 78
431 749 211 743 2076 1 15
432 754 187 2751 2786 2 188
433 708 728 387 527 59 23
434 351 936 2253 3890 3 151
435 242 746 2347 3632 1 9
436 854 683 274 352 146 746
437 920 108 1110 1759 6 80
438 576 682 552 589 93 64
439 1047 870 304 589 124 146
440 843 929 55 95 207 115
441 758 1073 1727 2488 499 185
442 1098 747 437 1145 140 9
443 570 141 1237 1887 4 169
444 614 882 694 1102 2 83
445 158 922 2669 3697 12 160
446 1015 777 481 1569 326 28
447 857 650 645 873 17 26
448 126 694 2357 2427 3 118
449 979 1153 2185 3068 189 90
450 857 108 1869 2625 2 37
451 606 792 2157 2965 464 191
452 585 899 1399 1801 29 0
453 615 768 572 588 15 104
454 271 401 1385 1677 4 198
455 571 912 310 738 147 59
456 688 382 1042 1071 6 65
457 805 743 269 319 137 92
458 1005 580 517 838 20 154
459 413 700 3073 3093 1 19
460 585 375 1144 2158 17 5
461 580 1041 1633 1884 377 195
462 847 266 575 1468 11 174
463 250 458 1111 1174 443 182
464 797 488 618 687 316 6
465 886 768 200 258 435 16
466 942 682 708 1028 110 174
467 1085 963 1955 2019 34 38
468 929 402 471 855 41 143
469 667 1137 4227 4306 1 91
470 920 979 121 168 551 167
471 676 256 1370 1809 8 194
472 62 668 1371 1948 2 146
473 837 215 860 1301 12 16
474 534 957 1070 2167 1 56
475 915 571 451 505 1 194
476 728 436 1161 1166 4 141
477 972 720 407 850 605 164
478 106 726 2429 2489 2 765
479 579 334 2293 2343 13 109
480 755 1141 307 347 793 93
481 647 837 2301 3118 1 148
482 1106 851 587 1011 309 149
483 886 1043 141 617 32 35
484 1014 962 112 359 241 65
485 1048 316 1162 1691 12 0
486 543 1036 4796 4866 549 79
487 1070 966 256 332 93 26
488 1041 1095 877 1903 576 64
489 862 532 299 591 52 181
490 254 286 1917 1922 46 103
491 294 503 2603 2621 1 124
492 629 186 825 1189 192 70
493 458 774 1726 1774 37 74
494 375 1131 1611 2591 474 66
495 698 709 2728 2771 1 179
496 994 498 472 1153 589 158
497 678 302 1657 1698 58 66
498 763 514 539 616 313 139
499 256 768 2370 2887 551 99
500 410 304 2305 2374 3 0
501 576 1235 1892 2145 287 159
502 1024 1095 540 612 1 3
503 547 787 859 1497 16 23
504 894 622 1372 1393 176 173
505 251 513 1367 2585 87 188
506 465 783 3034 3337 563 143
507 993 371 696 1618 34 100
508 998 762 642 1630 29 381
509 889 404 1548 1561 8 1037
510 606 1060 2584 4525 82 17
511 848 143 1421 1432 186 116
512 427 1000 1869 1887 536 194
513 316 389 1979 2013 54 145
514 636 480 1097 1100 85 0
515 738 917 134 177 16 139
516 1110 192 1958 2031 3 146
517 471 1009 1100 4108 2 194
518 621 231 1221 2521 1 110
519 531 156 2448 2498 12 197
520 332 841 1465 1529 17 0
521 712 1038 2000 3482 81 410
522 793 118 1068 1459 1 186
523 744 732 2745 2820 184 406
524 551 930 2039 2105 2 71
525 465 639 1151 1166 1 77
526 780 335 1276 2925 2 1018
527 468 1130 2015 3930 235 98
528 688 546 301 1898 24 59
529 711 194 2491 2532 60 57
530 811 485 773 836 200 89
531 378 1072 2145 3034 2 51
532 443 696 2830 2906 1 97
533 703 1195 385 465 748 22
534 734 1043 4821 4844 651 10
535 562 753 3248 3266 1 65
536 362 247 377 1565 30 101
537 193 785 3608 3668 16 43
538 1127 534 1628 1707 10 124
539 1197 65 5973 5989 10 103
540 688 913 2262 2830 366 38
541 968 120 2138 2173 61 86
542 1245 593 691 1749 5 153
543 749 1173 743 806 1 149
544 700 913 194 254 644 134
545 882 298 953 1245 16 199
546 1226 1034 448 1155 61 193
547 152 753 2574 2606 1 158
548 431 1056 1840 2158 2 21
549 1015 843 236 528 228 32
550 848 711 147 1134 25 622
551 240 479 1806 2184 2 99
552 853 862 98 671 574 17
553 766 340 2815 2861 1 116
554 522 1130 2343 5020 267 34
555 952 1139 3894 3967 23 29
556 948 784 251 266 4 80
557 215 268 1902 2242 3 21
558 666 1094 332 409 234 33
559 1173 1104 607 920 480 145
560 1010 962 172 408 28 157
561 1234 641 690 918 569 69
562 708 302 305 1786 13 148
563 1087 228 1618 1641 11 196
564 584 266 1102 1400 11 137
565 190 249 2126 2147 21 46
566 241 497 1495 3010 5 173
567 559 216 1567 1630 6 175
568 1021 169 994 1821 23 99
569 301 196 704 1647 40 86
570 231 1079 2179 2202 20 111
571 300 799 2889 2943 1 102
572 394 873 4182 4255 2 93
573 1012 719 676 948 48 77
574 891 892 100 161 125 0
575 1254 341 751 1537 5 110
576 1127 348 583 936 36 437
577 758 202 2316 3333 2 187
578 1163 883 994 1011 75 19
579 295 895 1175 1941 9 198
580 257 1040 1246 2848 2 6
581 768 1057 218 240 318 166
582 1091 1058 1449 1827 322 74
583 1116 494 1548 1598 39 29
584 562 855 1678 2925 1 126
585 1019 634 697 706 20 124
586 1009 787 311 336 735 43
587 313 973 1695 1731 2 363
588 716 1030 233 293 543 196
589 926 429 756 783 122 61
590 908 335 805 2266 21 29
591 593 462 2807 2878 2 94
592 112 285 2354 2419 3 153
593 986 782 545 559 550 14
594 496 515 2061 2134 1 111
595 509 597 2431 2621 324 166
596 605 183 411 1529 113 63
597 707 479 176 875 86 186
598 989 260 636 906 12 47
599 725 834 337 412 205 20
600 663 1101 2610 2673 47 9
601 329 812 2261 3377 1 196
602 597 233 1278 1289 37 129
603 1080 575 690 1675 6 175
604 394 744 2090 2111 8 163
605 562 371 1613 2946 21 148
606 939 460 1301 1304 24 82
607 680 1155 368 478 166 5
608 576 1000 4572 4588 1 15
609 125 463 2951 3016 1 86
610 628 127 1602 1612 23 111
611 352 661 836 882 22 47
612 482 623 2202 2280 9 42
613 423 1033 1877 1931 3 195
614 426 350 1035 1701 18 126
615 182 699 2051 3051 1 177
616 918 371 424 905 15 133
617 500 340 2313 2353 3 25
618 905 873 196 373 183 35
619 292 729 1426 1661 9 103
620 317 682 2251 2291 1 83
621 470 663 3180 3240 3 25
622 767 339 3112 3188 2 17
623 977 938 151 172 4 1
624 183 764 2498 2511 8 102
625 733 409 2433 2459 4 42
626 995 549 239 1036 670 811
627 737 1092 4122 4158 88 100
628 407 815 3178 3213 1 114
629 524 579 2834 2843 36 119
630 688 327 2428 2486 22 47
631 377 707 1151 1221 22 112
632 790 450 1452 1473 10 118
633 169 743 2241 2441 23 1021
634 682 388 757 832 493 44
635 364 565 3032 3373 38 173
636 224 889 1075 1451 3 21
637 332 962 1600 1608 3 129
638 1199 1255 824 1774 3 146
639 1095 807 395 1778 151 152
640 543 196 1967 2207 7 164
641 675 282 606 1236 55 122
642 490 452 346 2055 8 196
643 995 846 715 1155 70 158
644 629 1135 3848 3871 411 0
645 706 947 742 2846 2 101
646 818 1219 777 1035 1 125
647 1168 812 605 1340 228 25
648 1014 305 752 981 194 107
649 181 858 864 2790 2 160
650 1012 301 1298 1623 259 142
651 325 765 3466 3527 1 121
652 706 881 4374 4391 706 164
653 266 351 1548 1616 496 152
654 752 475 1104 1172 321 145
655 223 710 3032 3052 3 150
656 897 530 289 675 160 106
657 1147 1032 3247 3478 136 186
658 315 453 1235 1274 560 55
659 360 769 902 1495 26 7
660 917 1014 2138 2190 7 157
661 731 301 2049 2087 77 89
662 673 722 416 506 18 61
663 649 1078 1540 2598 64 8
664 878 851 109 401 28 86
665 246 731 610 1422 2 4
666 500 535 2374 2411 4 106
667 737 384 2289 2341 236 145
668 674 733 1071 1413 29 39
669 742 1110 365 2680 91 107
670 974 1034 202 692 336 3
671 761 513 529 594 26 154
672 531 800 264 924 24 40
673 737 820 259 468 70 17
674 517 1221 2831 2896 183 172
675 913 395 597 895 598 151
676 413 1036 1320 1917 12 20
677 619 619 1480 2429 8 111
678 829 933 57 834 9 212
679 141 521 2140 2189 7 169
680 714 711 615 655 1 892
681 961 1222 1098 1468 177 22
682 531 1120 366 3990 56 157
683 138 757 561 1772 1 824
684 993 743 780 924 64 9
685 818 590 618 674 26 188
686 347 548 2766 3300 2 172
687 522 226 1152 1206 6 193
688 896 831 153 203 468 172
689 925 503 745 820 181 10
690 657 718 3651 3714 8 37
691 914 657 355 408 1 187
692 373 1054 576 1296 5 159
693 573 635 1032 1793 679 100
694 900 171 1151 1183 3 2
695 1031 394 1237 1299 10 82
696 961 622 696 969 2 141
697 812 667 990 1008 67 177
698 287 904 4335 4384 5 75
699 190 478 2970 3207 242 20
700 687 1051 999 2797 516 79
701 532 918 370 373 179 8
702 816 678 302 363 120 169
703 114 692 2712 3927 2 39
704 1060 703 1053 1172 15 117
705 871 1000 80 1017 506 64
706 889 1244 884 1299 357 39
707 1171 731 136 876 40 98
708 1115 505 436 1381 63 105
709 984 391 2020 2562 2 602
710 687 126 894 1609 286 198
711 389 900 3529 3536 1 73
712 962 506 1753 1760 8 51
713 711 861 236 395 68 194
714 209 904 1235 1843 7 175
715 185 751 644 1175 33 30
716 516 1204 2121 2137 5 1126
717 383 241 2462 2885 6 0
718 428 787 1497 3625 29 109
719 212 633 1420 2682 1 194
720 741 180 1323 1386 65 111
721 139 376 2593 2661 1 62
722 845 265 1816 1895 7 693
723 1043 889 2089 2154 10 99
724 720 362 2367 2674 20 94
725 253 884 868 2783 1 23
726 650 215 529 1499 42 20
727 649 678 1594 2594 14 164
728 528 722 1731 3225 2 74
729 1173 599 236 710 340 64
730 758 559 1107 1116 167 145
731 1024 553 760 1457 21 110
732 97 345 2517 2556 8 181
733 286 305 1654 2900 4 125
734 1136 734 571 732 228 11
735 687 1187 2142 3877 44 43
736 397 1150 1533 1883 784 15
737 191 1009 2475 3362 4 140
738 933 1098 1655 2211 41 152
739 772 821 407 453 9 119
740 1025 274 1369 1394 17 40
741 191 421 1042 1983 19 90
742 581 1088 1185 3719 621 103
743 1011 312 766 840 799 860
744 1071 278 2377 2409 18 11
745 949 875 1324 1647 148 119
746 714 1079 1147 2488 543 56
747 590 86 312 2187 1 55
748 494 804 3135 3143 1 134
749 905 175 2352 2356 2 171
750 350 545 278 2400 1 146
751 527 1030 3889 3955 1 66
752 500 821 666 1718 37 32
753 252 494 2279 2746 2 89
754 202 417 606 2573 1 6
755 588 810 493 719 81 95
756 71 750 2185 2252 2 122
757 91 654 1577 1587 4 85
758 164 468 1195 1350 268 154
759 856 750 220 292 203 373
760 445 805 1138 3537 24 1103
761 196 906 5781 5855 1 70
762 792 649 607 619 11 184
763 435 410 1672 2474 124 14
764 869 570 453 769 21 47
765 305 484 2301 2316 2 199
766 358 339 1487 1677 8 7
767 519 698 861 928 14 155
768 281 1049 2842 4087 6 0
769 427 654 639 950 127 161
770 352 1095 2531 4121 1 74
771 923 418 867 1674 7 149
772 301 675 740 882 11 126
773 981 1030 1958 1974 4 59
774 815 284 1126 1199 19 22
775 1144 439 1337 1351 350 75
776 807 277 2235 2291 3 7
777 822 1053 169 200 315 843
778 1123 678 935 991 66 437
779 855 839 119 135 173 93
780 598 1147 467 488 756 111
781 808 260 1357 1369 1 121
782 765 721 419 1414 54 175
783 812 759 370 684 10 0
784 1031 851 244 298 213 112
785 1191 578 1107 1180 183 57
786 749 557 2106 2175 1 145
787 495 331 2769 3260 5 51
788 534 232 2274 2288 8 85
789 749 836 211 277 101 126
790 726 570 258 855 80 99
791 566 928 334 372 128 93
792 775 231 783 1221 1 4
793 928 953 101 607 343 797
794 390 758 449 1019 64 63
795 1213 580 1168 1184 349 522
796 690 659 483 551 382 40
797 241 614 1948 3721 1 154
798 581 312 1785 1848 1 26
799 482 649 514 1246 13 66
800 998 1122 325 1569 426 195
801 436 421 2105 2158 41 440
802 875 175 1965 2037 27 94
803 790 371 1635 1667 88 109
804 716 766 325 1157 300 4
805 647 302 1638 1703 19 179
806 921 454 1590 1612 43 119
807 903 189 1287 1888 41 127
808 741 587 713 2487 5 126
809 325 468 1279 2127 11 383
810 894 446 504 1567 3 17
811 1221 615 329 1323 2 70
812 567 889 348 533 11 5
813 1043 455 1199 2381 34 169
814 841 286 1861 1954 25 127
815 650 669 832 861 10 123
816 671 429 1257 1494 14 146
817 522 832 3151 3846 103 5
818 636 782 3459 3461 297 656
819 341 641 3835 3869 2 34
820 974 194 1893 1955 181 158
821 1128 695 527 954 8 134
822 977 495 761 831 2 82
823 475 1040 3993 4004 1 139
824 656 322 3138 3150 5 17
825 1126 582 391 1223 3 44
826 242 362 486 2057 7 102
827 519 1148 506 2317 429 126
828 900 354 625 657 784 61
829 538 985 370 442 96 101
830 874 52 1901 1905 26 165
831 678 1169 1845 3225 698 50
832 128 290 1358 2343 9 150
833 1204 362 1619 1629 6 4
834 340 177 844 1586 3 65
835 819 818 166 1254 222 950
836 1226 417 1183 1257 72 58
837 1264 463 1084 1106 27 143
838 1026 960 195 243 108 172
839 948 537 693 1029 128 70
840 151 769 1882 3948 2 1129
841 657 901 263 327 108 55
842 1138 843 549 571 284 188
843 299 938 1754 1796 3 102
844 633 1199 724 2706 777 0
845 652 611 1117 1186 51 33
846 580 810 3065 4151 445 181
847 293 381 1388 1750 6 4
848 1095 1145 658 758 110 89
849 1133 329 570 1240 215 42
850 1002 660 260 611 59 181
851 152 627 796 1207 1 47
852 831 282 1000 1062 15 157
853 801 731 406 501 233 117
854 137 599 2234 2252 7 18
855 1129 485 777 803 34 0
856 571 771 1731 1741 3 175
857 517 644 955 1159 1 160
858 1111 452 764 774 209 38
859 318 1047 3081 3125 2 190
860 730 312 2219 2267 6 3
861 664 235 1027 1127 33 181
862 782 239 1069 1140 231 199
863 1014 540 449 915 18 62
864 230 806 799 1280 36 170
865 366 695 2516 2524 5 59
866 411 220 1108 1772 6 38
867 597 1168 674 3448 726 0
868 616 1009 1291 1310 1 147
869 409 1008 2091 2094 3 169
870 429 761 3373 3683 2 121
871 656 636 908 941 107 42
872 1110 653 647 887 215 123
873 946 999 130 148 150 117
874 101 621 2748 2826 3 125
875 1057 191 709 1399 1 905
876 844 162 1355 2132 26 22
877 1199 1186 593 4106 15 1076
878 462 774 2414 2890 248 9
879 376 304 966 1931 18 30
880 856 441 511 588 1 0
881 441 690 847 1104 31 97
882 1084 444 1530 1867 58 16
883 243 141 708 2748 6 420
884 72 247 1507 1530 777 11
885 502 197 1574 2558 7 95
886 1127 400 1572 1612 69 59
887 280 592 3792 3813 1 89
888 420 740 639 760 139 153
889 580 1143 4174 5909 498 901
890 341 301 1824 3059 14 191
891 674 528 581 604 786 114
892 306 601 1027 1177 31 117
893 400 992 4329 4351 9 97
894 950 670 314 682 14 138
895 713 676 439 501 481 65
896 1021 504 436 1740 104 14
897 852 987 68 445 5 193
