10
10
10.40572555349526687 10.51446784037679414 10.88383494712828528 11.68303406489577167 13.09807644987210935 14.21468707208755154 15.82598041977399483 16.19992302667497884 16.25749701205317808 18.68892479664611409 
3.741067092853000066 3.957959723956894029 9.051417465777486326 12.32310277631805688 13.85528229894944921 14.02324994914497384 14.64491843257819748 14.92745742200067259 24.38393152386218455 24.73244541631958294 
10
4.280336187662821854 5.234313979239372823 5.791842037291850638 5.883796840468410948 5.928288318350401503 6.955716824743876532 8.985071594862579537 16.1429727835011742 18.26972951067790621 19.6171534085117741 
0.2625908148350267644 0.6951863395475527362 1.096720756462359807 1.117202644642165452 1.160394586420388542 1.448073079216783034 2.054393466781122234 2.376936135119041788 4.759886344065337564 8.167630598367146532 
10
5.072081734364074886 8.729378579285386211 8.748513824561186663 10.64157836800102234 12.57708280235303367 12.6302038474345736 14.9670309388443258 14.97025180265925983 14.98656703737495802 15.0107091864186618 
5.030528769599295359 5.148088060902930996 5.153064027935965716 5.70280191963607718 5.735109047934810936 9.364496947112347352 9.508658678887392397 9.992217891880677913 10.66020509285403417 10.9071321178742181 
10
1.295949112741011569 5.89866324373344134 13.18189302548821398 13.58592048418782926 14.46651490020419738 15.24419406681067958 15.76335039131200625 17.38110852357751837 18.19876720315578272 18.19876720315578272 
1.230648867754988661 1.387965583711388439 1.621157638554458094 1.809993458335256553 2.284794811809275809 5.549586664733880412 13.35640591381069679 15.70484000384136183 17.33551325901747292 17.33551325901747292 
10
2.852010526638355764 3.332866452444952036 6.191016097572192037 6.713252454945286306 6.713252454945286306 6.777858626127263082 12.51980462701961938 15.16231509151309271 15.88369251201841493 16.79842605942423585 
3.258263874930518225 3.258263874930518225 3.564300635890931725 3.597054434598622397 3.893277231651809998 4.984930286192172627 5.854811975020338284 7.288957470366354556 7.637411493095378077 10.84063537108991448 
10
6.446962057091009191 9.444178342119799539 10.60792278152314138 10.71247235176428796 12.07837742823403068 12.20267199165485969 12.94930330756318904 13.11645822881858471 14.13781308470135344 15.18500221886684575 
4.1107364393934812 4.115886396970089662 4.127628575300440769 4.872235087130719536 5.270487934479338563 5.772605308499011661 12.84747519602934426 15.02792711857335858 15.49004545507919088 15.53829488809179996 
10
4.063766078169328604 4.21850004919112276 4.446330651038668705 7.806317609128221797 7.893474293285181564 13.21741670485968769 13.38919600991061799 13.66888052028723537 13.66888052028723537 15.94606407760872211 
4.372202100644737188 4.372202100644737188 4.88799634435789363 5.000229801839450931 5.20170161871259876 8.251111796939158276 11.06239051811448628 11.11601005968372714 12.37510176422313587 15.66099824014793919 
10
10 10 10 10 10 10 10 10 10 10 
2.384248790280169393 2.884618612074506674 2.900737172886444882 6.14112581060234938 6.74607450691370615 9.205196457983378266 11.91744004604846324 12.6322617964107511 15.19516796371856117 17.62852354990634286 
10
1.189976070449073386 1.996996419850532334 4.334210401447649907 4.507244779007350211 4.798367828972473603 7.45075978310062581 7.608327278466005872 8.773162298293984307 17.03615414736438893 19.34595274307784507 
1.640412959642566504 2.398077170304196315 3.572333604237671878 3.667381144069808308 4.879599994235654492 6.031537361900701555 7.907652852937200549 9.254435060861096574 11.78751410769208618 16.74434462604874341 
10
4.535231849597803489 5.669837254173518033 5.691889405760741014 5.691889405760741014 5.734991129451893885 6.739579354534098364 8.824614218156583772 9.078408670179814182 15.24695022711456323 15.49248930288991078 
4.583408673815980338 6.536116123736584667 6.589871661961216712 6.589871661961216712 8.369568925629136349 9.429823504131000209 10.14612813463394842 13.38208260820875834 14.42249357135896906 15.36723955473687019 
