20
10
3.595114698396952651 6.319723774762700085 7.327363056044213074 7.915186584154128297 9.439397085465012047 9.997592772635265888 10.22939977018310773 10.24644691126083207 10.43093477916133475 10.85826931388991667 
2.534135889744383366 2.641158813310033503 3.51630870262720282 4.743034187582825748 5.274647200220410668 6.589972153886712569 7.300137579474516498 7.586396821160063197 7.770259351243591897 9.414177039726770542 
10
5.690664408062877716 5.804960064923103726 6.187163818242386429 6.627824284778832742 6.93789431948695266 7.546314074128678578 7.832431624068874586 9.10373980164031869 11.03082885717115182 11.2922956641199993 
8.114181955111496853 8.992497207008252432 10.01139031863265524 10.68548723856244773 11.03429061959774697 11.54440913834593144 11.72626597258870604 12.1125883187240857 12.18578578405923313 12.21664895617899602 
10
-9.866376217794842024 -9.721953616116538794 -8.047652950707714329 -7.85338596668362273 -7.556476021946080269 -5.318296179648728056 -4.495202839318342034 -4.390446974315013461 -4.361698567173729708 -4.111744796326082625 
6.076591361916261891 6.149085055619685866 6.544830782035688739 7.56953971241355922 7.623283188970803602 9.71691387674816906 9.79991937486454673 10.2028932371302322 10.6068524549767024 11.78539170011992575 
10
-3.425388098553088718 -1.33849868736917914 -0.4120402178991521843 0.1925907175320325057 0.4089838497551066118 1.180282507062274187 1.770411185565632122 3.392568783915402708 4.173458848678339214 4.766296209752965491 
-13.43080911469678547 -13.39491423162983652 -13.3603510688724747 -12.76775730142022244 -12.09737471562255775 -11.34085113871711563 -8.716254743797453604 -5.266344176619068469 -4.796345207290674115 -4.632960064484396325 
10
2.544731183458286937 2.93293383888254375 4.156456545531211502 4.983940997475608194 6.961925125401844659 8.099452013165921123 8.188630414036940785 9.981178296083485432 10.15440089211370734 10.26982400340508549 
-14.87139349489032704 -14.81804747692530154 -14.8083750487601302 -14.75261640102108285 -14.36379702906133644 -13.86896399684048927 -13.82185888689042364 -12.55374758304604107 -12.39135751237340614 -12.27816917246958213 
10
1.942511994261225622 2.397539828969156727 2.657386192302667883 2.755452051966745473 3.032649347517809489 3.22496064460514607 3.259372853700894573 4.544078784795458888 4.576399950076866795 4.61848643430786917 
-2.615244993479804375 -2.597321466275334373 -2.51850644719419473 -2.245206491136100095 -1.222085005820402314 -0.5713004720710547453 -0.4664826205329131028 0.6129308139569728539 0.6180892423558367508 0.6333260874533015134 
10
-7.738675163094386037 -7.577913895258020304 -7.286160546432195332 -6.556773281855950284 -6.522443336528364225 -5.599604132150876371 -4.943016589052233978 -4.025911956457912596 -2.760674085753269962 -2.37124472485889087 
2.710143421788406274 2.733343031992273271 3.404162817985000888 4.043110868305973779 4.193202277434846515 5.246850587944336839 6.527987832953971132 7.571464435909405139 7.683607971821912948 7.749187107600223844 
10
-17.07450142725994214 -17.01465044824948263 -17.01465044824948263 -16.93144494060302688 -14.9630838225413177 -14.05865960416115675 -5.577041468652909439 -4.340752767425351055 -3.028810157901220525 -2.95718553171150814 
-7.537504293600219569 -6.266079785031341428 -3.477019636648606025 -3.276333873669297044 -3.010541963765093445 -3.010541963765093445 -1.578164099022000517 -1.209253304197123634 3.059082420961882398 3.809801906193298207 
10
-8.107089025006224211 -8.096973149815806466 -7.764905457923750219 -7.306353668643955581 -6.794177021362074638 -6.737225391463888739 -6.732052141821407837 -6.59362124955210878 -6.269688735724556497 -6.112349040405285405 
0.9091500056339372787 0.92145175636297083 0.9227253117048874005 0.9669592844770166068 1.333372230795619114 2.081674350040847055 2.17019611431232845 2.80451006779423521 2.836039631845422905 3.066988396587430756 
10
0.5935636927731700661 1.663452603547324896 7.887345506608999949 9.185093870646371906 10.02744792310687332 10.9279670936142264 10.93426661414512492 11.90366042886122396 11.90366042886122396 12.00899272421729446 
-11.07155137107776975 -10.50281620155756621 -9.649749003040169856 -9.009840656869837932 -7.360636069717574585 -7.077935406420793087 -1.653919372033446205 -1.653919372033446205 -0.9824199526071813672 -0.08009427533253834141 
10
-4.367147117287986826 -4.218896393828559134 -2.751090425112806428 -2.449222746813328607 -1.464105526162699806 -1.3155602690644636 0.3393848022525350123 0.9844063236533241913 2.955684519791197268 3.189662825824876786 
-3.337785714266577733 -3.010355958409777081 -2.912610861866009533 -2.780852719636709959 2.349428951734876533 3.300572643648382561 5.854567341939988321 6.126891228732446023 6.854539052397600255 7.378487297389599378 
10
-7.479641352219804492 -7.439301962400995969 -7.439155027280510356 -4.042569575599701275 -2.759224797675188054 -1.598904320575613657 -0.827148578336947692 -0.4980980335777347493 1.113904609733068838 1.320458468994813147 
-2.481086878424841457 -1.926427002940802976 0.2072643329082643191 0.7868425791609568802 1.34272155533897559 1.733681270789744345 2.65628530127415633 5.7253991545146201 6.26321981689241086 6.364763566343508455 
10
6.809454375585214947 6.812522245776449014 6.908768921482460228 6.915055912196738472 6.929146999456250535 6.942567528372257981 7.026560942200627163 7.045942265129436421 7.102394836330282638 7.133816911049509995 
-9.062432771931190345 -5.395430002633872846 -0.8046524643496599793 2.100093898719787688 2.100093898719787688 2.100093898719787688 7.486668793794613919 7.665978195895512215 7.752680631593513283 9.711031614739617623 
10
-8.110440008279331648 -7.92646037184651554 -7.270347056784375079 -4.417542865906985667 -2.662936885983184279 -2.5319734378817193 -0.6513454773162189234 0.05588495353149025915 0.3909462398775694915 0.5989190063032554384 
-9.216512915549683882 -8.019106982672052908 -6.257469549822856969 -4.882107907853590056 -1.841596379323982902 -0.5050824771630839649 -0.5050824771630839649 -0.5050824771630839649 2.825560023416768374 4.057825741546832177 
10
-18.48854293466054344 -2.463559780194692905 -1.890258046199697617 -0.2444883282826779691 0.1708800134713506225 1.493714150432470689 7.652839694236359236 8.03280171074458238 11.93137734463692468 13.46911986701494612 
-18.56248395124727324 -5.447113548666850491 -3.845529340455271949 -0.4685989239069705548 4.240616993436102433 8.604079624454382014 12.76073943353541296 13.31926488760806393 14.73641653390194506 19.34144870263229166 
10
-6.046799921000783163 -6.036115960052150078 -6.030346714840985411 -6.018536993634353114 -5.796635419075790842 -5.750790034950351452 -5.54359102970189611 -5.160919075979375565 -4.716765502701136566 -4.244173624021401571 
-9.035604033181740356 -9.00903363774266879 -8.726014567299721332 -8.246886725351196134 -7.949200512314617232 -7.842410724090899605 -7.808280648413540889 -7.319013457085764192 -7.268778428945375496 -7.103964590552373579 
10
-2.376220923729421801 0.06126989348565794514 0.5693422933261187473 0.9545012089650023434 3.619806107327092334 4.596376504118445244 5.026574129609615566 5.467540384723181814 6.207671723687118378 6.315232103989379089 
6.01297947913594945 6.760423469390797832 9.290283516882295307 11.01674920624289332 11.396605071371299 12.76245737342858655 13.59358262859751677 14.12689171585129057 14.19621562673211394 14.30835691855265345 
10
-3.478849733625514908 -3.472264670657064053 -3.470992541417493228 -3.461894248128891541 -3.461467586786516327 -3.460860005444643082 -3.451483583590189363 -3.445360590908140651 -3.34697904246334046 -3.301169057064406036 
0.9191957828685151671 1.255876871749363861 1.277218239826897216 1.397648055971472903 1.402406796608700936 1.409087117528769033 1.500917321451977333 1.552624171299450647 2.081849094045966143 2.251626541926650839 
10
-7.996118962360543633 -7.725628225165507437 -5.996628727647029602 -4.983110928509580189 -1.281034359033300426 -1.229628320143532918 -0.9387072137928523052 -0.1536865150883244416 0.7435529222909625937 1.516710977866725312 
-14.89490240334243406 -14.79397366057610543 -13.59175777733944464 -12.5522998169278239 -8.602249046856701956 -7.859123943197390628 -5.765011371713952541 -5.662556979200585943 -5.239119360601237729 -5.123454447230725991 
10
-11.13194944057991297 -11.02271869750779069 -10.54636184763700455 -10.54636184763700455 -10.3966062208434905 -10.3966062208434905 -8.328623286589860562 -7.040330647707630122 -2.179953973652697625 0.3362338571005404611 
-9.272663220429812579 -8.082896820719546137 -6.898831699265605295 -3.529841713746183384 0.7538895392411592664 1.445130558694910479 1.445130558694910479 1.593304417555296885 1.593304417555296885 2.916595754540284702 
