40
12
58.29480390085846346 58.33782739151614058 58.36695589028457199 58.3774510659050322 58.42597280825752684 58.62997034135889884 58.72730672986037175 58.83193883381634641 58.83193883381634641 59.40661056212133177 59.5083936545885177 59.6993789355814887 
-17.65070716304868566 -17.57658415031432112 -17.41021240200969425 -16.97809353114093417 -16.90699174183322788 -16.75646587878493397 -16.68849303895913627 -16.66801467460212569 -16.51079930131239182 -16.39928419086204898 -16.31477239106753483 -16.31477239106753483 
5
-43.54098950048273143 -43.10809060573319186 -42.51453567130494381 -41.99498987508368003 -41.95946324004066337 
-75.90944481582562462 -75.33123128095085237 -74.80753503217991743 -74.05974264255507258 -73.94734814225362655 
20
-22.39871889456668083 -22.32811295423833603 -22.19983364301170888 -21.96107787901636231 -21.8715817622216628 -21.68715479136893633 -21.68715479136893633 -21.67395183728233219 -21.67395183728233219 -21.66762744792347778 -21.66063983030657878 -21.6284259170111747 -21.6284259170111747 -21.61102900088402788 -21.60463044363125019 -21.60364901632554375 -21.60364901632554375 -21.60297405101842995 -21.59877340221871401 -21.59687869984852822 
-74.3522116391094278 -74.25712720400624117 -74.25712720400624117 -74.23133311528966283 -74.22095519642935142 -74.16099448578909306 -74.16099448578909306 -74.11264140202520266 -74.08302060794629146 -74.08302060794629146 -74.07077970555890276 -73.96153259863640497 -73.9451936058809278 -73.92026970814825362 -73.91242467527745683 -73.76266392422458713 -73.75983522491440563 -73.75983522491440563 -73.61594885782048849 -73.59692234978652564 
11
-83.98612716750733342 -83.98553804902421446 -83.97917871214026549 -83.97274990276349265 -83.97124784285088823 -83.94270785952187096 -83.93963721660344903 -83.93738253359637549 -83.91151253096950288 -83.90741101750616923 -83.88279086959410578 
-16.52544885751977562 -16.52422659673867046 -16.5112724409073561 -16.49859875947606767 -16.49569532514280718 -16.44416956819456615 -16.43899422596639377 -16.43523494882051826 -16.39436769966348913 -16.38823957088273413 -16.35321884853792689 
5
-18.58769959020281464 -18.03998118346693215 -17.28154792565084694 -17.24429718261789901 -17.13960340620452954 
30.09813274495786513 30.31474659254835123 30.81613522528443028 31.27327777467954438 31.54661655446212994 
12
-94.58354030103184584 -69.63427445921033154 -61.37080316392020762 -59.89301978647447555 -51.08251053189373181 -50.95358820317326121 -4.949660504405443362 2.500200690459337238 3.210193054697498383 3.49057367410983943 28.18960406904810156 87.9511682584970913 
-45.56047083026810895 6.183840599739809818 11.8964119932196013 12.04475759418362202 12.48677646981040823 17.9662628083851672 29.83915247640109669 30.0846831775057808 32.04031012190353067 47.58571406566602491 85.37061737902158143 94.41524588458474909 
16
44.42212277327784608 44.42284544903081993 44.42734861424933513 44.4381044516244989 44.46818808618904938 44.47913544221740698 44.60285424200337666 44.75922117516553157 44.86577932622319996 45.15479284499890424 45.20009096645422589 45.29204002052639683 45.3217623178965321 45.38940383633239663 45.42328719321581435 45.55695132565798647 
-86.56214426969820653 -86.55683080406957852 -86.54220381257147389 -86.52540168132102557 -86.49873238879640638 -86.42706676465541099 -86.03023232573243854 -86.00890393505931279 -85.92195027468676551 -85.8647418692298942 -85.84564135893498014 -85.77373144815869314 -85.74955742840009817 -85.60649101499062821 -85.58012309407528065 -85.51990586339189774 
8
58.57096506389531772 58.57115897538024113 58.63519528887824919 58.65393906304396583 58.68216238766942704 58.7577062882816651 58.80516119715508898 58.83961343376409388 
-22.83407858518159777 -22.78392876243663406 -22.70632174197342632 -22.55270977636201379 -22.47990001391991667 -22.42366516243274844 -22.0065742491266632 -21.97555831996669546 
6
36.78611264307197734 36.78611264307197734 36.80098732825986756 36.95546810776396375 37.16193630574488487 37.18217236443863338 
-12.17137850833163919 -12.14969031321737656 -12.09922781254579379 -11.87355666596007189 -11.76845978576032066 -11.76845978576032066 
20
-18.0687222469013944 -18.03745246003399376 -17.98072193001031162 -17.90539026035334131 -17.86991055525461999 -17.42226723491361706 -17.27427645046452251 -17.05584984005042484 -16.97909368959971407 -16.85217805423950656 -16.83747281595679094 -16.80146170128436916 -16.77764017057261923 -16.60117238049849726 -16.52837534368971514 -16.05409392197795773 -15.99704827475763073 -15.99487707623507133 -15.989677730205968 -15.08107577658012488 
68.93269922995652289 68.94366906093968729 68.96703215582979565 69.24192146359204969 69.37910889503419685 69.43209277621572195 69.50249439206174237 69.57522401860991872 69.6367121712865973 69.65143286223843124 69.99089520197411101 70.256792779373704 70.36923972592668337 70.95907263641981931 70.98180472635217304 70.99155769791365232 71.04537373442519751 71.050158408199525 71.05848892801041569 71.06855653315793457 
10
8.530753289530754888 8.532650965226036662 8.534793681525140967 8.545095279720280528 8.701891294244170446 8.742535459718980968 9.095332606384331086 9.375190413447707982 9.408970368851465843 9.443337537495252934 
-82.82342622837951751 -82.46393099161823593 -82.39753274245248407 -82.36803732198853656 -82.16664962847709772 -82.13184068526498065 -82.08890079906827347 -81.93575207756120084 -81.92315502280724973 -81.76112030595840617 
13
-3.107587262552357381 -3.093980344475086139 -3.064087939099614631 -3.01151898448949907 -3.007646963515746631 -2.991164267123829884 -2.948094970943935308 -2.948076869529502237 -2.945692665489401965 -2.92942355071129553 -2.921922536728211879 -2.904908487615693398 -2.895858230252875337 
54.89264930701949324 54.8929955125672906 54.90572107715350549 54.90573104510736395 54.90708412001837257 54.94755629507032965 54.94959909120986559 54.97284969377073153 55.00276193245686842 55.07407129716326535 55.08125030547761104 55.08646029953898073 55.10725939193817552 
17
99.00534888534657702 99.00741951713825934 99.20140468222419353 99.35870508156117534 99.5986236941430245 99.62983484674307401 99.80864222036482603 99.9122199212642555 100.2150475331156334 100.4502831947813193 100.510277636034323 100.8178366703429091 100.906975091888351 100.9433623599475071 100.9664899051989315 100.9946625979140714 100.9946625979140714 
-89.99089619132076554 -89.92334087070330055 -89.88703193217289601 -89.85393052314580938 -89.56632480507150357 -89.40862793209834527 -89.31567081276406078 -89.06606503794600017 -89.01506388089713651 -89.01506388089713651 -88.98419606645306552 -88.76446259883956209 -88.40685067426202751 -88.23952552193949735 -88.08979251525080264 -88.02874557262387047 -88.02380186213558628 
15
-68.72129575087507192 -37.4068387866882972 -27.61206709588600461 -5.45687998296861565 -4.52391085911852997 -0.7725035797974442175 4.827691431317632009 35.36473162810563053 43.69505921492702782 55.12631086678842962 57.29263433013500162 59.06865166706114678 74.67917164098943772 75.59941051826544367 87.0450401589733076 
-101.2115850596407824 -90.0839795184684391 -85.61386834582447136 -70.19268276430341302 -50.73409673345249615 -43.16150842459607873 -25.57372671353716953 -22.23416384641565458 -20.96256083443927309 4.902649540272562945 26.92995680925452007 65.65165164695162048 80.47293191284651925 80.65045455206788461 83.76293951815779337 
6
-67.27355038075880303 -66.77747634070997979 -66.33143824282739516 -65.33915924032609044 -64.8600556443989727 -64.2974287386627168 
-16.31820448237739285 -16.01170268250790333 -15.57318290648869375 -14.92201791342509581 -13.90853251605415284 -13.76786345344805365 
9
-6.487610656689425182 -6.475393232526287551 -6.453947018288020482 -6.229443750099480314 -6.063557704668410153 -5.674687911439271832 -5.633047464032864651 -5.593036637815850642 -5.521168745216098401 
-9.637172220872416872 -9.367360622349305054 -9.325772341005033778 -9.274157990320152162 -9.186316629435022177 -9.121585592422864275 -9.054932952765342113 -8.892750705090028279 -8.566251977114708912 
15
38.70427224282017943 38.7091059837368553 38.71144961318219659 38.71236747104940007 38.7142668114384355 38.71495341078876432 38.71740010229526911 38.72063640552455618 38.72196938918071095 38.72773294505414467 38.72795311755037016 38.72984294797736233 38.73104986335797953 38.73408329984256235 38.73595596404264547 
88.43236266509367108 88.43841274959707971 88.4413847622115662 88.44255572280522266 88.44499147928694282 88.44587622647278703 88.44904752544955114 88.45328736339904031 88.45504886726188308 88.46276979173789302 88.46306816574613258 88.46563981503648798 88.4672921689417312 88.47148013766862055 88.47409092518137137 
19
-48.31924963325474981 -48.31801079871859993 -48.27564467553070482 -48.06592825841473452 -47.99991296197377614 -47.88607128663470449 -47.81596953733643164 -47.35492734520986497 -47.30262221193280727 -47.18186621071268896 -46.70030104330881215 -46.54531807737574806 -46.47998822442968339 -46.2975157144491731 -46.27828394520452403 -46.23720280408183704 -46.21062021673492149 -46.10677614763174853 -46.06116647472243816 
-76.30966785075627654 -76.28713829666763155 -76.27370788547682084 -75.98141880606857956 -75.93107293469333671 -75.34790208348574119 -74.91119908186980869 -74.89439350226091649 -74.64892630814642871 -74.21763042887872501 -74.1348530376979952 -74.02508649231638148 -73.95956792050488635 -73.93925273713483734 -73.91997887252010458 -73.89210508884912269 -73.87981205752887114 -73.78431379411800371 -73.75840040788413973 
6
-53.22018740826045649 -53.21569297190029107 -53.07348396369377613 -52.83816260226532046 -52.80578848368287376 -52.7533095976022679 
33.737432606873206 33.79241239081091133 33.85066425376535878 33.89620021513127965 33.99683556442108955 34.04437398203689033 
18
64.93962038369065226 65.58609919106561799 66.07310171829145136 66.26927220672661929 66.67825844546716666 66.69552403911002215 66.84645160865021853 67.1952114037386453 67.23886639477418064 67.51483710005100499 67.57020937929168317 67.8296113478026561 67.91735930878120546 67.97974884437573392 68.03079882789870851 68.20915706202894597 68.39795568536212994 68.41826383773495059 
-87.41043625551227966 -87.38180675618423653 -87.32206289553889143 -87.15093551120237255 -87.13768627242849618 -87.08229360061957088 -86.97486476793053455 -86.74219050027276284 -86.24213104120146146 -86.11743952419993208 -86.03788437570999407 -84.9738422434664248 -84.92586448028410016 -84.78388140730954136 -84.70085843607503664 -84.61428649115708952 -84.60148279066820506 -84.59472420955885179 
13
70.03498108429638522 70.10032968354358523 70.35705232810438781 71.06931829805333058 71.11202124271861585 71.22553517969793555 71.55366889774977204 71.76070189944760488 71.78153091485607857 71.7926363039633238 71.9480733721121687 71.9943677471599603 72.00071892918150655 
-19.97680108732836885 -19.83573753843644969 -19.76917148458017863 -19.65294647687545553 -19.61378674727190477 -19.44226666523091953 -19.3258271974208492 -19.27156025817759745 -19.0597336275901826 -18.87256662566152846 -18.37213384339376548 -18.00377827635257787 -17.99989927755137914 
10
-54.34698325276317391 -54.25252767609159868 -54.21781474745814024 -54.21026095630980446 -54.15920127902385958 -53.98895585934828294 -53.97598107398452797 -53.80255175499284472 -53.79270459357975023 -53.69649031883061549 
11.67293937511582337 11.69450386232219683 12.10916190679146391 12.20048833639122115 12.26180808314534047 12.29132530851645465 12.29682322996043856 12.29890184688208997 12.36295563197934286 12.36358180173067791 
8
3.545174190548571682 3.947346090847343368 4.098821701830933306 4.107562916519110248 4.118656168261594727 4.169657220750659781 4.169657220750659781 4.457875031130196198 
29.55078997627152958 29.55280251212602081 29.55561718315806701 29.55561718315806701 29.93152476923917774 29.95634418665954437 30.42751818864003522 30.45692771859653976 
9
45.29267621618564531 45.3103893598345075 45.3410931429497441 45.51816036930831493 45.56239388258174655 45.5870817309254943 46.29274433026217475 46.38167952522143381 46.70853559378483584 
-89.67875027259255228 -89.66310204001953704 -89.39451311061926643 -89.36179620552252059 -88.6405827747312046 -88.55610228293884686 -88.36830861983493042 -88.30320435599331508 -88.26141744768827589 
16
-100.1404112253577621 -100.1350382124374087 -100.069690102789538 -99.83670957810336561 -99.74752791558977546 -99.67059315066750183 -99.66254688312551175 -99.65075716167933605 51.8604052754164896 51.93195821714464302 51.98832964036753287 52.06530107313359141 52.09328063668523165 52.19126081545807641 52.20672424625532183 52.23757856750893206 
-98.58295579595327729 -98.56578045385974136 -98.49837736822611823 -98.42423297105861377 -98.40254681704864268 -98.31743523230565467 -98.30282776852808203 -98.25892128280546983 45.84017532775467402 45.86075305605442073 45.92462726190181196 46.20648955967909882 46.23113491343285214 46.23978102755197018 46.24054187834058248 46.2489747539291145 
5
-53.83291517488435835 -53.71495754861098481 -52.70760964550258426 -52.5018344256120397 -51.96307230785279079 
29.82533113328082827 29.90580460876382289 30.09678784108417004 32.28173410005735805 32.34369606807194591 
11
46.72892365337374105 46.75741584084560931 46.8037257311979823 46.8315148062113122 46.84662871392702858 47.08179593178230528 47.15695717986316179 47.22996758983182273 47.3329253492897383 47.39765508071249087 47.50615693963415079 
69.47792843062377745 69.49430587642784472 69.49540735073081914 69.50936193644059698 69.53052984787694464 69.54638462073376767 69.65197739327648575 69.84816307936711138 70.41037788659647981 70.47577747491241116 70.50086129565087759 
6
-15.87303736824539276 -15.86677968448708169 -15.85319377351213253 -15.31821694992942807 -15.16807240631360075 -14.57206104860283714 
93.13270528741538142 93.17587232480707692 93.22713733036303472 93.77085193197103284 93.82929138626959864 94.13510812665579641 
5
69.02896868234743092 69.03216655960277092 69.03618155672686469 69.0673334239069114 69.07321977536995975 
-42.92060962505688147 -42.91555962361637367 -42.89824115718200713 -42.896901602426819 -42.89595778461658003 
5
-55.50433115483291539 -55.32984344441896605 -54.75697537738459402 -53.87479608765265151 -52.91426434665203971 
10.55367792111024491 11.05934880071326973 12.97144413256919293 13.37715598584410233 13.42902478119001698 
10
-21.18472649985870799 -21.18180037613313885 -21.14053217763158499 -21.13254517243597469 -21.0742462941158586 -20.93729169558240097 -20.90953552710688505 -20.8861828198500465 -20.82664128310507137 -20.82664128310507137 
-55.20012411663158182 -55.15149510827548828 -55.15149510827548828 -55.13740499555987289 -54.85874620078487387 -54.81764123381371935 -54.81175603643469556 -54.78829220208261387 -54.78207455319554958 -54.77847871183128322 
8
-33.54619899296295671 -22.25890166438590256 2.914092412274669641 3.641251426262968494 3.641251426262968494 4.28977762679214436 13.10215146320136625 93.87742070331651689 
5.653917824336945697 5.77351755734949303 5.814861507526829606 5.83413502595050699 6.139840961071895018 6.270888711746903293 6.306946280389593217 6.33132084814581009 
11
-1.789068784837184326 -1.783520232845449073 -1.6631866917088197 -1.529900969878271182 -1.421351999789567122 -1.405962630406252571 -1.32823418305419149 -0.6335662050432997272 -0.5573110329473994238 -0.4719340767630447971 -0.3408207977353552016 
-71.31205227062923768 -63.3541741849590494 -63.3541741849590494 -63.3541741849590494 70.28456321296226861 75.22423521208122565 76.20432503090518139 88.95889884378647139 89.19695368259652923 89.65316850317640274 98.74969517333065028 
7
4.657068016228833708 4.687015558180476758 5.012520422820113081 5.015441406048161072 5.296580165002126433 5.809463147236963542 6.242010938303435389 
88.59010426864926697 88.59802247832450887 88.97298751681518527 89.45211121467789069 90.46972753007067976 91.02420425218532126 91.23665306423160806 
9
77.24980740907546661 77.33112905110735581 77.4303293945025748 77.45621499583413273 77.50294859968858453 78.08181298329140119 78.10126323725211959 78.27979294045011452 78.61976482312516861 
17.48580776298257725 17.62379538931023417 18.1616456986706427 18.45255918882883482 18.54149434403427727 18.58468637817657896 18.7145867098197833 18.76069968591948653 18.76303662503299631 
9
-70.33542948886631052 -70.17930124332936308 -70.15245067518783851 -70.13573114521683709 -70.1208201427368464 -70.01405967328087995 -70.00280064128299823 -69.99568063747279319 -69.96037808210209907 
60.78920725613293619 60.78923290682376397 60.83869754906782265 60.85439706014858848 61.11087149588215238 61.17275392200366874 61.20705440850340183 61.21034198355496344 61.31266520046633417 
13
-13.09540049368244404 -13.06969621228611815 -13.06401472987852408 -13.05618838241940178 -13.04668755950381411 -12.96666364459254712 -12.95583450294247931 -12.95315740418124221 -12.94464239941378244 -12.93180023511433276 -12.91411184565286608 -12.90712355991241527 -12.90313690830617928 
66.90496681334351364 66.91084625428564941 66.91642078703990058 66.9222521156781859 66.92589594324547205 66.94740870698697845 66.96105663041548826 66.96772981309188705 66.97242898940094743 67.0726983985443073 67.08413177292364279 67.08923503205309228 67.09050982282382792 
10
-54.72845225619587239 -33.03927364673299394 -7.373836968769808209 4.975681924925211774 11.22159202373822495 28.810297226429185 28.810297226429185 28.810297226429185 40.72478579373733965 75.04331900959445534 
-7.133034736815674742 -6.763543428259391522 -6.098052626111221801 -5.931006140655305329 -5.893855327558911502 -5.39097452397628205 -5.248127888754400041 -5.188314520617405769 -5.097154400618517337 -4.954730721455510636 
13
-92.43854051079226508 -60.08495684306463147 -27.77517297983989408 -26.53321832720875761 -11.67816456508813872 12.42376504503100421 21.79636801672907609 22.53340913136391066 37.43387401173740159 42.12692405140109031 62.39680199494085855 63.33123326203460124 87.36691124470215186 
-57.73008641364202731 -50.02813527190930643 -44.83559422104199399 -21.75153027614413759 -21.6007942532053363 -21.41236776014515897 -12.43989865961083296 -11.42626704188663211 26.6798760499386276 47.5648481589006451 56.42351834151122603 78.08982758938716984 100.2937152891626624 
12
68.98969879121048621 69.21058254026527183 69.28063177796784911 69.29920440397962097 69.55663488932532595 69.92532937467861617 69.96180637100719071 70.0404383026929513 70.38336594449110288 70.70474373534520432 70.79183167284802195 70.81263236817571286 
-53.86677391873508398 -53.86449787752091921 -53.77843614711067044 -53.74589520789484548 -53.5116813609293409 -53.50622974035090959 -53.48522329257194855 -53.36021154449854818 -53.35487305392036158 -53.30423825649841176 -52.13312427117353184 -52.00448151269508656 
