50
32
474.3570321988265161 484.0816472951755255 490.423483222466274 492.0108139418151063 497.6006445237624495 500.3892220554796287 507.3508338113830809 535.044878154905318 588.7777734789122033 598.7827031346909484 632.8946617462515291 639.4815120913134331 639.9975313847942227 708.9675153058074827 738.534078607547617 816.0600480416155019 876.9170388067605653 892.2357907922995978 897.6335008568817799 914.0914795900097984 946.8894440621843184 950.9135673968239662 953.4231164592343316 992.0621557098015478 993.0348843456269612 998.5302278526667967 1001.650815408726275 1005.506270073596332 1012.399450332544572 1022.869736882884518 1052.689247826121062 1052.844318508193437 
-1286.983454979203737 -1283.393941424811474 -1265.225920807088932 -1260.265777754969287 -1260.021175810311778 -1255.491820943535629 -1246.258933693363206 -1229.207962097062378 -1176.155837920012839 -1168.749883242889019 -1128.944300106076307 -1112.85353196976251 -1098.905069602523525 -1094.51859858056293 -1074.194922554600196 -981.6628764033439102 -971.0016654287465486 -969.391109883945292 -876.8830806387117153 -862.755200104507786 -848.1411881850995081 -837.2683232240042065 -831.6207935478367931 -819.9467153999418108 -818.7024720274083923 -778.2755513035579729 -776.1368243103939936 -772.8080781761717147 -759.5399504726119189 -739.2117841062807694 -737.7779172246182976 -713.1642999333343694 
29
-1251.595429595901153 -1224.506727648686416 -1197.820159380038164 -1196.296155157409617 -1164.446509977507963 -1031.351665056444741 -1012.880120697454733 -915.863544067543844 -859.6389121303961823 -841.3437124791820819 -810.2176538433366971 -744.2905210531297228 -656.1838058930162113 -610.7110565647005018 -525.6114656223878605 -504.2052617086489809 -452.2295561797697386 -431.0011682632862903 -417.7877610658542335 -249.5332746305771434 -218.9835694374202651 -146.0519661395372301 -9.682566550472832601 -9.682566550472832601 -9.617628204586620988 78.3150495684508704 98.64916840925364111 109.5367543665495228 133.3358786599122883 
2.603016152983386677 2.621544245866045952 4.883034368394943092 13.08136838579938627 16.07023440913917406 16.07023440913917406 17.5561517734350479 20.67926439092415958 135.2048738189384521 148.8887516868689632 152.4374189837304965 281.4826138456399324 291.874348803585005 291.9617208859718535 326.1569387234103499 447.0886400389949373 723.7321563068026912 908.1488328386900788 945.4645826462914884 1021.113135440488338 1075.186222506128816 1119.514640720487417 1345.503268089354824 1362.798099809129295 1371.399578768897688 1396.677985178397556 1403.698876324223282 1414.366683073346299 1448.067684062321857 
35
-1931.37947817198377 -1930.220071873945195 -1927.368566986825794 -1904.611017655293522 -1898.400406662297049 -1782.492618564441168 -1775.769073338825816 -1744.05371058082463 -1730.559996625728549 -1617.12271006422106 -1576.620743045656246 -1520.295583171548157 -1480.388302561966066 -1410.185587188497873 -1407.944090197696628 -1303.16252917837675 -1240.066542278083906 -1205.910407921597507 -1133.605929548960069 -1093.139425440408755 -903.4367023221305374 -900.3326024587452197 -822.7705702192825419 -818.5025087876148843 -622.2424048480257054 -550.1516664548565073 -369.9301777871245397 -261.5005166687459061 -235.0796553975522156 -53.31150288855382835 -53.02207954046671556 -31.17595877371921498 -31.17595877371921498 -20.44351080914399865 -20.07459310360551985 
-501.5080071706391123 -497.9336892194542056 -491.9565451149676599 -403.8224358494016002 -337.937262232131983 -296.5088630717634033 -262.5314907260403189 -143.0697715416755363 -71.51279185900621865 197.2096035886198725 378.9255722003411637 530.404517944933473 590.7889711560847149 598.7975109452571347 616.7598835674910461 619.9593388536703702 717.819795187589033 718.0946250715929293 739.1862000086938885 995.5955839188923272 1039.768375233810711 1066.515118871319808 1097.406629154888752 1201.284966202945723 1277.692347533577379 1316.654086622668291 1317.774724728028987 1350.112634300693221 1362.452822582613534 1382.618938737269575 1391.578956548347497 1405.244016359014069 1405.244016359014069 1406.222400596638772 1415.757710420202809 
37
-766.3897958804039906 -764.9610662234562363 -764.357277807488697 -764.2076955509965314 -761.0421149728133202 -759.788021474497792 -754.3091410849320403 -751.4454247376934545 -748.7580659354782109 -735.1590376467430017 -734.2212543832238239 -698.998178897227126 -680.4779114617734033 -654.0868245079467016 -645.2256479086762183 -637.5868528886714087 -615.2349180846228582 -614.325908762850192 -612.9183877570434966 -601.6926458728176082 -599.0841151003147196 -598.8343312660692984 -577.1672003317130882 -568.7342820928175997 -555.2586308764096921 -551.1014141938387119 -524.5373230656563689 -523.9489009691959902 -511.5040407950457152 -509.0807178358554545 -508.1035669080823113 -498.1562812617971785 -496.9064111776171058 -494.892090322450343 -493.7642085904140152 -491.8634265726752626 -491.0484527594913605 
424.8558001582918095 425.2753598214885482 425.369243848617554 425.5435256440018944 426.8816499198400565 427.3096819850062089 427.8608353470161634 434.5181778461586721 438.3982454474680829 443.5939325515270107 448.5912401874855526 472.1974498147301764 473.0775800011009769 474.186641104195953 498.4657303966075589 517.86159884094735 521.6619087951471244 528.7564231664436548 533.395387923052825 537.0742895214337179 544.2619579184626525 546.2191186054361136 574.2660821223354724 591.9129959876838368 592.4760023453052964 604.5022151932139902 608.2995301435213363 621.7807209295198311 630.3914420241098814 632.1152642885330915 632.3942334479684783 636.1590976088771357 653.1211439389098222 680.1313983192205204 691.339062140038759 698.083627513745164 700.4734001183672087 
39
-1803.914071049927543 -1761.193341363180025 -1269.849489965823523 -1130.290335814743685 -1023.235991760035859 -990.0720147995964453 -952.4755638574476961 -883.5585670627492618 -860.9795463993141311 -841.5755712269540254 -787.2684765882529518 -610.7544262147837344 -407.1359674545938105 -321.7617499998325457 -227.3133406499016473 -146.6396457493906382 -115.8730215363102616 -100.9629057259123783 25.6086815257544913 144.5176245314087282 176.1584927556614275 203.7993408709839969 412.6202026777245919 563.1823533581232368 652.0463350910858935 707.0733538003273679 809.5417825560534766 1184.60367017927183 1198.348696521988131 1251.219608814872117 1353.605182202606102 1424.424675667359679 1474.5561419699211 1662.882345533905209 1879.679706464401534 1887.013546214760481 1911.947554306303573 1927.476093274047798 1940.427001623807882 
-1980.039004848134027 -1957.590755643042485 -1806.181032380283796 -1503.575802176098478 -1492.332838344785159 -1463.066346020616493 -1383.692708934977873 -1176.111087534975468 -1151.314596597808077 -1095.408708438305894 -540.1206128438363976 -528.6462584103505833 -517.9567102483015333 -495.4002157173429168 -207.7140740620545785 -126.1119351298684705 -108.6114722308693672 280.4775618814401241 359.9643571225437881 392.6548700565645049 425.7569311224524427 459.6441932774891939 548.6950094877611264 595.7884782995574824 715.1769199707723601 911.8101274076252594 961.9790351487586122 977.7031111601022531 1048.782202943329594 1110.031344862507467 1213.182276489719698 1323.138530320387872 1333.708038934353681 1345.109753530498892 1351.058378719172651 1373.116380930306605 1454.843361087680933 1754.186112219251299 1933.77152131124376 
40
560.1371031413467229 560.1947317102769106 560.2092330511404386 562.1586542451838118 562.738827025393481 572.060528777080069 574.2497776744514036 574.4286325295553759 578.9369115152666645 605.6656022321702654 608.9212642809841906 612.6505036480923996 623.1732393453808756 640.8069819392082005 656.8797924189267875 658.6915275298792374 682.207863289556482 684.9339803122737022 689.8017201883964795 693.718702948118282 694.1002729754156199 714.125996749446898 715.4744962533748955 735.7834000532360875 736.369509325035957 740.0499778934233326 750.9546086672290305 768.3448190248811639 770.2228608243186865 797.4765174749590615 803.6193516870762059 818.0952330936589672 823.4720530006540539 852.9295512801169884 863.8826064219804105 893.9891014786280642 901.3340116177930496 902.1023428353006821 903.9684818921708683 905.354694785135739 
131.6811685095379131 131.8022445965947591 132.5470458835147225 132.6894180081395641 135.3005349649741956 135.7025596852422928 139.267313080783117 144.0964781013888255 153.9835572865941372 157.1420536767726142 179.8438279794986034 183.956074058025624 187.3857329650026476 191.3474241327345929 234.9836727353629074 235.3901474167310207 240.6132679229449136 263.6378772578550845 266.9006258228828766 276.4177876195353117 292.1320726334756616 318.6199822464043875 318.8027360440040731 323.466831092481739 334.3325628910754371 337.531486937837098 369.2625386222762151 384.4463934462778097 429.7524083652004139 439.1090873475341776 451.7910490660723634 460.733357579196472 461.6059244863771165 463.3037328440886577 471.5437552610564109 472.8721933090586468 473.8317042708429679 473.9200281271832096 477.4088068884017629 478.3084275849966932 
40
-1979.701548095340286 -1951.109564628930684 -1895.597676383940325 -1818.699270719498145 -1716.055783911092021 -1635.314000338370761 -1629.023541607144807 -1393.978219690128753 -1143.544125746053851 -1101.686885416376754 -1035.370784056731281 -1028.592358029005482 -935.1498397507350546 -864.4996024139065867 -860.0755583843515524 -819.014976245664684 -769.4001092639655326 -697.691394480031704 -654.6633701851212663 -455.3919922825439244 -451.4960955262729385 -388.3387231814192546 -152.9732508261411112 -26.10643824459612006 251.5281793528347407 319.3319091849293727 398.7778011203117785 566.8302857150629279 659.527419995535638 819.9212128259719066 960.9108198718222411 1020.050359823008876 1128.794963840541641 1134.138644350207869 1234.931706926327479 1445.47561462574231 1529.943707231975168 1727.580248965831743 1807.922183411350034 1825.891639612818835 
-1796.328877506796061 -1588.973343366231347 -1474.937102428131766 -1465.994009860849246 -1423.955769552576157 -1263.038228920062011 -1206.201669044737855 -1143.182663049666644 -1139.847935294528043 -1041.481744080961562 -986.6978119573426511 -882.4988026191651898 -726.4712021996040221 -568.2834907101916997 -425.5697245712738095 -322.4605699892817938 -317.8552558089234026 -170.067926976597164 -29.06501030223853377 108.5078818344391038 142.9573003245318432 292.3076354255754268 293.0103219300026467 441.3669236463210837 474.4478659171418258 529.2096876071932456 581.682349703957243 678.6122848770328346 700.0982418710377715 840.6698252611959106 902.8699195469380356 931.1965604674551287 1252.66145064235161 1378.629775029202392 1440.147299495290554 1464.532588609401955 1744.329101634217295 1848.330590010116794 1903.272071868809235 1921.434657528819571 
39
-411.6358063722787768 -411.6267342480435739 -411.5839111287985983 -411.3176956689958743 -411.2921433902854974 -410.6101271808068539 -410.4891870191051297 -409.9865679497401766 -409.5490085142089035 -409.5269869512738848 -409.4824858922135292 -408.9905124755210642 -408.6239765823652709 -408.1267737928176959 -407.3215957661616847 -406.7742911907033601 -406.4293057766490154 -406.3155137359962317 -404.8321582316024221 -404.7593548365337969 -404.2644868227605794 -403.7244241002352397 -403.6051929199204925 -403.522695814414593 -403.0787183842202258 -402.8290522270389281 -401.9818454140386601 -397.057339646849789 -395.6708526343878784 -393.5241242835053704 -392.5875801433971346 -387.9604138244807926 -383.7468735569173394 -382.4127521881319325 -382.3470307979210883 -380.9511433715988897 -380.475820007879331 -379.0924326277103903 -378.108279920658393 
-371.7650064508702395 -362.8867574512282193 -361.1010458708474321 -357.8342036223994906 -352.1435201500244144 -349.4208433601718437 -346.6911607582970507 -344.8364668659412197 -343.3638722076840941 -341.002022457689327 -335.8044495693098422 -335.010782469698681 -322.7046664294558987 -319.9179971785314842 -317.6692157224468619 -313.1313862126579844 -312.8277543681720071 -303.2826854289219007 -301.101226254109682 -300.7910163047776645 -290.8768154172395299 -289.5280097676562611 -285.5567234232328097 -285.3747965678236696 -282.8974593122226248 -282.6241174167267376 -282.4363395414916818 -281.4440270610956885 -268.0856027995091512 -264.9876054372134822 -263.7136948445757705 -257.9993886316082061 -253.4889689469586173 -252.1761339550048168 -252.1127755321687074 -250.795105830834918 -250.3583209083107152 -249.1200783549433112 -248.2680279665207676 
40
-975.1925014236276184 -961.7786470034276363 -927.0660672949771879 -910.1753959189354646 -869.7209370972093438 -824.5373986437074336 -762.8167008010244672 -601.3361377717837968 -598.8729811544128552 -384.2500033912663184 -171.6914049083246709 -152.6395672490177731 -126.8795526805314466 -58.19615268047186873 37.33492795973825196 61.09707695395627525 76.54716034575403683 170.1239076761396518 175.2080982258569293 332.7477195908625163 454.2621469441619411 454.2621469441619411 454.2621469441619411 454.2621469441619411 454.2621469441619411 454.2621469441619411 454.2621469441619411 454.2621469441619411 454.2621469441619411 454.2621469441619411 454.2621469441619411 454.2621469441619411 454.2621469441619411 566.7684143612752905 619.5398806227433397 700.4354213998769865 714.1066369451282299 909.2983298447600191 910.0413621233892627 935.9870374462893778 
-691.560097425273464 -658.4951317858422036 -655.7220597581987268 -622.3531064535882396 -620.232455724628318 -612.9969645322230585 -600.0458782545144172 -571.8523866141564801 -563.6909646170012287 -535.2123576768769646 -531.8258416070434564 -510.9705148046301363 -496.928028157692101 -485.7992941434509031 -445.331313055275206 -417.355302528838088 -391.4269741780956109 -379.107584476983476 -378.6668975376676852 -376.9140276259017661 -373.2689434005433619 -326.0452410202168031 -305.1037367184511781 -265.5274193523293976 -242.5747829386650533 -229.4261140570664693 -201.4397750476087931 -173.7669935771730934 -159.5139288696080978 -151.0021029950988698 -150.7457789751882635 -139.9182598064925283 -114.8924593095944011 -97.99151934777748892 -58.95226168649735304 -47.92382788702409155 -40.48110966956338397 -14.06809425523487719 -8.562952032801678576 -3.59266718466969745 
23
665.439396350288409 667.4481172711046094 670.0127819113839645 671.4491950300840146 692.111774379132029 737.5270422215183681 737.5270422215183681 741.1974017251819577 792.8136974858270478 792.8136974858270478 792.8136974858270478 794.4719950186656012 794.4719950186656012 812.438870188062035 816.7577045249026703 820.7510158322241003 823.0638971253833375 825.499588146273985 860.3654693884176284 878.4141666454900592 885.4098289109433543 896.2723428224445348 900.2009953113443291 
817.6479345587422108 817.6479345587422108 817.6479345587422108 817.7831231257039038 817.7831231257039038 820.7779390914656624 823.1538414792818309 823.9334813650352225 825.3074969182285414 826.7976334830471546 826.7976334830471546 845.1528330509415916 860.8904356966976988 864.091323234111221 874.3482420539637999 941.3175106769460153 958.3730035965950867 960.1292632758725885 969.0424994514901307 973.6458358680927077 974.4683466598569515 1047.1875750309947 1050.069388758959393 
25
628.4726960478457657 629.7335829302526756 637.3666696936545328 647.7175534949087595 647.7175534949087595 649.0967392368087252 649.2946794777218664 651.5500404984308209 658.9080015992484325 666.6052318291941631 667.1245351592599613 669.1143043266491774 670.1141940373809744 677.5789829015193431 677.5789829015193431 679.6527554039593049 681.8177075821952156 681.8177075821952156 713.5410786753251161 714.325211427924539 734.4519902852847768 745.7027155082473682 746.1032767095992023 757.4290949918330429 771.3878101835093862 
565.0189466389705802 566.3987608532703732 570.9628619196998049 576.7676691632369542 579.0963537400115708 579.4487263668005199 592.0130567661263696 602.1112392152052317 641.0062922718142487 672.2925178971364429 683.6499471538286048 694.1135977724548667 694.1135977724548667 695.3885335859282991 697.0948932962856434 701.822249590957553 705.818281393964822 706.6083865750778464 709.2738085241455964 709.2738085241455964 709.2978274759732048 709.4894240383044713 709.7641679997333589 710.2108312064455017 710.2108312064455017 
35
-633.5437338516622239 -631.0417098389014524 -628.1012379251100154 -627.4740715499848209 -611.3680853212228367 -607.8584672560872637 -597.3206447371930978 -575.4782748840290956 -567.3176227503032487 -494.0338504309697925 -472.6743815847930679 -431.8123904388156232 -68.43289150415621666 87.0450023826288479 221.4053991489152146 299.2809694727518538 427.8134527038952228 459.628709237338361 500.7485018063384407 552.0175668407129755 612.4070342568077227 885.9270211161834095 973.0610609557539104 1064.372910222266144 1085.67513579383647 1172.581725172545181 1211.199595240349863 1231.896483172768506 1253.59043846716161 1268.728101601723992 1284.185973803821728 1286.805670740461998 1323.686069751328986 1358.601743219333881 1358.973044401268667 
-924.8679330005844577 -920.3769214978806303 -919.7636211406783104 -647.458802468551994 -482.2268382478368949 -395.8208807916286105 -343.5070299510023233 -269.956987418661015 -220.7311584024923832 -171.4804862297276031 -136.9567439358161209 -43.24150406833814486 56.63676948210309092 91.7842204785076774 163.5863030608722966 240.4422863192089608 249.0738858788731704 334.5154097274084961 334.5154097274084961 334.5154097274084961 334.5154097274084961 334.5154097274084961 334.5154097274084961 334.5154097274084961 334.5154097274084961 334.5154097274084961 334.5154097274084961 334.5154097274084961 432.6513091148615331 463.4490644296231494 577.4233747591943029 595.7288429182278833 710.5042281282981094 752.1637780353842118 874.7140707365920207 
29
-230.0891792275539274 -211.8686552263359443 -210.2992687649115977 -209.2750123635147773 -190.6378585467159993 -175.4850362956569007 -162.1213744153992853 -156.9313798543745834 -154.6760311994476947 -145.4321824282827916 -87.00767214424075302 -44.21426345092250464 52.58327963638417965 87.45093495185096494 91.23751269311799729 109.9195916976397588 158.352046676519609 250.7779125477761181 272.795034663057136 280.6115999480889862 335.2074855969675528 350.3658102721305856 420.0841190675286274 423.6909464550751955 498.2265539883468949 502.9894083056633639 544.8225672305890463 559.5404411335631553 589.2578999951506048 
-881.5145500576883481 -880.4548771872190558 -868.4576743310197104 -833.6558375741764093 -815.9605430703037006 -770.6452059740520099 -709.2540919446063427 -694.4952709069077414 -690.6739242050477522 -689.6257002380498544 -681.5057562334029673 -627.1930422603414854 -531.9258534332625757 -447.371213431776985 -424.2583897201645563 -346.7984205693843549 -337.3781398994390144 -309.0297806758385714 -250.8166926645488168 -198.3416199038252618 -184.1556444824812018 -132.6170844266516889 -95.17684086381427383 -90.02037025206227122 -77.81682549731743043 -75.40232110685132527 -73.94957134525513909 -70.68280032318542189 -69.88250291341810169 
39
-884.4556008196500942 -884.3577017839342114 -883.5081680308196441 -878.7057031550584701 -878.7057031550584701 -878.3929140133927007 -874.6511141671608863 -874.1636006447222885 -867.782195990012884 -844.6400939526686724 -830.6040686557431618 -827.2776936807773204 -821.156433275298124 -812.7410568731085245 -780.2204202152021839 -746.5900271739363914 -740.7487783047836198 -709.0251135661789562 -652.7884105980698597 -598.1481335627315779 -589.3158439584044268 -576.7882136987351351 -569.0456208348702575 -553.6051466161922998 -553.5807457302414015 -532.1178823635620181 -456.5423871129410032 -455.7379605501712036 -382.0805097226476121 -345.7572355231742443 -344.2186131892554177 -320.3018515650682374 -319.1587224041478943 -313.5164399406906404 -292.0652228764458322 -277.001520386131123 -275.6331848066561453 -274.0417696998480974 -266.1337861295646236 
-502.4535078930771596 -501.7165152726535619 -478.8889036053389501 -450.5296756298405364 -424.6230782591815628 -391.1006338516373599 -344.8515425959154462 -271.3848277191282658 -270.2908858400667073 -265.0334288380321455 -252.3929046827533056 -212.1398324158176837 -194.3792668025033491 -185.0953429849525069 -168.7640450192144474 -132.0294252772272541 -113.8431221886042945 -109.5639322391947379 -92.78394855698616473 -67.6501569621730995 -27.4976765290811184 -18.90257918715379404 -18.55450323326414964 -17.2344617412714239 -13.77768965145271637 -5.458853547423320754 13.16649280926471258 14.87598752762596867 48.96433936985352672 48.96433936985352672 68.32740718500002505 85.92999155547247356 92.55426314770821816 106.5223437945643557 113.4731558270280325 115.5916965313957565 115.7182072768765028 116.1273651220831782 116.4013843283849639 
27
133.6736519952798029 136.0986150488974439 193.1633556348397581 199.489049954363129 224.7117952622674277 261.0974662716043133 281.1145960720014571 322.1386249248439304 342.3622679560291329 449.9653773945889904 473.1164436128156378 550.9651607102701975 731.0643104680418629 762.0287233676309757 799.5201494754757047 946.118247178790949 961.6400127581225321 1100.590619848265357 1119.659061483824113 1192.598841828139179 1242.466625057787949 1243.402213335714179 1277.630145226690998 1395.050697799019146 1398.863986341259005 1413.676945569328224 1822.085758580913989 
-257.2187231195511445 -217.8459822717786109 -170.4825241448457721 -92.25909054367869544 -13.60772416070264654 146.6169384245881702 219.0980598787428437 289.5589512777272019 307.0002945275654777 455.3460572724199427 540.0764604038035237 667.9405595140715035 680.6380804774474009 725.4053437435690319 778.2721918194258579 803.1572798009408636 827.2952302916647682 828.292669421982598 847.284860270320323 875.9529057743834556 930.107380929299395 941.8175537202821404 957.2700980564413952 1003.078791807788361 1007.619210645684015 1029.945977569039686 1030.766117313211268 
39
599.1568281780109737 599.1568281780109737 600.977812075739373 631.9149770013170347 639.1513434069379432 646.6879333824725412 663.8440327856778742 668.1657568072354028 690.704544822532547 772.2169476933170046 785.5489718496583398 824.9608316249556796 824.9608316249556796 858.7926498129978536 931.2792199320110669 931.2792199320110669 937.4206421243787282 977.2208366992537591 1013.847240526654841 1050.639449787506588 1078.50166933981249 1163.761897766212687 1168.337147326716775 1176.547791423454331 1184.662910080025506 1192.765439288238126 1207.563494790499002 1260.007772184065679 1277.17435376672144 1277.17435376672144 1282.950223906864288 1282.950223906864288 1305.979615291758292 1308.453573157803908 1308.453573157803908 1309.663129838321283 1314.060288612644316 1318.981234699424504 1322.693568871192626 
108.7469382912280912 109.0920485688217315 109.0920485688217315 112.6209461180571727 121.5802724562267719 132.7780757130045193 132.7780757130045193 158.1318712333267374 172.0153385400812333 187.3895224061515655 193.9931582948709173 254.5237737657353172 268.2719722826226814 279.4070329499892986 305.0885075405046683 369.9734635319266207 369.9734635319266207 386.6915114301585274 415.6723237152547443 446.3922889046035836 555.6129755575726802 555.6129755575726802 559.0127237013686841 575.8905560521237088 587.9752873803990517 643.2457695840594025 643.2457695840594025 653.9932139437964269 653.9932139437964269 658.0912858381115847 701.1083090183337101 727.2635883350841303 742.8957306980440684 768.8519265360544888 774.8112699810882363 799.275704291977636 821.1033542101350989 829.6573570241570555 841.2879143420455781 
33
-442.4209259756429704 -442.1154239475375224 -442.1154239475375224 -439.3394590124355891 -439.3394590124355891 -435.2401966907464221 -424.5323606393675303 -390.5512876758403426 -384.4749958343622685 -344.8424554067170411 -338.0126024561525716 -324.4707428113065493 -324.4707428113065493 -294.2800498673070298 -294.2800498673070298 -269.1315736027225601 -269.1315736027225601 -225.9300660399515833 -211.1293063227262735 -81.56312939295211847 -81.56312939295211847 -81.56312939295211847 -62.64172754480119754 -9.776304505023726284 89.15647583270463124 129.5708439062729396 138.068757924952063 189.1003356398503437 194.642479269409361 231.4891588641667906 238.6384820063077308 251.9728151633447968 252.2531176728767797 
-1315.19909541159588 -1315.19909541159588 -1315.19909541159588 -1295.477855067092154 -1262.642416761774953 -1209.467407371437219 -1086.880572384683051 -1078.164352845132368 -1038.458284837080687 -1014.455336758699723 -1014.455336758699723 -983.4481003383037712 -983.4481003383037712 -973.1440782038976007 -956.0403339173621114 -949.6253739095356324 -870.9787411395436524 -785.3057261447593395 -776.0755472874527765 -775.8230291293023995 -767.9631018145267597 -719.6602400060977833 -710.3049953420495547 -707.0959188897800886 -707.0959188897800886 -702.8666422089340323 -683.3682676312694924 -683.3682676312694924 -667.3241672149545332 -667.3241672149545332 -646.1536404538418211 -631.1548084467872836 -622.0510101907274984 
20
-446.8901731624576019 -415.0258894479606984 -369.4292422579186375 -294.9659606284840613 -236.1320275653441478 -226.9227308116226192 -226.9227308116226192 -217.1711310380549098 -92.06393484185056746 -76.03702824481891975 -39.1951850470840645 49.43289412501822017 160.9221975735336168 162.1669264973012449 191.5922728399517608 267.5504026602004405 358.1823529428894295 391.1520076104690581 403.7250004545769228 457.112453809269087 
-814.3447201893675562 -813.4573584943717752 -810.9060971697034991 -786.0090645642613828 -785.5224119853245891 -765.1959890412415124 -765.1959890412415124 -760.2888366531817114 -722.1503134425441903 -587.6187550251272472 -572.3330432755351692 -523.2677877180958202 -285.7683750890331675 -99.97687722999683672 -53.08655802363941598 -42.4446253916173038 33.66931893194975559 76.11166239819833396 78.79797078447465047 123.203144994820722 
29
-942.7609498403497589 -942.703052231027728 -941.5151607006212233 -940.298498729224665 -937.7910605103371254 -937.6695570554791989 -933.759870158612556 -933.3965212869101726 -931.7471593249475664 -931.173601403498889 -930.6962395526138794 -929.0348527259229036 -921.3056027244719431 -919.1483659878636899 -915.7102154517243591 -914.5947306057615764 -912.929032078013674 -912.246485038455761 -910.2885836102856341 -909.8665819094351059 -903.8917112331128522 -903.7354162006156477 -903.5858090827008791 -899.7429840446232427 -896.5314551823975347 -896.32369244827629 -895.5106983362714951 -895.3299815436394339 -895.2888846351508625 
594.4226214593477679 594.6053625207085593 595.8453913212555825 596.0160027473113192 597.8946427445895943 599.0406847154538884 603.2296546900389494 604.0041864217314421 610.7542745675177712 614.1311282557258593 619.4603848491628179 620.1209595418340002 620.2092478712115998 620.5388358550390185 625.7319467049691414 625.8663813156159 628.6343506197838366 632.61545435900404 636.1416145805254838 636.2676748015409535 636.3971484681630258 636.6778396535621887 638.4577342365182616 638.7343541387512772 639.5874313430829285 640.8277352553309514 641.0186622051216211 641.6938738348162286 641.8053239582436006 
34
-1921.053733886747978 -1777.639675335449283 -1625.850376849725308 -1390.811110453048968 -1179.398174897511581 -1128.790432335644709 -1035.952478053360664 -723.1170454310597506 -719.0249153506697439 -703.785135377415827 -633.9120670789050109 -619.9034445107258762 -362.3743317646487867 -342.1756405575804365 -332.2845233136890783 -67.06049555039203369 -59.65078989354151418 -40.25701431689185483 0.8301938253173375415 10.80269709788080945 92.314342787275109 369.8610442184817657 482.3002846024646715 512.4345472766258354 611.6762357029201667 691.2718595976652978 1012.948423391534106 1062.173020056147834 1142.140837978254694 1265.599388925909807 1329.32811509123394 1371.541178295869031 1410.780966611635449 1727.879419389222221 
-1942.476768633725897 -1890.269969767036173 -1803.430019998271291 -1718.046175866173144 -1675.171160613002485 -1659.32093858240296 -1626.452909639098834 -1522.618717437254872 -1465.655002685874933 -1460.217904968751554 -1348.88139669393172 -1203.101398941209027 -1138.256295780483015 -1033.269290917856779 -354.6205550509830573 130.3245646615773694 208.9538026414106753 247.6868142119014919 281.0268285914726221 512.0964629917316415 526.5300747122969369 608.3944406320370035 657.4331588626669145 822.7312993793002533 969.1153662088854617 988.6841298688309507 1028.346879213981083 1062.47075673539166 1320.908721817128935 1494.819237677063029 1600.691311816027792 1762.697858009321408 1768.764621710511619 1963.764326621377222 
23
-479.3195326010759143 -479.0102968408865628 -476.8226492585801035 -465.2520392862585538 -447.050962939857107 -430.9600600447189359 -430.1884256974236604 -389.5962148780916415 -361.8412695178932752 -353.6595155963572781 -250.6937360875339552 -218.6014805564118375 -35.82284502289652216 -5.663536781000557227 245.0042784231638336 252.8495184788468115 274.9387212259770572 319.899637136530541 343.1469111902715153 349.0595775119531266 369.4057324781412977 371.4231938215562841 709.943297259080623 
-1160.67092924297354 -1032.670156468109745 -1031.633923253516849 -1007.78963245806793 -940.9438086092089236 -890.5170778492265117 -874.1253285745392788 -782.2472623681276218 -779.4091029640714856 -747.5091162387864906 -736.5052551030408087 -719.2017106400098247 -691.0091990109108626 -629.1014771150036147 -575.2177262854105928 -540.7989826732064627 -539.3309372978913251 -476.5381315313107214 -436.0210225591904889 -435.372226013071376 -360.7749977963178895 -345.7074042219537299 -312.9626850021532607 
22
209.0883303222652377 318.8192707558403904 325.5091822300513089 658.7064964631640667 886.4122085347861166 886.4122085347861166 952.9143277397849321 1023.646243242550796 1283.728505364479486 1330.225070063989449 1341.043454286195856 1397.280369841142175 1475.701446008726999 1479.942459361146001 1629.541317650599489 1642.539540425591483 1703.796382273525141 1778.379504883243784 1804.515133772323834 1811.752379075989061 1816.193920803459762 1822.841278110351951 
109.8114294035615938 111.7321911647004803 157.7507410768786946 198.7728796449130942 204.1458143080141052 235.1917447542514739 288.2616365283130814 291.4984800573389482 365.4978483502979613 372.227723559235832 437.8354913855588776 508.7173938667114428 545.8395626490326618 545.8395626490326618 710.950540606288383 807.6904413900009685 877.0993486724108946 962.0675385786051467 1129.485389619922847 1521.588222932855815 1798.272054166583117 1862.695701677801744 
25
-672.7924570549827745 -672.292107785070696 -670.3200139249487043 -650.6668017272929241 -649.8631178786950224 -632.3796315336029241 -631.8320511393971434 -563.832879362284589 -516.977540183035101 -285.43856257605256 -151.892878343213128 -139.828477157780772 31.57245928383805514 130.5005403865114856 285.6554128286072338 497.6137588935490861 532.2746064901283281 539.9179351491915728 738.2964111832782866 881.7567369629648776 917.3997942288135946 1050.246474454045733 1107.95116566355921 1122.234241477828336 1290.789635980950382 
-1456.386193389351327 -1386.402372378838677 -1372.705422864017528 -1302.251135682355506 -1280.444257225994707 -1275.854611653966084 -1080.066258300573398 -1029.025281495344815 -704.9901743043955492 -530.3628490230550504 -485.7372751084616443 -426.3220856764914039 -371.1387862496031831 -285.3204459863901047 -217.4092819139524742 -215.5643723722915772 -46.35854714892481857 66.07509248614997904 157.5084058005386899 372.3608163612189012 447.8344599372609389 464.1619344871507691 471.4169439790265571 471.8176116273213218 488.4774938632077342 
28
-1610.9122906905366 -1591.583859052740736 -1566.632304816596707 -1509.859339353933059 -1231.923888508411266 -1131.010090772183404 -1007.125271864818875 -967.1055577000041772 -962.6289132454319543 -959.664370923403155 -922.7409674715275488 -752.1792574666358172 -749.9986175507683062 -406.9049049054531959 -389.5678928785283865 -368.924488253694649 -279.9176551198915182 -208.7262880570597017 -87.89322995820764752 67.56362750895348239 150.2330077312225527 295.6401913402478665 392.6197535758517225 419.4234966921276815 431.1385984254985851 437.3235280744752209 450.8092133228200399 477.4330995223229918 
-1562.774528122877973 -1560.14863462627427 -1547.278440519783404 -1494.50925790203796 -1388.871850382206813 -1175.680388142903097 -1138.118441042460355 -1011.160419606951263 -922.2620201422088209 -707.2867266179950135 -681.5064384477523259 -631.8949467561430789 -615.5371756463709204 -614.4502300824414955 -614.2632280293541581 -601.4552046943659607 -570.1781601549362814 -563.535848793091887 -379.5989524496122746 -367.7030053693329361 -169.8482560778539865 74.84784419964966357 80.20559938617957021 165.2120950476726509 240.3179432200183143 344.7893434576132183 610.7247357488494255 614.7054121369553014 
26
224.096106186000412 230.6032869811066874 233.9677923465213711 235.1584828337141202 244.718883703518312 254.4553125454971691 256.4091803480771908 275.0501983748982807 288.5494026739726019 299.4378494340336874 362.3127258911123184 368.5824271697990805 373.1226031788445222 378.5415760760476573 412.6673501681372674 450.9703445617676765 459.8625944566545932 496.0315713762802041 498.2756710632236524 528.613964181398482 564.0961904559156229 567.5645185779182217 573.1479295591020985 583.2263080742998547 583.9000378852578453 589.0699738764398582 
343.8402188680600078 344.7099957789110715 346.9468495453695116 347.761503935181803 350.2947644830680989 366.0141035236510059 367.3119940062225224 375.2058806635215201 433.4222691950657199 435.4892392180379078 439.6575923540144948 455.0345640101459416 457.9542947442439892 491.9997755667846149 526.6919361983615464 569.3244792609116369 572.0175745642967725 584.8899019084055075 600.8899715820689415 631.9175676542938406 634.6416235783762814 656.3659584253978683 662.3884962815258404 668.5534722165239842 706.4327975943754707 709.9115162244469678 
21
-500.4778935433504501 -498.7683698597303306 -482.227534869574355 -428.9868305769556814 -276.4082374927530243 -245.9427378062160877 -233.0076377143125321 28.83375778307623341 367.505222105783814 373.0669145943971477 600.7332956580570958 631.8987419822037961 709.9458194176826567 713.2501194550997551 1102.935014184843183 1105.061432138899705 1105.061432138899705 1225.794466416677214 1234.787995568919443 1243.676974145403698 1254.352180237269407 
-310.4993942728969768 -310.4568395669660341 -244.8914566876515152 -238.481796126178904 -63.80213858254546722 -51.03155382602010282 -18.72888889547092811 77.15593589187670462 220.0044884344718156 344.3599095164191169 382.0124037456448715 388.8183527069545477 429.5529971360738783 559.7059988460790427 583.547143047027872 622.2305935450583887 1059.989869358955887 1059.989869358955887 1377.528539458383298 1406.670939979465266 1415.506964334467484 
22
-1864.292723099451905 -1536.995729519730276 -1368.981920546554193 -1195.667099708414526 -997.9885396057985645 -867.4452308120849011 -448.9643209433584161 -109.173104798131817 -74.91415150232819542 55.21068600450371378 91.87366649095565663 170.4625943229593759 190.5720221656629292 395.5040258282147079 407.845030602398765 459.1826646954141324 680.3400096015579948 980.6316714836775645 1103.158859318852592 1326.741104003313012 1339.277910467764741 1518.552343863068018 
-1463.985555109056349 -1430.858375478466542 -1391.510411226930728 -869.5547547808259878 -697.1049773848324094 -636.6834755687289089 -489.798501446075079 -477.997196843852862 -452.1249092313225901 -441.0467523268614514 -188.4141664076614688 -61.10786506654426375 364.144617064992417 674.1409768333205648 677.8001501543353697 1031.764322977631309 1039.926276227311519 1106.820897686230182 1359.630865139092748 1416.033743705140751 1745.878854750798837 1941.038279383547888 
34
-647.9770731176993911 -637.6687411998145726 -637.1419091638011816 -603.3419361849901683 -535.7658599430393647 -512.7786252997211998 -512.5655521826500238 -417.1854359256349852 -371.8909794452938533 -319.6229572760969372 -268.0250445987264006 -241.7566158039337386 -229.6090769044345188 -219.2342574159678872 -210.5542723145933014 -158.4017288135041733 -122.0553903233791232 -106.0574468376426495 -10.21912216606499342 25.48826233968266883 29.80865696785951914 30.20892622687178508 231.6077328287867783 271.599478953578741 302.1405611678632536 324.6368489544827688 358.4906957847725351 370.7287788540722763 372.0028350351252861 377.3129655090561133 386.2403242339360412 393.232194536322666 397.2079969572765481 401.713667141640005 
-1482.061158008360286 -1481.819531809013672 -1474.554226564607017 -1472.996947977403659 -1470.937502616541252 -1468.248668133333402 -1461.388000830178889 -1460.962926862166659 -1459.560113402608204 -1443.530011169194482 -1308.182354813589475 -1305.026926182860937 -1280.866369725741332 -1267.199500972278202 -1168.25052533002076 -1140.278852617872756 -1136.835682348489301 -1121.610710727709492 -1062.626255942234714 -1060.048519367570014 -1005.642118027340752 -965.4055083713343284 -871.3631231152895249 -849.8108727483369533 -820.2350639680167759 -741.829422428172678 -678.0505977894619109 -603.5813647358491163 -566.5106980713458916 -520.5624000495848611 -493.0800896212643389 -452.3190725242818081 -441.9519668514820306 -431.1997911847090055 
34
-1095.805070087792094 -1095.261911771555148 -1091.439909852204803 -1069.767631716428658 -1068.276263158376918 -1047.403277633449284 -1046.853799601754829 -1038.429063890108081 -1003.988906169158167 -999.1064089138699608 -964.1828497720453645 -948.0450552933038955 -908.3242789546861652 -879.4840020516353742 -869.5243137913919025 -817.388280771050756 -702.668894432097441 -645.3897362733366662 -581.2210337111309855 -478.9707162943784639 -465.4247651458012852 -430.1234391401817678 -372.7390703842201708 -328.5208513231115237 -225.7255447917363776 -174.2413111207102586 -146.5176579283493347 -123.4291317394329408 -120.7250833721838621 -118.3906387070727703 -118.1625845447685932 -107.0678548128417183 -106.2319156037533803 -98.73723765178017714 
-1345.607546935939577 -1341.267694457806846 -1330.630331108720455 -1306.979436062083342 -1304.949161284221329 -1282.66773441148902 -1274.998278491171972 -1246.779640144493526 -1151.964479845184244 -1145.193004064674382 -1133.904282029462324 -1089.155683861378482 -1087.14966186667329 -1071.308324475407469 -1036.23184763193217 -1029.104682217580586 -1022.031769300113402 -1020.786451153982584 -986.5714783961357624 -951.0029296786325924 -926.5458674002628221 -891.9238525721361659 -883.8715266489854406 -744.105551018595861 -724.5315535601855809 -691.5257806363162825 -685.3251625658105605 -635.5464003560922439 -513.5171977244169689 -509.3048866580732553 -496.7210399112405803 -439.714876952105429 -363.3855188970535068 -353.0403587677538278 
36
55.86671420990023948 55.90349039774358189 56.93696942197336713 63.86000645346264779 66.46114091102641533 87.99351904466091065 94.48674580084614633 96.36625098820988311 99.12743028796492489 109.0689675343988821 257.1326869896028123 307.6931213950614653 350.9758695605324 358.3454911651075048 384.6074152550111559 450.9520881636778259 485.0625018645919945 517.2798044050004729 563.6495990974412066 592.9641510430513223 616.4048473866816645 648.0336987602351957 686.5035598376609437 689.2310229122689983 760.2525083170242242 761.1106572275091258 778.1038213579998077 806.0605118843009134 832.6842102456582216 836.4477246079589617 837.9460601244307852 843.0909150747380729 845.4916929690937898 848.4820897831621036 851.6500436546382949 855.0731742250808415 
-1313.470960106190226 -1311.953248438854127 -1308.164236060241363 -1302.977286652715937 -1301.194389013900385 -1287.679283426191702 -1287.432283125522582 -1235.377646820390819 -1111.214285386092402 -1106.370304030551292 -1090.644227140194165 -1039.550558835892393 -1030.742666203069872 -1025.921416185689764 -1003.2184803155704 -925.9813649238433421 -852.4585884808976657 -833.0358079924084173 -818.5912378245444484 -812.629422353507073 -808.5659090300907836 -808.4557387182745641 -784.2926382740816289 -773.9835786555842383 -714.0192848812111179 -713.0181237908637408 -688.515064154173993 -669.7658958679826824 -647.965838935007531 -646.9425598756052766 -578.6465847369712625 -554.1776432775233144 -551.335163587077739 -538.2473357397917195 -518.7810711356678989 -508.1487353020726027 
36
142.8724749758377162 158.2439946552621126 158.2439946552621126 160.4495377064748194 199.2320169158669649 199.2320169158669649 199.4048367173320671 199.5677972481805161 237.1843543903175299 237.1843543903175299 337.4691553745050559 339.8866381037938392 391.836235394957168 411.855764223815303 420.4755205945056892 472.1009566463429102 511.7748947649354945 537.6961231337209185 547.8020751363839623 566.9574128020605738 668.7393286047193136 751.7892306659406374 909.0771608712427061 996.3099031396355094 1013.364728019361483 1014.06777596618863 1032.647634873034656 1044.082519441567397 1084.240300125429447 1110.522213364666456 1164.347461659302108 1164.347461659302108 1168.729318012512165 1168.729318012512165 1219.031957192886863 1221.450914736488944 
-1090.794610757297736 -1088.805450295208188 -1000.188326485200992 -992.6279497997127375 -992.1400564704971805 -847.7134865956306981 -847.7134865956306981 -783.2992708006359922 -725.9430476285391155 -679.9073559122602814 -671.4167359599037953 -671.4167359599037953 -575.2225914958451293 -352.8416976899121174 -289.3772908075823821 -289.3772908075823821 -289.0287888219588874 -242.6279219139904129 -242.6279219139904129 -235.6966937350494528 -235.6966937350494528 -165.0618586245938342 -137.7027797839647645 -112.5223766998641592 -110.481760169739809 -102.2610804053346994 -93.35297258742203214 -68.01569731924175349 -59.25217307609137685 -54.20135122379816545 -28.04710260530710353 -22.5615874227498136 -12.27546738412871991 -3.817699948197325222 -0.8965474887642587709 4.078375041919134969 
29
-611.542510726067803 -606.2010367303188844 -603.0621766087179693 -596.4536168940358801 -568.6278806181521072 -534.4571592037488795 -180.4901878703637672 -165.6433092122782321 -33.56108981103943499 45.42978710245847634 130.4136098505195613 248.6063216404529271 332.3876742093811323 393.8111839640491248 605.7377559360891983 671.9068869297352674 736.7434145230632512 792.6425503592476901 881.4944096264420407 980.1101024113280019 982.8057970147844745 982.8057970147844745 983.0298069863417776 984.1119204732655517 984.1119204732655517 984.1119204732655517 984.1119204732655517 984.1119204732655517 984.2416926419985189 
-1599.811443449855204 -1598.748531856143852 -1523.185837143939729 -1493.028589716619479 -1447.367276266352901 -1391.876544575294607 -1332.887681010479148 -1205.850909899635141 -1157.803855654454773 -1074.377363080128576 -972.1959127798391033 -934.9978960821943589 -912.3723884746786152 -895.5398961188649352 -862.5811821021186481 -862.5811821021186481 -858.7559625761741816 -822.3552102811538953 -797.3575299525288085 -797.3575299525288085 -797.3575299525288085 -797.3575299525288085 -797.3575299525288085 -779.568139818401393 -97.33648586170984618 -46.50241873228433775 -43.23796069716480611 -18.17334933953280701 -17.65223511272735146 
27
-984.6857298462242625 -953.5552390145941217 -937.0108568390409118 -614.7090701573529259 -575.7604011643954891 -556.8186229684804402 -539.7843629515834891 -271.186888507373169 -154.157879512800605 -47.84625213922379317 -47.84625213922379317 -47.84625213922379317 -47.84625213922379317 -47.84625213922379317 -47.84625213922379317 -47.84625213922379317 -47.84625213922379317 -47.84625213922379317 57.89706822380139783 148.7300323842121088 149.9529216196174275 373.861192972250592 594.4417183222210497 640.0778970442142963 733.9688053093673261 851.4857377169544179 873.0418370127852086 
9.062841537975048822 10.22885611108601367 36.98589914632809239 62.46573122554534757 69.41789634520613039 86.07263858355556302 94.40827905867130709 210.3701620891096088 277.9093516422265324 320.6523638900631743 347.705141204464331 627.1578915506933493 650.9432789972243495 728.3697381919014147 801.3935518086163429 876.2418752715659638 895.0639366280496359 896.0976727132328853 1029.166519275169668 1030.605540629485866 1078.040379078529002 1352.748476797401554 1443.059449971725737 1476.581742416088348 1500.642912048503102 1505.945146732254642 1533.163218629914324 
22
-931.6067492411556051 -927.382227504850748 -921.8119336321553569 -779.8167618872972471 -752.5104016531189933 -629.6956612400603058 -599.4010259636511487 -477.6699416611535423 -417.6278159112120707 89.84980580914763365 94.17155671100211609 94.17155671100211609 119.6797319249859244 320.2962231683212822 573.2656982138024798 614.3105830490059259 649.7805610154121656 718.2764831131141448 730.4244788818448526 755.680269777798813 757.9429666445873626 762.9117521110819594 
-754.7607375256576625 -753.5944252840298964 -753.5944252840298964 -748.0674719374561834 -728.0788175535925467 -658.714781810517964 -655.5371971363681005 -544.9312442474025996 -442.5141245002856507 -383.360016851110104 -375.2292090197481526 -368.9379898172153884 -333.9744339484321844 -195.9800047375049804 -80.6509236790453103 350.049510339127133 371.5561287618597754 463.7042553233841067 688.3785016556539747 868.6588747412113601 972.7488333048955279 1046.25523373593875 
23
-1537.805230286358149 -1524.067040054692377 -1515.295150744477887 -1453.234738525396891 -1450.766318899641735 -1431.194100170081322 -1418.776331728317406 -1410.143395439358653 -1399.408459781009421 -1369.138015317916319 -1212.571426962854692 -1138.690818971441352 -1005.667015134782591 -915.8727808586154279 -841.4298316335250292 -833.4297015938137357 -831.8383040968837995 -754.3340466638960028 -731.3942079500481147 -727.6417985102263339 -711.6722441833980659 -586.9690554356093227 -495.6305904125542163 
-1334.193732470877699 -1314.646980143736783 -1303.027758621044213 -1291.005614765054832 -1288.904682433163967 -1279.519396992289745 -1211.892703160508743 -1181.167803981890522 -1174.893707471511115 -1169.015252795889438 -1142.871824395042241 -1111.467604268737494 -980.9824185866292482 -950.7325232402525128 -877.2271629769728949 -596.7880398024059159 -512.7722175856954028 -469.3106398014032197 -293.3067315780874924 -290.8760713225499399 -287.5117172386173324 -274.435165659919224 -268.6036940699413194 
20
-785.6773482569311264 -784.5613560911954562 -758.7961591953941623 -758.6230494019929844 -754.828504506034135 -750.5103016020870736 -711.544684867187235 -698.0440017080926828 -693.0028953854996555 -682.8276076918131218 -670.925648508532111 -668.477256454339422 -653.5763545114467013 -651.8891588636556328 -642.2344986325080159 -626.4760970757828201 -625.2892024595835549 -622.822019571094442 -621.5022208222946554 -620.8724684104546815 
336.6374916015154579 338.9633150102905743 342.8954884461449579 343.9602084192930933 357.7107866418250393 386.5640611496883579 389.4238381874179725 404.8692934545332656 431.761199375868165 437.9336253479882847 438.220365382142347 443.3529694021730647 477.2837112023489962 482.134196257769566 485.4803470227883981 486.0420445162940311 487.3139880870135285 488.6778054922805212 502.9091528414295763 503.0714035398298512 
31
-914.7562645231802207 -764.8790774336418963 -688.1144510378383075 -665.7312427949123048 -644.118979509776068 -623.3038506058449002 -623.3038506058449002 -623.3038506058449002 -623.3038506058449002 -623.3038506058449002 -623.3038506058449002 -623.3038506058449002 -623.3038506058449002 -623.3038506058449002 -623.3038506058449002 -549.3882992508694088 -432.0078303260494295 -411.3218632191388906 -354.2318947004613392 -332.9556412206035247 -233.100101041611083 7.990144604877968959 103.1010874996725306 300.4842724723296215 314.5412421854257445 373.4436055758251314 411.6520087769097245 558.8496296490052373 846.1871933178713334 906.2321470606966614 929.6188955874372368 
-604.4889041867580743 -604.4611227280434847 -604.2404476120966902 -603.9403703592443555 -603.6974331491108524 -603.5374522989275633 -602.703440053362366 -602.6501750902960642 -602.1991222404688616 -601.7185012008651805 -601.6152906289548942 -601.4475299203789821 -601.0784415562476434 -601.0063566205512486 -600.8109966530241689 -599.5899945930417452 -599.5893842632306187 -598.2425657926369461 -596.762849390108243 -596.4363727493854235 -596.3608117311586751 -594.2048944173177498 -587.6787708275178396 -587.6255862583914032 -587.3006930406484283 -586.7005969318120073 -586.5948367745550053 -585.9251198836662927 -585.630657166435987 -585.5767916232942951 -585.4927510034363369 
31
-711.2740460861130947 -573.0485476005265135 -527.0230738245644563 -458.4748742882804545 -453.7852425974748423 -453.7852425974748423 -356.723815144579245 -267.691978065699252 -131.0688384822091271 31.16170929718888916 31.16170929718888916 115.7857557309464298 249.1176960949695931 306.8440991542711315 366.4410191924832267 492.6717786724100913 529.8925306070319892 538.5516824248804136 569.5539094420132991 803.8529733491770398 807.9294960741374868 808.8922567978489512 826.130953476964377 903.2229109008452333 1005.530630046288587 1017.78199800824054 1021.56186881732529 1021.56186881732529 1080.114401999470725 1080.114401999470725 1093.54241059065157 
-1197.676712314874853 -1192.528894889563873 -1192.528894889563873 -1190.67818512340496 -1181.838027268502641 -1168.896078376142181 -1161.25580914932804 -1111.9457293183604 -1111.128910621772516 -1092.88989837761368 -1064.873243655774453 -999.6287958033339502 -999.6287958033339502 -996.0225971975481084 -891.612637690957503 -701.7781396326074043 -642.6441130674117962 -615.4321024762195719 -411.726443821384133 -411.726443821384133 -153.6258629314863794 140.5555414474266752 140.5555414474266752 346.7234536410264047 437.1091556045273676 454.5179515379705827 455.4645069550171896 459.4432418629864589 471.6649197786668755 641.9741656285353084 661.8630783919584564 
35
-1218.993038741897144 -1218.862215452834903 -1218.862215452834903 -1174.936467893190105 -1170.554405378108009 -1092.146977876221611 -1081.086718351828612 -1075.150676846994054 -1037.487112344209412 -1004.591170072421233 -989.3386020535921178 -891.5087311995861454 -891.5087311995861454 -839.3357477919261168 -815.4070826933449008 -679.4793506400131433 -623.718283558120921 -596.731746562574766 -420.7168352619547694 -396.0242732314633556 -240.1380122753649039 -137.9904808705698618 -37.23467728567681861 -30.3473099742628572 1.611149778561306312 188.5922012556420165 276.4787566086133752 380.0409086286746736 436.3824461671929111 544.0253613047261699 558.1361208742505065 565.2994677107910095 566.4634283145789014 567.5737956327875444 568.9949765481981829 
-229.9907156544130744 -191.7317000215989966 -186.4491419776807229 -184.0763135950607437 -182.6460810920089525 -71.78417700918798305 -71.2617653446340496 -31.63060110601346508 -31.63060110601346508 -1.444129356506493544 61.71975401730884653 200.9024665204457749 369.6161532431518806 382.7040724120192043 450.0477379954657347 520.8755128713436657 578.44088827413175 652.3833853834499389 667.8407648006591696 677.1863520672718498 677.1863520672718498 710.9612623598481697 727.6608224103735487 1128.595562911229508 1137.093182977490318 1146.373306152411248 1200.043651619978198 1209.729340741135331 1240.896610827802904 1407.519848670142832 1480.749304526945717 1492.232051624999994 1534.249661519299512 1548.888811021415814 1551.201763644783695 
31
-579.0731706910984826 -568.9634869305512236 -547.3057094343004243 -517.4151970453915746 -483.3469497030658635 -469.7009597955600034 -420.1042479670180901 -323.7570696322161887 -290.6833016804393416 -274.9582164731583828 -264.816290058143978 -257.7328284472726065 -214.4878235297755825 -205.7564409946082902 -200.1118123247468303 -153.2557241222051858 -28.75531036555918913 -19.04058395139924335 -7.377492868446122579 17.97496324456609419 111.1916623104287457 156.2670866045731281 226.654751591021799 238.5708769511941196 321.2663198168782325 452.3142516352357203 620.2400470614875282 672.7322229344302998 731.7496183946452948 732.288593697953723 733.1117234157141277 
-642.3421658980722963 -638.4345465167721737 -637.7933316662256047 -636.1771410481894849 -601.5781104102727814 -547.3517011270294817 -530.7596701048032631 -415.9319424751648306 -355.9248028666851442 -350.7905824797791224 -266.4009308629544429 -263.5918353715132009 -107.1828455675415657 -25.01414111129200469 52.36032981850515303 64.50710322995345072 71.07053284655237779 219.4178416668277143 357.4609213080766565 534.9106253928038998 553.53064882989364 569.0491170737563052 579.6041390115632957 603.0576858349252183 607.2983259570059248 609.9556627614317255 624.1541391406286367 651.0627600390287597 653.9668458862166778 662.6678062281242111 668.5763160574500395 
35
-72.54013122697025989 -72.18110610691530404 -57.24264982233897425 -21.43896118369289416 6.308370697472761413 49.85995932353707277 61.29181058150648465 95.36347077141435663 143.4749098607601671 149.6355172318961985 249.2395270039638959 249.9611710210611205 326.4804430400456046 408.5806124849036678 412.7062964934403917 609.4931792721508463 625.2953807919392994 644.5535436448951189 750.3280685849481146 812.9740560847543797 930.7806065386268534 972.1699744128715447 997.7820773387016163 1045.075532476952354 1047.16075834437953 1092.125139084321838 1136.577745971810247 1201.890392058177803 1252.111239860395477 1287.825371078359657 1367.447494196744792 1393.947602369392268 1442.147538398937743 1456.112743071091813 1456.505507455623514 
-198.0014852596190446 -147.8748990847342313 -137.7539166049513145 -59.87741036739654849 -7.525764347218915518 25.08313525446884124 31.3546521537421885 85.84891641351466296 131.7564825734816865 201.8529780622935349 225.5743259322688264 256.0863539707358501 410.4323825698008062 498.5611308569526096 529.6014572688255582 591.5233755673427449 626.7618171318168572 724.7909499355494148 841.2827405272702123 981.0842102858155461 1047.636467635823075 1073.034517422633598 1088.593165952597662 1189.365137220863311 1189.494968153516301 1218.799897003214516 1237.620692765522867 1244.209348595429129 1245.292585143748005 1278.3157136617767 1293.159024612492106 1321.545707698527208 1326.434037105263651 1328.851212293868553 1329.465906916146312 
23
-1962.327326718190519 -1901.619055844538762 -1783.832241034141121 -1445.627855860083535 -1393.975696882499405 -1302.450516051819652 -1298.097909403766177 -1278.157181677947 -1277.895720280812267 -1265.265716625903216 -1234.120127853177478 -1208.412608059058834 -544.2149806993533676 -482.8996103614339023 -86.85782143060864047 -84.67976521302753982 -53.60343920720892852 -52.32313033964976859 -33.60140981017534051 -27.30205950149931382 203.8690119883149724 415.0754972609034143 564.9010264639134623 
-944.8096053550984739 -927.178696855908751 -890.6664213962320053 -865.9728676965407513 -817.2502346757067392 -420.587856803039673 -388.6824071029864693 -368.0829708136895889 -230.4455426080820262 -149.3853067148012329 29.24774991329593082 51.33785361965180093 121.8579651617208608 216.3643138092270512 217.4977018306942553 266.3073553728666893 339.0225792325011769 357.6385452523763237 577.9555091383653763 626.4377323586937458 825.4047044873010133 860.7749370544934627 931.8266642536758526 
21
368.9793815211416798 388.4073647903538027 403.150943551985007 418.6816740707832838 439.2713233078662675 457.1810962464937893 458.1865500386142713 579.2413408802146755 687.9315336035234792 714.2417198557143139 766.2602210045029144 816.6777292026616307 838.2874389509046649 939.1539682354842926 968.9126056249947421 1094.830341498681552 1101.299192331661662 1152.437233011146695 1212.539288686527507 1214.851697352527244 1214.866686791858845 
-986.0748466557404658 -980.441417154136351 -857.1689943100679268 -833.3784634090791192 -789.7321504515408157 -774.5153632197008259 -706.7416655587391064 -564.2326572827133292 -562.8106191778236901 -523.4304595836535088 -510.8376589674583071 -392.2908598224853718 -328.1765445949339506 -303.8836019461204576 -272.0196673452133588 -199.0736089371334958 -182.6220375201559666 -170.1570810278897041 -145.8694305594492594 -143.9549632630627869 -143.7803430887650025 
27
262.2198999707612593 264.3735994796376353 266.6263352526031606 268.4490727779675557 269.1381041431928062 274.8364871106382982 285.0134975415840989 286.6006338077008564 297.8073397875464141 297.8073397875464141 317.9652584558992174 335.1723525241198529 340.6792967414439016 340.6792967414439016 382.0183000325523035 385.1803393859454109 395.2648407916938987 402.0560204464503656 405.5652972878435902 405.5652972878435902 459.8847076758544729 467.4728851175668408 469.6690241801151929 473.3793035516482727 481.5259749441646771 481.5259749441646771 481.7010684279376777 
-461.6079626074120255 -461.2728257901357945 -457.881572699939756 -457.5143845638097994 -457.5143845638097994 -455.7207606214029309 -421.4350059872083856 -418.2612251563437074 -406.7649523857909906 -403.7061269627586081 -391.1625099199913555 -389.3025102901588964 -383.7909197758304383 -375.0397420454443018 -360.9413303405592579 -344.0878928179399311 -341.1219204351006133 -341.1219204351006133 -309.1454948240814921 -301.2552119110332272 -284.5639547975856262 -270.699809513818008 -270.699809513818008 -256.1119480396420857 -247.1780432329717 -247.1780432329717 -244.4220329926838324 
34
-116.007716017009073 -112.633755645960677 -64.56437244250424945 -61.37676586217727259 -61.18959022235791062 -47.68848930878583242 -12.69142682214379492 -8.780335398687758086 2.997827594121375949 2.997827594121375949 54.02645456390319728 54.02645456390319728 56.40197499584400864 149.4717490284560957 162.7325142982334023 175.8853077146956444 288.2159809627379907 429.9900133116515245 429.9900133116515245 458.9732623946641142 697.3511496116907614 886.7275908035430773 1044.226051974662557 1100.131258296680374 1100.31602422844011 1264.364918629393572 1299.812091542957372 1370.602574055189588 1443.873774596608538 1540.40634662215129 1772.653805791929969 1777.922758275520958 1828.08330072434285 1828.08330072434285 
-678.1061990043378914 -672.7426865020315091 -659.9377444885973918 -601.2087348983173005 -592.824724953393546 -592.824724953393546 -400.4942053802303407 -386.7364669367487799 -268.4475326350437836 -268.4475326350437836 -77.33123362175003226 -27.4032854425128844 291.4026511499496716 291.4026511499496716 296.9736877857985589 363.4791253668591512 593.4346249819617053 602.6737915254096457 603.2070984410863421 604.7282178390562578 717.3821303213374235 725.0823461992312022 747.3061789950165851 747.3061789950165851 833.8988669797884986 971.392722587224574 975.6208779152455727 1055.247107737327376 1070.097881396202216 1105.765633058176014 1145.919063322312461 1168.36910489634723 1221.985699902267514 1252.653216873947647 
40
-280.6852101870520833 -280.6234496475382268 -275.3939607761592871 -272.9409189011335589 -264.961996793410349 -257.9034188965106056 -255.388501070910481 -252.8101520648923164 -252.1972824875541026 -249.191904300346228 -246.3322305166467601 -245.4730049667392896 -242.6074854313827246 -239.8390354706290119 -238.480918367255846 -230.52894798708516 -220.6363503092282943 -218.7331488621705453 -214.941645479723446 -212.4200065948478955 -211.8040829623402329 -207.2551526705873809 -205.734691407845825 -196.7366138085827532 -189.1595838680395909 -185.3226711637316508 -178.9851818158080378 -173.0739083205806553 -167.8467242211048932 -162.4996448492591014 -158.3554793329316024 -158.2418046395506399 -146.1045110422342656 -145.6130261827366441 -142.7970296711428967 -137.7297652060631369 -132.0754037937471888 -119.4577578767959184 -110.2018523314179881 -109.5568006416208514 
-213.1782606906727881 -213.0888930007132744 -205.7272232066560243 -202.4067609489939563 -192.1370632122286551 -183.6632453465691664 -180.7700578826779946 -177.8684977129434272 -177.1881602266141312 -173.9024799256056683 -170.8517941685057508 -169.9491730520496088 -166.9843715374515192 -164.1846306653255471 -162.8337291591899218 -155.2084089833286172 -146.3544576931030666 -144.7261449521878369 -141.5508881835207025 -139.4884281727601829 -138.9905252869470357 -135.3829491240821503 -134.2039933739661834 -127.4913004607452806 -122.1734718120654972 -119.5915821003435051 -115.4838974950262326 -111.8225579350079022 -108.7168444140157137 -105.6639253548273107 -103.3817536278770589 -103.3201687068481374 -97.0478836906448627 -96.80629186100657102 -95.4402251940934338 -93.05891681980712185 -90.5160868952557735 -85.26309710312882043 -81.76698373459327338 -81.5343118139049908 
28
-605.0397221681937052 -605.0397221681937052 -597.3192091681745624 -562.4277727710736365 -520.1635000482533962 -494.1205420772063637 -494.1205420772063637 -478.5594281365749826 -440.2281717905129292 -427.8074359987139633 -364.5399019320423728 186.434562958470525 227.5645606359244433 439.5660539846401342 447.6858065597491347 552.8490419301778471 662.186575984743664 722.3180026162967567 772.8571679991535603 987.5861863484918951 1017.252917699441017 1035.744823358292073 1035.744823358292073 1094.07145099167424 1279.059523614340291 1304.906434883786041 1341.357530421050855 1363.799975794657164 
-1289.03716683293385 -1288.488923694428269 -1279.663505140116955 -1275.259469141211257 -1272.485287897742765 -1249.008709938241182 -1080.03688142735144 -1055.812364715614492 -1039.707352220002188 -1039.707352220002188 -983.1500671610395741 -956.4275770957476805 -876.8407351449353589 -859.0412866679898814 -770.3010580725906611 -770.3010580725906611 -718.2385541993454287 -644.2667496588821865 -419.281131920742949 -419.281131920742949 -368.2018700072575727 -132.120753278404547 -82.5200844245520304 7.244789070363855443 103.5187981801376913 194.1602006886592085 604.3409857026679272 624.775246157278987 
26
-666.4956142310787653 -666.0909529099292757 -650.7272635359608435 -649.946644621133323 -649.8283428368425226 -642.6187110596827789 -641.8385647552210674 -633.0592643309048079 -628.5390801364693494 -627.8880184975995308 -622.3324362950606867 -621.2545336188629184 -618.4332322834832167 -617.4720940112632577 -607.2691577808354032 -603.99637299318778 -601.4249270514742952 -592.0798140384351851 -591.5195331839201356 -590.5350306075220521 -589.8511051468507128 -589.734687514747361 -589.1280704551412725 -581.3662038517342536 -578.1418859861346566 -577.5223448307009014 
-132.7202821086686991 -132.6497045048657392 -130.1204871856874665 -129.9997769298065725 -129.9815490400444805 -128.9032302380918326 -128.790379889774061 -127.5718926101451914 -126.9813095914039476 -126.8983005028561014 -126.2109880830312694 -126.0819874097457502 -125.7510288422662939 -125.6404890986847838 -124.5361259170301911 -124.2085732777947067 -123.9602909375384091 -123.1251384880080068 -123.0784094837394734 -122.9972140153872521 -122.9414944600775138 -122.9320659148046407 -122.8832003099286598 -122.2969690835470256 -122.074703327141882 -122.0334234643495188 
26
-1549.406654748086137 -1503.633233767162126 -1459.95476920167727 -1224.494694775775743 -1196.773997517726544 -1192.546723719103551 -1148.368281169148702 -1073.742225560550424 -1023.982806814250507 -804.5339007235375591 -797.9164324056763343 -762.7483481215514098 -761.1769352947672705 -691.2111260429611008 -674.7086691079517831 -604.8277904586686272 -602.7258919323283062 -571.5012950776226636 -570.7994832515242651 -540.4430295463843303 -496.0154548506596153 -421.4256222484422308 -331.8297660986189977 -51.92994047602328657 -23.14117770632226719 266.3924330131648958 
-1408.426088161580472 -1387.959200408629459 -1364.395097081268199 -1313.992109080915354 -1290.562755827208391 -1220.932220513031978 -1081.591817116509691 -1058.286768708256422 -935.0718840622225304 -552.1161005192756503 -536.881767445146814 -519.1218557816800138 -513.1164852155512824 -399.5195619773341079 -392.6866587706748875 -379.861270180733992 -337.5236349059078109 -237.45573879775669 -91.25403616231866984 237.7765588253469842 314.061255272180239 503.2853674666961424 509.7470802338373695 521.0810798999866805 522.6586864949644036 556.5113486212959428 
20
-1725.572667535428537 -1270.56664085486489 -1078.757848038357734 -986.3660652159837481 -856.5131051134032844 -806.562251112294568 -741.9534000683641943 -710.4433414165033205 -703.6121108136510572 -488.5084487811625338 -449.4866561380254822 -409.270196583703532 -369.4112768050607368 -357.6955608750889214 -282.0595707287295 -210.2682117264557746 -208.6552328467816821 -179.4730911808622543 -176.9136943599251565 -158.2537894298663446 
-846.8439764447201722 -840.0873560132506269 -838.6160971880122534 -803.6685888428283847 -801.3196143216830907 -581.0218063973314848 -466.7770490840084941 -349.4400124592421758 -320.24645651365856 -101.3604440829198096 158.8670154087919583 169.3997643300358986 509.9321559337951876 563.6686513107418218 599.4752980863479905 630.0260680002229827 732.9065006656799669 755.643161039654104 771.8407440006177932 1247.413440379629037 
