20
21 0.545 0.188 0.239 0.929 0.709 0.554 0.356
7 0.646 0.195 0.437 0.617 0.120 0.642 0.828
1 1.000 0.000 1.000 1.000 1.000 1.000 1.000
26 0.928 0.032 0.852 0.335 0.771 0.136 0.471
99 0.835 0.833 0.989 0.059 0.672 0.824 0.508
95 0.394 0.045 0.961 0.263 0.896 0.214 0.382
1 0.800 0.100 0.500 0.500 0.500 0.500 0.500
52 0.799 0.361 0.083 0.223 0.593 0.354 0.895
99 0.731 0.067 0.977 0.213 0.573 0.793 0.888
58 0.667 0.638 0.471 0.028 0.597 0.439 0.945
61 0.633 0.071 0.634 0.946 0.641 0.946 0.710
89 0.812 0.547 0.657 0.131 0.302 0.379 0.955
10 0.708 0.493 0.709 0.273 0.687 0.353 0.593
13 0.556 0.023 0.797 0.208 0.603 0.820 0.890
58 0.239 0.204 0.010 0.535 0.911 0.130 0.369
2 0.600 0.200 0.500 0.100 1.000 0.100 1.000
87 0.447 0.384 0.187 0.898 0.240 0.964 0.301
85 0.705 0.704 0.874 0.098 0.324 0.252 0.534
92 0.851 0.655 0.970 0.768 0.448 0.576 0.394
66 0.820 0.682 0.189 0.313 0.558 0.181 0.919
