1000
-6 6 -9
-6 6 -13
10 8 2
10 14 9
9 4 3
-47 -22 1
-7 10 -6
245 70 -6
9 -3 7
-8 -3 7
9 -7 -4
9 -49 -140
-6 9 6
-16 -11 -4
3 -2 -8
11 60 0
10 -6 4
0 -17 4
5 10 9
-54 -90 9
-4 -8 -5
-8 -12 18
7 -5 9
1 -14 0
9 -10 0
1 -18 -5
5 3 -1
-21 7 5
0 -3 9
0 -18 -540
7 9 0
-14 81 0
-8 4 -9
-8 9 0
-9 -3 -10
-11 -15 -12
-8 -2 -7
80 20 49
-9 10 6
-5 64 10
3 3 10
3 13 10
5 -5 8
-27 23 -42
-9 5 7
-486 270 378
-7 7 -10
-7 -35 50
-6 -1 -7
1 4 0
-3 7 -5
-3 -42 -5
-2 -1 -5
-2 6 10
5 3 -10
13 11 -10
10 8 -3
4 11 -6
8 7 -7
48 42 -3
0 1 -1
0 6 -3
-2 0 -5
24 0 -5
-7 8 3
1 -40 11
1 3 10
0 0 0
-8 -1 0
1 -7 0
2 -1 -6
-6 -1 18
-1 -8 5
24 192 -120
5 6 -1
0 6 0
-6 1 4
-11 3 4
10 -9 -3
-18 -9 3
-6 -3 -6
42 84 -24
1 -5 -3
1 -20 12
-1 -10 -7
-1 -10 1
-1 6 6
-1 -12 -12
-3 1 5
-15 1 20
-9 -10 -4
91 0 46
-9 -2 5
-9 -2 5
9 5 6
10 5 -60
-10 1 -3
-18 -35 -11
-6 -1 -5
42 8 35
-1 -2 -3
9 6 -45
-9 5 3
-12 45 0
0 -9 1
-36 -9 -9
0 -8 4
-6 -14 4
10 -9 -9
6 -9 -13
6 5 8
2 -4 -1
6 -10 7
6 -40 7
-1 -9 0
1 13 0
0 8 -7
0 0 0
5 10 -9
45 30 -243
-9 -1 -10
-9 -10 -5
-9 10 -7
-720 800 -560
-10 -3 -8
-240 9 64
-7 5 -3
-7 -25 -13
-7 -8 -3
448 -8 -24
6 -1 -7
-39 3 0
-9 0 8
-4 -1 13
-10 9 -10
30 9 -10
10 2 -3
18 10 -15
-4 5 -2
-4 5 -18
4 6 -9
2 6 -9
-3 -5 -5
5 3 48
-8 -5 -2
35 20 5
7 8 4
0 3 12
5 -9 -4
5 45 -5
0 3 6
0 7 6
9 8 -8
48 32 -5
-1 1 4
-3 1 2
-1 0 -1
7 9 8
2 4 -9
12 7 -9
-5 -2 6
8 8 19
-3 4 4
-3 -23 -16
-1 10 7
-1 10 15
-7 -3 -2
0 -3 40
5 -6 -2
5 -54 126
-6 -2 -3
-5 -1 -3
-3 -5 5
0 -5 0
4 10 7
4 10 31
-10 9 -1
-10 13 1
0 -1 -10
-10 8 80
8 -5 -6
12 3 2
-10 -9 1
60 -9 -54
2 -10 7
2 -6 2
0 5 -2
-20 3 -40
1 3 2
-1 -3 1
1 -2 -8
-8 -7 -8
10 7 10
-30 -3 0
-7 8 8
-7 200 40
-2 -7 9
-11 -16 9
-1 3 2
5 3 -10
-7 0 7
-35 0 -28
-9 -8 2
162 -8 -4
-2 -5 8
-14 -35 80
-8 -3 6
392 -21 42
10 -1 8
10 -1 8
-7 0 -2
-7 0 -6
10 -7 1
-90 7 1
7 -1 -4
4 10 -4
4 2 -3
11 -7 21
4 0 7
4 0 -63
7 -4 -9
-21 12 27
0 7 3
0 -6 -5
-8 -4 5
0 0 0
-8 -6 8
-12 -7 4
10 -4 -5
21 0 -5
-9 8 4
9 5 -1
-3 -5 4
-3 -25 4
2 9 5
12 36 120
-2 -10 -10
-2 -10 -14
-7 0 1
84 0 -12
-5 8 10
-18 10 60
-8 4 7
-6 6 9
5 7 -5
40 56 -40
-1 6 7
-1 6 -9
6 6 4
24 6 10
-4 -9 -3
-4 -9 -3
10 1 -6
10 1 432
-7 -8 -3
5 10 3
-2 -5 10
-2 -10 10
-9 -10 -2
-6 -8 1
2 10 -5
2 2 5
1 0 0
1 0 2
2 7 3
4 -21 -15
-7 0 -8
-7 0 -40
3 -1 1
1 -3 1
-1 -6 9
6 -6 11
4 -10 3
-36 -7 3
-5 1 -5
21 -8 -14
-2 2 -9
-4 4 -30
-7 8 -3
-7 2 90
-4 -4 -3
8 -4 -3
2 -6 0
-1 -15 -3
5 -8 4
5 -6 6
6 5 3
42 35 77
0 8 4
-8 8 4
-5 -7 -8
5 -8 9
2 9 -3
-18 -81 -3
-6 0 3
-6 7 10
-4 10 5
-4 3 5
-2 6 -6
18 26 4
-6 6 -8
42 -42 63
-4 7 3
-3 7 -5
8 1 2
-64 -8 -4
10 -10 -7
80 -80 -7
1 -1 -5
1 3 15
-2 -5 -4
-9 -5 -10
3 6 -3
3 8 23
8 2 -4
8 0 -4
-2 -2 -7
-2 12 -17
-7 -2 -3
-2 -10 -3
-8 -6 10
-4 -6 14
7 -1 -9
-5 -1 -14
-7 10 -9
-9 16 -22
-10 3 2
-10 -15 2
-10 10 -3
-19 0 -3
6 -1 8
8 10 8
-4 5 -3
-4 5 0
-4 -10 7
4 50 7
7 3 -4
-168 24 -32
1 -3 -9
11 -8 1
-10 -6 1
-5 -6 1
-5 6 -1
-18 -7 -14
-1 5 -5
3 5 15
6 -3 -2
0 0 -2
-3 9 10
24 -36 -40
-6 -8 -3
-6 20 9
5 5 -5
5 -35 35
-6 9 -3
-2 9 -3
5 -2 -3
7 0 12
10 9 8
11 9 8
10 3 -8
70 21 -56
10 2 -7
4 -36 -13
2 -2 -10
2 -2 -12
6 -2 3
6 20 -30
-2 4 -4
-2 16 -14
7 2 -8
28 4 -32
6 1 -7
30 -25 35
-7 -5 1
-7 -5 1
-3 -4 -3
30 24 18
9 0 9
-270 0 -27
0 -8 1
0 -16 -11
6 0 -10
6 1 -2
-7 2 1
5 -4 3
-1 2 3
6 4 3
-4 -1 -3
-18 -5 -13
-5 -2 10
-45 2 -90
-2 8 -4
14 -56 28
7 -9 -10
6 -9 0
9 1 4
17 9 0
8 6 2
240 -18 -20
3 -9 -10
3 -45 -10
8 6 1
32 24 5
5 -6 -3
5 -6 -12
-6 7 -4
54 7 -9
3 6 -6
3 6 -36
4 -8 -7
4 0 1
4 -7 -8
-4 0 0
-6 5 -8
-8 -25 -8
-1 -3 -1
-35 -105 5
-1 3 5
-1 3 5
6 -1 4
-90 -20 -40
-7 -2 -1
-7 -10 8
3 -8 5
-6 4 -10
-10 5 -3
-10 -40 -3
-5 4 5
-5 4 35
-7 5 0
-70 50 0
5 1 -7
-54 -18 -7
7 7 3
-168 28 3
4 5 -6
9 8 -1
-5 7 -9
10 -12 -9
7 1 4
21 -4 -1
-3 -2 -6
-1 -4 -8
-8 -6 3
-72 0 27
-10 -10 9
-12 -12 7
3 -10 0
-15 50 0
-1 2 -2
5 6 2
-8 -4 -5
-48 -24 30
-5 8 -1
-20 -80 -1
10 -9 -3
120 -9 6
-10 9 -2
49 9 17
-9 0 9
-15 0 90
-1 3 6
4 3 11
1 -10 3
11 0 25
-9 -10 -1
-21 -70 -1
2 -7 7
-12 -3 -3
3 6 10
13 16 10
-3 5 6
-3 5 60
7 2 -4
7 2 -4
-6 3 0
-21 -12 -15
-7 -9 8
112 36 -32
-2 8 5
8 -32 -20
6 8 10
24 32 39
0 3 4
0 3 -72
-5 0 -3
-30 -2 -5
-8 -9 5
16 -9 -10
-5 -9 2
-4 -19 -8
3 7 10
-30 4 10
-1 0 4
-1 2 6
3 -5 4
9 -12 15
7 4 -6
7 21 -49
9 2 1
-36 -6 -8
7 8 -9
420 480 -9
3 0 4
27 0 35
-3 2 -8
66 36 -16
0 0 -9
0 0 0
5 -1 0
-45 -10 -9
-5 3 -4
-5 13 6
0 8 2
0 -64 3
-4 -3 9
-14 -13 -1
-3 -8 9
6 -8 18
-3 9 1
-18 12 6
8 -2 0
5 -2 0
-6 0 -8
18 -2 -8
3 -2 0
-9 2 -6
-7 -6 9
-10 -1 6
1 -2 -1
2 -28 -10
-9 -9 2
-8 -6 5
-3 2 4
-180 2 240
-1 9 7
-1 9 2
-1 2 4
5 -10 180
2 1 8
-6 1 -24
6 1 10
53 8 15
4 -9 6
9 -1 11
-5 -7 4
40 56 4
-4 8 8
-40 40 80
-2 -5 -7
-14 0 -2
-9 -2 6
-63 -14 -420
-3 -2 2
0 -10 13
2 -10 2
49 133 -7
5 9 -4
0 63 -33
3 -2 -10
2 -3 -20
-2 -9 -10
1 -12 -20
-8 -7 -6
-5 -7 -13
10 3 -1
10 -15 -10
7 5 2
3 5 2
3 8 -6
3 -34 36
10 0 0
58 0 0
1 -8 0
4 -8 7
9 -4 -4
10 -3 -3
2 4 1
-6 -4 1
-1 4 -3
7 4 5
4 7 1
8 11 5
-1 6 -2
-1 4 -4
-2 -5 -7
-22 -15 -7
-2 9 -8
-2 -36 -16
-3 -5 -5
-12 2 2
-7 5 8
-7 6 -3
4 7 3
28 7 21
-3 -7 7
15 -21 15
2 8 -1
-1 8 -4
-7 5 5
-35 5 5
-5 -7 -8
-5 -7 -8
-7 8 1
-7 13 1
7 5 3
7 15 3
-9 2 -7
-9 32 -1
0 0 -1
0 2 -1
6 8 -7
15 10 -14
-9 -9 8
-11 -4 15
-6 -10 3
-6 -1 16
3 1 -5
-91 -77 35
-1 6 -6
6 -36 6
4 -5 5
32 -40 40
3 0 -9
3 -2 -11
-10 5 -4
93 -45 36
-9 -7 6
-9 -7 24
-10 -8 -10
-10 -4 -6
9 5 -4
14 5 -16
1 -4 -5
4 -4 -20
-5 -4 6
-12 -11 6
5 -5 -6
4 -5 56
8 -6 -6
40 -30 -30
-7 8 -1
-16 8 -2
8 6 8
8 6 16
7 10 -6
-3 -6 -16
-1 0 5
-80 0 40
-9 -8 -5
-13 -11 -8
4 6 -1
4 15 2
10 4 7
10 4 17
4 7 9
-10 -13 15
-3 -1 1
6 -5 5
-10 9 -7
-18 9 -15
-1 -4 -3
14 6 -3
0 -1 9
0 -10 0
6 -4 -1
6 -4 -1
6 0 -10
6 -7 -18
7 4 3
-3 -1 -2
1 -7 8
-8 -17 -1
1 -2 -1
6 -10 -6
2 -3 -7
-1 -6 -10
8 5 5
14 11 10
0 -4 -7
-7 -11 28
-8 2 3
-4 2 3
-4 -5 4
-4 -1 8
-2 -9 -8
-21 -27 -13
-6 -8 -8
43 -13 64
7 -4 1
78 -40 1
-9 -7 -3
-9 -1 -21
-9 3 -1
-9 -25 -1
8 1 7
-72 -9 -63
0 -9 3
0 -27 9
8 4 -5
11 1 -5
-2 -5 0
-1 4 1
3 -2 -5
-3 -8 -11
-9 8 6
-9 8 -24
1 -6 0
7 0 54
9 -8 7
-72 -56 7
-1 -9 7
-11 -38 14
-7 9 8
1 17 16
-1 6 -4
0 0 0
2 4 -10
-4 -8 -20
4 2 -2
-3 1 -8
6 -1 9
-42 -1 -63
-7 -9 -6
10 1 4
6 -5 6
16 -5 16
-8 7 1
-72 63 1
-9 -1 -10
1 8 -9
6 -9 -7
11 32 16
7 4 -10
7 4 -9
1 3 -5
15 3 -15
-3 -1 -8
9 -12 24
0 8 7
10 26 17
-3 -3 -2
3 -3 7
-3 2 9
-3 18 567
8 2 6
15 -27 13
1 -2 -10
-2 -5 -22
4 8 8
28 56 56
2 2 1
2 2 1
-9 -10 8
-9 -40 224
8 7 -7
8 -1 -6
-2 -9 10
2 -9 -100
6 8 1
6 0 -7
-5 -7 -3
10 14 12
3 -5 2
1 -5 2
8 -5 -7
0 -14 -15
-10 4 1
40 4 1
2 -3 10
0 0 19
10 2 10
-8 2 12
8 10 -7
8 16 -7
8 7 6
40 30 25
-2 9 8
2 13 8
10 5 -3
4 35 -27
6 8 -7
12 4 -17
-9 9 8
-9 1 5
-1 -7 -1
-11 14 -1
3 1 -5
-3 -7 29
-1 8 1
9 -72 0
9 -10 -5
9 300 -15
-4 4 1
-14 4 -6
3 9 -9
3 -450 45
-1 2 -5
-1 17 -8
-4 -6 2
-5 -7 -2
3 -9 -1
-13 45 7
10 -2 -9
18 -2 -1
7 2 9
7 0 -72
1 -3 -9
1 -3 -9
-9 -2 8
-9 -6 24
0 -8 1
0 -72 10
-4 2 0
8 2 -8
1 -1 7
-3 -4 3
-1 0 1
-7 0 -2
3 -8 2
3 -1 -5
3 9 -8
3 -38 -1
9 5 5
16 7 5
-10 -6 0
-13 -9 0
-2 10 7
-8 -20 -35
-2 -3 9
16 -3 9
7 -10 0
21 -11 0
9 -6 -6
49 -30 -6
6 10 -9
6 70 -72
7 6 -8
0 0 -80
-4 3 -6
-4 11 -6
8 -3 -5
-64 24 40
0 10 -4
0 -70 -4
6 0 3
6 -28 3
2 -5 1
-7 -10 -4
3 2 -7
13 2 4
8 -6 1
8 -49 0
-6 1 3
-6 -12 9
8 -6 -2
720 -6 -20
-7 4 -6
-56 32 -48
0 9 -6
0 9 40
0 -10 -1
6 -28 5
-7 9 0
-49 0 0
9 -5 -9
36 -20 18
-2 -3 -6
-1 5 -6
-4 -6 9
41 -6 -76
-4 4 3
-4 56 6
6 -4 -5
-42 -84 -5
-5 -1 -2
-5 10 5
5 -4 1
4 -4 -2
0 4 2
-8 2 0
-4 4 -9
3 4 -9
9 6 -4
13 18 0
7 -3 -10
63 54 -10
-3 -6 -1
-8 -12 -7
2 10 -6
-3 -50 37
3 -9 6
8 -13 6
0 -9 0
3 -9 -4
7 -5 9
17 -8 19
-3 -3 8
-12 -9 8
0 9 5
-54 15 -99
1 -6 9
0 -6 -63
-7 8 6
-7 32 -18
2 6 7
0 0 7
-4 3 10
-6 3 28
4 9 9
168 378 9
1 -2 2
1 20 2
2 1 -4
50 25 -20
-10 10 4
-50 47 1
-1 5 -2
-15 -9 -10
0 -6 -7
0 -60 -7
-8 -2 -9
68 2 -5
2 -6 10
-12 -15 5
-4 2 1
4 11 2
7 9 -2
-7 -1 10
4 0 -10
-45 0 -10
6 0 -2
2 -4 -16
5 7 -8
-105 -147 -56
-3 -7 0
0 -16 0
-1 1 -5
11 3 -5
2 -9 -1
-14 63 42
1 -2 9
0 -3 9
5 6 3
-1 -10 -13
1 8 0
-42 8 0
7 2 3
-28 2 -6
-9 1 0
59 1 5
6 7 -1
6 7 80
4 -3 -6
4 18 -6
10 4 -3
10 4 -3
-2 -2 7
-2 20 -210
-9 -7 3
-7 -7 50
-3 -8 1
-3 -280 7
10 -6 -8
10 -6 -8
-6 8 10
-6 80 10
-7 -1 -2
-7 -7 -8
1 -2 6
7 14 -42
7 -7 -8
7 -7 -8
-6 5 1
-144 -40 -8
-9 -4 2
36 16 -8
-7 -1 -2
0 6 -7
-7 -7 -4
-90 -7 -12
10 9 10
90 9 90
3 3 4
1 -11 -14
-4 4 -5
-4 2 -5
1 -3 -10
9 -3 -90
9 5 6
5 5 20
-9 5 -8
-18 5 16
-3 10 -7
-3 27 -8
-2 7 9
18 7 -81
5 -7 -9
-4 -14 -18
5 3 2
45 10 18
-8 5 5
-5 5 14
-1 -4 4
-9 -36 -2
-5 2 -9
-2 5 -6
-7 -9 -10
-7 -4 -10
6 -9 -2
-1 -17 -10
-4 -6 -5
3 -54 -45
6 -7 1
-54 63 -45
7 -4 -3
7 64 48
-5 -3 -10
-10 30 -10
1 8 1
2 -56 2
-10 -6 -7
-9 -6 -6
-8 1 -1
-8 1 -1
-5 9 7
70 9 7
-9 1 -1
-19 2 -2
6 -3 7
13 34 14
4 -6 -3
4 -2 -3
-4 -2 7
-4 -2 7
0 -3 -6
0 -3 -6
-5 -3 -10
-5 -9 -10
-3 5 -8
-3 9 -36
9 4 -10
19 10 6
-3 -8 -2
-18 -13 -17
10 6 3
12 -28 -13
0 6 -8
0 -288 64
-2 7 -2
-10 -1 -4
7 -10 0
-21 -10 3
-8 -8 -9
-8 -16 -126
-9 2 -7
-4 49 -2
-2 6 7
3 8 9
2 10 1
-4 10 1
6 4 -6
-11 -1 6
-7 9 3
49 -252 12
4 -9 8
4 -3 14
-10 2 -4
-10 -2 -64
0 -5 8
0 5 8
-5 4 6
50 4 -18
5 8 -9
-15 8 -9
-10 -10 -4
-2 -2 16
9 4 6
12 7 36
4 3 9
4 3 9
7 1 10
-63 -9 -90
-1 10 -4
-1 4 -10
10 -1 -1
11 0 -2
-9 -5 -8
0 3 0
8 -3 1
-77 0 -28
5 6 -2
7 64 0
-8 -2 -6
-8 10 -6
10 10 -4
11 -20 -3
-4 -7 2
0 -3 -14
-5 -7 -2
-5 -70 -2
7 -5 4
34 -38 -4
-5 -2 -10
-2 1 -8
7 -7 2
17 -7 4
-6 10 -9
-24 60 -42
-7 -10 -8
77 100 -1
-5 0 10
-5 -3 -3
-8 4 -4
17 13 5
-1 -8 -9
8 32 -9
4 -9 -7
3 89 -8
-4 -6 -4
-14 -5 -14
-7 -1 -8
-70 -16 -80
-4 8 1
-32 -64 -1
-7 3 -2
-31 -1 -6
5 2 1
5 16 8
9 -7 -7
0 14 -7
-8 -6 -8
8 1 8
-5 6 -10
-10 -9 135
6 -1 6
6 -7 6
-10 -1 6
-10 -1 13
6 8 5
6 2 5
10 0 9
-1 0 18
-3 9 -9
-216 -81 -648
-7 -2 0
-42 -14 -2
10 -6 0
1 18 27
-8 -2 -5
2 17 14
-1 -9 6
1 57 -42
-8 3 -5
392 -147 -5
-4 6 -4
5 10 0
7 -2 -10
7 24 -6
-7 -6 4
-16 -15 4
4 -9 1
0 -45 -3
3 -8 -7
0 0 -7
10 3 -3
7 10 -6
9 10 -4
9 -40 16
-7 -6 -10
-3 -6 -10
-3 6 3
1 5 7
-5 0 -10
-8 -3 -10
-2 10 2
4 40 2
7 4 7
7 13 16
4 2 7
24 14 39
-1 -2 4
7 14 4
4 -2 7
-5 -11 -70
-3 1 7
18 6 7
4 9 -3
4 9 6
-3 -9 -2
15 45 10
-2 1 10
-20 1 100
0 -5 -2
-10 -5 -2
-9 -9 1
-18 -90 1
1 3 -9
-7 3 63
6 -3 8
6 -3 16
-6 -1 5
-60 -10 50
8 10 -3
8 -30 12
-1 -5 -4
-10 -5 40
-6 -6 -8
3 3 1
-1 9 9
-15 9 -5
2 -7 6
-4 -7 6
-4 -7 -2
-5 -7 -2
3 -10 -9
24 -19 -18
-5 5 4
-5 -405 -36
9 -9 0
-1 -17 -18
-2 10 0
-15 5 -13
4 1 9
4 -9 10
10 9 10
13 12 13
-10 -3 6
30 -3 -15
-3 9 -10
-27 9 100
-8 2 2
-8 2 2
-6 7 8
-6 -5 4
-8 6 8
-40 5 8
-10 -10 10
70 490 10
4 -7 9
12 -7 22
-2 -9 5
-2 -9 5
-5 0 6
-5 2 6
3 -2 -7
2 -12 -8
4 -5 -7
-2 -5 52
-9 -10 -9
18 -10 126
-1 -8 6
-1 0 -3
-4 -5 0
-7 -8 4
-3 1 1
-3 0 0
-7 9 -3
-14 20 -9
9 -7 -5
9 -7 2
-8 -4 2
-8 -14 -18
8 8 0
8 56 1
5 -3 3
-42 -3 -24
7 -5 -9
0 -5 0
-7 -6 -7
7 -60 7
2 -10 2
2 -100 -40
-2 2 1
-5 2 -2
1 3 5
1 -4 0
3 -7 1
3 21 10
9 2 8
0 -12 8
-7 -2 -7
-12 -2 -12
8 -7 6
-24 21 90
3 -1 7
2 -1 -1
5 5 -6
45 -20 -54
7 5 -4
7 2 -3
-6 9 8
-15 0 48
-1 -1 5
-7 0 35
-6 -4 5
-6 -28 10
0 -2 -4
0 5 0
3 -4 5
30 -40 50
-9 6 10
-11 3 8
-8 0 -7
-8 3 31
-2 10 -7
-2 630 -7
1 5 -4
-4 -32 31
6 7 3
3 13 3
8 4 7
8 4 7
9 4 -2
-9 -4 -18
-5 6 5
-5 36 5
9 3 -4
9 -30 40
4 4 -3
4 4 -4
10 6 4
25 21 19
-4 -4 -6
-26 -16 -24
-2 4 -3
-12 4 90
1 0 5
-5 0 5
7 7 -5
0 0 -5
7 3 -9
5 -21 63
-3 -5 -6
-3 5 4
2 -2 8
-7 -11 -1
4 -6 -2
13 -6 3
3 -6 7
-63 -18 21
4 -2 -4
1 30 42
-6 0 4
-13 -7 -3
9 -2 1
90 80 1
1 10 10
0 4 4
-7 3 -5
21 4 -5
3 -3 -7
3 7 -7
4 7 -2
20 7 -20
0 3 -5
7 10 2
9 -9 -4
1 -9 -4
10 -3 -7
10 18 63
2 2 2
-1 -1 6
-5 -2 -5
-7 -4 -7
4 4 -5
-16 4 25
5 10 -2
-1 -30 6
0 4 2
0 4 -14
-2 6 3
-10 6 15
0 5 -7
-5 9 -12
4 4 -7
-32 128 56
-7 -9 -8
-7 -10 -8
10 -4 -6
10 -9 -3
3 0 10
18 0 10
-2 -6 9
-2 -1 23
5 -9 -9
-4 -9 -15
1 -5 -10
9 -45 -10
-9 6 9
8 8 8
-3 1 -10
-13 -9 -10
-9 -1 -6
-36 -14 -24
4 -5 3
13 -3 10
6 6 -5
16 16 4
7 -8 6
-2 -9 -3
7 -3 4
7 -3 4
8 10 -9
8 28 -9
5 -8 6
-50 24 -60
10 -8 -7
0 -8 -28
5 2 -4
17 6 8
-5 10 9
5 28 27
1 7 3
1 21 -21
-6 -1 2
-11 6 2
-6 4 10
-17 4 30
5 -7 -4
-15 105 12
-5 -3 -1
5 10 6
2 -2 6
8 -8 24
3 1 4
-21 1 4
5 1 -1
-9 -7 -3
2 -5 10
56 -5 70
3 4 4
0 0 4
-9 -10 9
-27 -30 15
3 6 -10
13 -1 0
-5 -9 -8
35 -9 -3
10 -6 -3
17 55 4
7 0 3
7 0 30
0 10 -3
0 0 -12
8 -3 10
8 -3 -34
-10 2 0
-10 2 2
10 -6 -5
10 2 -8
4 -8 -2
-16 32 2
-4 7 6
-117 -2 -3
0 -9 -6
7 -7 1
-5 -10 -8
4 20 -8
4 1 -5
4 1 -1
-6 10 -3
-6 10 -5
-9 -7 10
45 37 10
-5 -6 -9
-5 0 -6
-8 -10 -10
-8 -20 -7
2 -8 -7
-6 64 -15
0 -6 -10
0 -6 -13
3 -8 2
30 40 -10
-6 7 -1
-6 6 -1
-7 -4 -7
50 20 -10
2 8 -9
-14 7 -9
7 0 10
7 0 50
-1 -6 -2
-40 48 10
-5 -9 3
-15 76 -7
-4 2 -10
-12 -14 -26
-4 -3 -10
4 -3 80
0 7 -10
0 17 -8
-2 2 4
-2 2 6
-2 -4 -2
16 32 4
-4 1 8
0 5 -72
2 7 9
2 0 0
-5 -2 1
50 -10 5
0 -3 -4
0 -26 -3
8 3 3
64 24 24
-8 1 -3
80 4 -3
-7 1 8
-56 8 32
-10 7 -5
100 70 -50
2 4 -10
18 324 -90
4 -2 9
0 0 15
-4 -2 0
-4 -72 0
7 -5 7
-15 15 13
5 -7 -4
19 7 6
-4 4 10
-4 40 100
6 9 5
6 4 15
-7 -10 -6
-7 -70 42
-1 -1 -8
14 2 -8
-3 9 4
-10 2 -3
-2 9 8
3 17 13
-9 -8 4
-36 -128 16
-5 5 -5
-1 9 10
-2 -9 -9
-12 45 45
8 -5 -2
56 -37 -2
2 -8 0
0 0 0
10 -5 3
3 3 11
10 10 -4
30 10 -12
-10 -9 2
-10 -9 12
-8 -10 -9
-72 -10 -76
3 -8 -4
12 -32 12
-3 10 5
30 -20 -50
-7 9 2
9 9 -2
6 -2 -2
6 16 16
7 -5 -6
15 -5 20
-8 -2 -2
-8 7 -6
3 -7 -7
3 -7 -8
2 -9 5
-28 49 7
10 -9 0
18 6 15
9 2 -8
-81 -4 -14
4 1 -4
28 1 56
5 -5 -10
5 -5 -10
7 -8 -1
7 48 13
10 -7 7
8 -11 5
-1 9 9
-1 -73 8
-4 4 7
0 8 3
-3 3 -6
-3 15 -13
-2 2 1
-16 2 8
-8 5 5
-5 5 30
9 6 0
-81 0 0
-7 -7 -2
28 -7 8
-7 9 0
56 -72 5
-7 -9 7
-63 63 -441
-5 0 -5
35 0 -11
4 2 -8
4 -19 -11
-6 -7 -1
-18 3 -3
8 -1 -8
-2 -7 -24
-10 -5 -2
-11 -4 0
2 -1 -2
2 -1 -6
4 -6 1
-4 -54 -1
4 10 2
-28 -126 -70
-4 -7 -5
-12 -21 45
-6 0 10
-23 -8 1
1 -9 -3
1 98 56
1 -1 -7
1 5 -42
-3 6 -5
-2 4 -4
4 10 -4
4 270 -4
-8 -8 -6
-2 -2 -2
-10 1 -10
-10 2 68
-6 -6 1
18 -6 11
-9 -3 9
-9 -3 54
-3 -1 -5
-3 1 50
-10 -6 9
-7 -3 18
-10 8 10
60 -120 -140
-5 -2 5
-50 -1 50
0 4 -6
0 -40 -6
8 -4 -10
5 -4 -13
1 -7 -2
1 -7 16
4 8 9
6 12 9
-5 -8 2
3 0 70
8 -10 7
8 43 -25
-5 8 2
-11 2 18
-2 -10 1
-72 -360 36
-5 4 9
-5 -1 5
6 8 7
336 56 392
5 -10 -8
15 -13 -24
-2 8 6
-60 -40 6
-6 -7 -1
-1 -1 -1
5 -8 -10
5 -6 -13
6 9 3
30 9 15
0 -6 -4
0 36 2
-4 -3 1
-2 8 3
-1 9 -4
-1 -630 280
-4 -4 -8
32 32 -8
-9 -9 -5
-45 5 5
-3 -5 -8
-3 -10 -2
-8 4 -3
-13 23 -3
-4 9 8
6 9 18
-7 7 6
-1 14 13
-7 4 -3
-7 -2 -9
-4 -8 -6
2 2 -6
7 -7 -8
-2 -7 -10
3 -1 -10
28 -7 -3
1 -6 -3
1 -6 -3
-1 1 -8
-1 1 -8
-1 5 7
-1 0 0
9 -2 -2
9 -5 -5
4 10 6
4 -100 -60
-5 9 6
-15 -72 -48
-9 -4 3
-9 72 -27
9 6 3
9 3 3
1 -6 7
1 -6 8
4 -6 -5
-5 -6 -14
-6 -6 -4
-6 2 4
-6 -1 0
-5 -1 0
0 9 1
-4 -94 -10
0 -6 -3
0 -36 -15
-7 2 0
1 2 13
9 6 3
-216 6 -72
7 -8 7
-63 8 -7
-4 7 -8
-20 35 8
2 7 8
2 30 33
-3 -5 10
-3 3 18
4 -6 -1
6 -6 1
-4 4 1
-4 12 3
1 -7 -4
-9 -12 -9
-3 -9 6
1 27 -14
4 -2 -6
4 -2 18
-4 10 -7
-4 10 -7
-7 -6 -8
-7 -7 -17
-1 10 -5
-8 10 -40
-3 8 0
-15 40 0
-3 -3 -4
-3 -3 -4
-8 -5 -9
8 5 17
-3 7 9
-55 7 5
3 7 -9
-1 27 -9
-5 1 -3
-12 -6 -2
9 -3 -8
54 -3 24
2 5 -10
2 50 -10
10 -6 3
10 -240 3
-5 -3 -3
-23 -11 -18
3 9 -3
24 9 -23
-1 -2 -2
1 8 -2
-5 8 -9
5 -24 -9
6 -10 9
6 43 -45
1 -5 -10
-20 100 -40
-7 -7 0
224 224 0
-8 -4 -3
-7 -3 -2
-3 2 0
4 12 3
2 7 2
-3 -19 -3
-3 4 2
12 9 7
10 3 10
10 3 10
-5 0 10
10 0 40
-4 7 -9
-4 6 -10
-8 -8 0
-64 -10 0
-1 7 6
-1 7 -4
6 -4 -10
30 -20 -10
-1 0 -5
-1 0 9
-1 -6 -2
3 18 36
-2 7 -1
10 14 -1
9 3 -10
10 3 -9
5 5 3
-35 0 0
-6 -1 6
12 -1 6
-8 0 5
64 0 5
0 -1 -1
0 -4 -1
7 -7 -7
8 -7 -69
10 3 -6
20 6 4
0 1 1
0 2 4
9 -2 8
18 -2 8
-4 1 10
-4 10 100
-7 -5 1
-6 -7 4
7 5 10
0 15 23
4 -5 -1
0 -18 -10
-4 -7 -6
40 64 -7
-8 -3 -10
-2 -3 -10
-4 -9 -4
-20 -9 -4
-7 5 0
168 -120 0
5 -3 7
5 18 7
-6 -3 -2
-30 -3 -2
-8 -8 2
40 40 -10
1 -4 1
5 0 6
0 6 -2
-5 3 -7
-7 -10 -7
-27 -10 -21
-9 -6 -5
-81 -6 -37
0 -1 -7
8 10 -7
2 7 -1
-12 28 6
4 7 -3
12 42 -9
0 9 -3
0 -8 4
10 4 6
20 4 6
-8 -6 3
-2 -7 8
10 7 -5
19 16 -11
-5 0 1
-14 0 -11
0 -3 -6
-5 -8 55
-3 8 3
1 14 7
5 5 1
11 5 7
3 9 2
3 5 -2
-10 -8 -9
-5 -56 -63
-5 1 6
30 1 3
2 2 10
-12 -12 10
1 1 -5
1 0 -5
-5 2 -7
-5 144 56
-4 -5 -1
-4 -50 -1
3 10 -3
-24 10 -1
-9 -4 -1
-1 -3 0
-4 -7 8
-4 63 8
5 2 -5
5 2 0
5 0 -6
3 0 -18
-8 5 3
16 45 -6
-3 -10 -9
3 -10 9
4 5 1
46 11 16
-10 -1 8
-4 25 8
5 -3 -2
13 -3 -2
6 -4 3
6 28 3
-2 -1 -10
12 -1 -10
-10 3 -10
-1 10 -8
-5 9 -1
45 9 36
4 -1 -2
4 -1 8
2 9 -10
96 432 -80
0 7 -5
0 -70 -5
4 10 10
0 10 6
8 -4 10
-80 40 -100
0 7 -8
0 56 448
4 6 -5
4 6 -5
7 10 -1
7 38 -2
9 -3 -4
2 0 -1
-4 -10 6
-4 40 -192
-6 1 9
-6 9 7
-6 -6 -7
-6 -6 -42
-7 8 6
-7 32 30
0 5 -10
4 12 -6
7 -4 -9
-2 -13 -18
2 -9 -9
14 -12 -63
1 -8 -3
8 -8 -4
6 8 5
6 24 -4
7 -10 -1
56 -80 7
-7 0 8
294 0 -336
-6 -3 -10
24 -48 40
-9 -8 8
39 -8 -32
-7 -8 1
-8 -8 -6
7 -7 7
53 -7 4
1 3 -2
-8 -24 12
9 -3 3
0 -3 0
10 9 8
10 -18 8
4 -2 3
4 -9 -4
2 -9 10
-14 52 -60
-2 3 -8
0 0 0
-2 -9 8
14 35 -56
-9 1 9
90 4 9
7 -8 0
-56 74 10
-6 4 -2
34 -28 6
-7 -1 3
84 2 3
9 5 -6
9 13 -6
-5 4 -9
-40 96 -9
