1 2000
1.0 0.0
0.9999950652018582 0.0031415874858795635
0.9999802608561371 0.006283143965558951
0.9999555871089498 0.009424638433144006
0.9999210442038161 0.012566039883352607
0.9998766324816606 0.015707317311820675
0.999822352380809 0.018848439715408175
0.999758204436984 0.02198937609250511
0.9996841892832999 0.02513009544333748
0.9996003076502565 0.028270566770273252
0.9995065603657316 0.03141075907812829
0.9994029483549729 0.03455064137447227
0.9992894726405892 0.03769018266993454
0.9991661343425401 0.040829351978509995
0.9990329346781247 0.04396811831786491
0.99888987496197 0.047106450709642665
0.9987369566060175 0.050244318179769556
0.9985741811195098 0.053381689758760474
0.998401550108975 0.05651853448202453
0.9982190652782118 0.059654821390170705
0.9980267284282716 0.06279051952931337
0.9978245414574415 0.06592559795137785
0.9976125063612252 0.0690600257144058
0.9973906252323237 0.0721937718828606
0.9971589002606139 0.07532680552793272
0.996917333733128 0.07845909572784494
0.9966659280340299 0.08159061156815754
0.9964046856445924 0.08472132214207345
0.9961336091431725 0.08785119655074318
0.9958527012051857 0.09098020390356992
0.99556196460308 0.09410831331851433
0.9952614022063083 0.09723549392239933
0.9949510169813002 0.1003617148512149
0.9946308119914323 0.10348694525042253
0.9943007903969989 0.10661115427525991
0.9939609554551797 0.10973431109104527
0.9936113105200084 0.11285638487348168
0.9932518590423394 0.11597734480896137
0.9928826045698137 0.11909716009486974
0.9925035507468237 0.12221579993988944
0.9921147013144779 0.12533323356430426
0.9917160601105629 0.12844943020030286
0.9913076310695066 0.1315643590922825
0.9908894182223387 0.1346779894971526
0.9904614256966512 0.13779029068463808
0.9900236577165575 0.14090123193758267
0.9895761186026509 0.14401078255225216
0.9891188127719618 0.14711891183863737
0.9886517447379141 0.15022558912075706
0.9881749191102805 0.15333078373696063
0.9876883405951378 0.15643446504023087
0.9871920139948192 0.1595366023984863
0.986685944207868 0.16263716519488358
0.9861701362289889 0.1657361228281197
0.985644595148998 0.1688334447127339
0.9851093261547739 0.17192910027940955
0.9845643345292053 0.17502305897527606
0.9840096256511397 0.17811529026421014
0.9834452049953297 0.18120576362713736
0.9828710781323792 0.18429444856233332
0.9822872507286887 0.18738131458572463
0.9816937285463989 0.1904663312311899
0.9810905174433341 0.19354946805086026
0.9804776233729444 0.19663069461542007
0.9798550523842469 0.19970998051440703
0.9792228106217657 0.2027872953565125
0.9785809043254721 0.20586260876988133
0.9779293398307218 0.2089358904024117
0.9772681235681935 0.21200710992205465
0.9765972620638246 0.21507623701711337
0.9759167619387474 0.21814324139654254
0.9752266299092234 0.2212080927902471
0.9745268727865771 0.22427076094938117
0.9738174974771289 0.22733121564664643
0.9730985109821265 0.23038942667659057
0.9723699203976766 0.23344536385590542
0.971631732914674 0.2364989970237247
0.970883955818731 0.23955029604192185
0.9701265964901058 0.24259923079540743
0.9693596624036293 0.24564577119242634
0.9685831611286311 0.2486898871648548
0.9677971003288655 0.25173154866849706
0.9670014877624351 0.25477072568338216
0.9661963312817148 0.25780738821405985
0.9653816388332739 0.26084150628989694
0.9645574184577981 0.26387304996537286
0.9637236782900097 0.26690198932037557
0.9628804265585875 0.2699282944604964
0.9620276715860859 0.2729519355173252
0.9611654217888519 0.27597288264874575
0.9602936856769431 0.2789911060392293
0.9594124718540429 0.28200657590012945
0.9585217890173758 0.2850192624699761
0.9576216459576222 0.2880291360147692
0.9567120515588305 0.2910361668282718
0.9557930147983301 0.294040325232304
0.954864544746643 0.2970415815770349
0.9539266505673936 0.30003990624127624
0.9529793415172189 0.30303526963277394
0.9520226269456766 0.30602764218850076
0.9510565162951535 0.3090169943749474
0.9500810191007717 0.31200329668841487
0.9490961449902946 0.3149865196553048
0.948101903684032 0.31796663383241097
0.9470983049947443 0.3209436098072095
0.9460853588275453 0.3239174181981494
0.9450630751798048 0.32688802965494246
0.9440314641410498 0.3298554148588529
0.9429905358928644 0.3328195445229867
0.9419403007087906 0.33578038939258065
0.9408807689542255 0.3387379202452914
0.9398119510863197 0.3416921078914833
0.9387338576538741 0.34464292317451706
0.9376464992972356 0.34759033697103703
0.9365498867481923 0.350534320191259
0.9354440308298673 0.35347484377925714
0.934328942456612 0.35641187871325075
0.9332046326338985 0.35934539600589066
0.932071112458211 0.3622753667045457
0.9309283931169358 0.3652017618915878
0.9297764858882513 0.368124552684678
0.9286154021410173 0.371043710237051
0.9274451533346613 0.37395920573780045
0.9262657510190666 0.37687101041216264
0.925077206834458 0.3797790955218011
0.9238795325112867 0.3826834323650898
0.9226727398701149 0.38558399227739654
0.9214568408214985 0.38848074663136606
0.9202318473658704 0.3913736668372024
0.9189977715934213 0.394262724342951
0.9177546256839811 0.3971478906347806
0.916502421906898 0.4000291372372648
0.9152411726209175 0.40290643571366264
0.9139708902740612 0.4057797576662
0.9126915874035029 0.40864907473634904
0.9114032766354452 0.4115143586051088
0.9101059706849957 0.41437558099328414
0.90879968235604 0.4172327136617653
0.9074844245411169 0.42008572841180625
0.9061602102212898 0.4229345970853033
0.9048270524660196 0.42577929156507266
0.9034849644330348 0.4286197837751284
0.9021339593682028 0.43145604568095897
0.9007740506053981 0.43428804928980463
0.8994052515663711 0.4371157666509329
0.8980275757606156 0.43993916985591514
0.8966410367852359 0.4427582310389015
0.8952456483248117 0.4455729223768963
0.8938414241512638 0.44838321609003223
0.8924283781237179 0.4511890844418451
0.8910065241883678 0.4539904997395468
0.8895758763783379 0.45678743433429947
0.8881364488135445 0.45957986062148787
0.8866882557005564 0.4623677510409918
0.8852313113324553 0.46515107807745837
0.8837656300886934 0.4679298142605734
0.8822912264349533 0.4707039321653326
0.8808081149230036 0.4734734044123121
0.8793163101905562 0.4762382036679391
0.8778158269611217 0.478998302644761
0.8763066800438636 0.4817536741017153
0.8747888843334528 0.484504290844398
0.8732624548099202 0.4872501257253323
0.8717274065385089 0.48999115164423657
0.8701837546695257 0.49272734154829156
0.8686315144381912 0.4954586684324076
0.86707070116449 0.4981851053394908
0.865501330253019 0.5009066253607098
0.8639234171928353 0.5036232016357608
0.862336977557304 0.5063348073531326
0.8607420270039436 0.5090414157503713
0.8591385812742725 0.5117430001143449
0.8575266561936523 0.5144395337815064
0.855906267671133 0.5171309901381572
0.8542774316992952 0.5198173426207096
0.8526401643540923 0.5224985647159488
0.8509944817946918 0.5251746299612957
0.8493404002633165 0.5278455119450665
0.8476779360850832 0.530511184306734
0.8460071056678422 0.5331716207371886
0.8443279255020151 0.5358267949789967
0.8426404121604323 0.5384766808266602
0.840944582298169 0.5411212521268759
0.8392404526523818 0.5437604827787924
0.8375280400421417 0.5463943467342691
0.8358073613682702 0.5490228179981318
0.8340784336131711 0.5516458706284303
0.8323412738406635 0.554263478736694
0.8305958991958127 0.556875616488188
0.8288423269047619 0.559482258102167
0.8270805742745618 0.5620833778521306
0.8253106586929996 0.564678950066077
0.8235325976284275 0.5672689491267565
0.8217464086295903 0.5698533494719238
0.8199521093254523 0.5724321255945909
0.8181497174250234 0.5750052520432786
0.816339250717184 0.5775727034222676
0.8145207270705094 0.5801344543918494
0.812694164433094 0.5826904796685761
0.8108595808323734 0.5852407540255101
0.8090169943749475 0.5877852522924731
0.8071664232464003 0.5903239493562945
0.8053078857111219 0.5928568201610592
0.8034414001121275 0.595383839708355
0.8015669848708766 0.5979049830575188
0.7996846584870906 0.600420225325884
0.797794439538571 0.6029295416890247
0.7958963466810158 0.6054329073810014
0.7939903986478354 0.6079302976946054
0.7920766142499671 0.6104216879816026
0.7901550123756904 0.6129070536529765
0.7882256119904401 0.6153863701791715
0.7862884321366189 0.6178596130903343
0.78434349193341 0.620326757976556
0.7823908105765881 0.6227877804881126
0.7804304073383297 0.6252426563357052
0.7784623015670233 0.6276913612907006
0.7764865126870786 0.6301338711853691
0.7745030601987338 0.6325701619131244
0.7725119636778643 0.6350002094287607
0.7705132427757891 0.6374239897486897
0.7685069172190766 0.6398414789511784
0.7664930068093498 0.6422526531765844
0.7644715314230915 0.6446574886275913
0.7624425110114479 0.6470559615694443
0.760405965600031 0.6494480483301837
0.7583619152887219 0.6518337253008788
0.7563103802514719 0.6542129689358611
0.7542513807361038 0.6565857557529565
0.7521849370641115 0.658952062333717
0.7501110696304596 0.6613118653236518
0.7480297989033825 0.6636651414324585
0.7459411454241821 0.6660118674342517
0.7438451298070251 0.668352020167793
0.7417417727387392 0.67068557653672
0.7396310949786097 0.6730125135097733
0.7375131173581739 0.6753328081210245
0.7353878607810158 0.6776464374701023
0.73325534622256 0.6799533787224192
0.7311155947298641 0.6822536091093965
0.7289686274214116 0.6845471059286887
0.7268144654869028 0.6868338465444083
0.7246531301870467 0.6891138083873485
0.7224846428533498 0.6913869689552063
0.7203090248879069 0.693653305812805
0.7181262977631888 0.6959127965923144
0.7159364830218312 0.6981654189934727
0.7137396022764213 0.7004111507838063
0.7115356772092853 0.7026499697988492
0.7093247295722738 0.7048818539423615
0.7071067811865476 0.7071067811865475
0.7048818539423615 0.7093247295722738
0.7026499697988492 0.7115356772092853
0.7004111507838063 0.7137396022764213
0.6981654189934727 0.7159364830218311
0.6959127965923144 0.7181262977631888
0.693653305812805 0.7203090248879069
0.6913869689552063 0.7224846428533498
0.6891138083873485 0.7246531301870467
0.6868338465444083 0.7268144654869028
0.6845471059286887 0.7289686274214116
0.6822536091093965 0.7311155947298641
0.6799533787224192 0.73325534622256
0.6776464374701023 0.7353878607810158
0.6753328081210245 0.7375131173581739
0.6730125135097733 0.7396310949786097
0.67068557653672 0.7417417727387392
0.668352020167793 0.743845129807025
0.6660118674342517 0.7459411454241821
0.6636651414324585 0.7480297989033825
0.6613118653236518 0.7501110696304596
0.658952062333717 0.7521849370641114
0.6565857557529565 0.7542513807361038
0.6542129689358611 0.7563103802514719
0.6518337253008788 0.7583619152887219
0.6494480483301838 0.7604059656000309
0.6470559615694443 0.7624425110114479
0.6446574886275913 0.7644715314230915
0.6422526531765844 0.7664930068093498
0.6398414789511784 0.7685069172190766
0.6374239897486897 0.7705132427757891
0.6350002094287607 0.7725119636778643
0.6325701619131244 0.7745030601987338
0.6301338711853691 0.7764865126870786
0.6276913612907006 0.7784623015670233
0.6252426563357052 0.7804304073383297
0.6227877804881126 0.7823908105765881
0.620326757976556 0.78434349193341
0.6178596130903344 0.7862884321366188
0.6153863701791715 0.7882256119904401
0.6129070536529765 0.7901550123756904
0.6104216879816026 0.7920766142499671
0.6079302976946055 0.7939903986478353
0.6054329073810014 0.7958963466810158
0.6029295416890247 0.797794439538571
0.600420225325884 0.7996846584870906
0.5979049830575189 0.8015669848708765
0.595383839708355 0.8034414001121275
0.5928568201610592 0.8053078857111219
0.5903239493562945 0.8071664232464003
0.5877852522924731 0.8090169943749475
0.5852407540255101 0.8108595808323734
0.5826904796685761 0.812694164433094
0.5801344543918494 0.8145207270705094
0.5775727034222676 0.816339250717184
0.5750052520432786 0.8181497174250234
0.5724321255945909 0.8199521093254523
0.5698533494719238 0.8217464086295903
0.5672689491267565 0.8235325976284275
0.5646789500660772 0.8253106586929996
0.5620833778521306 0.8270805742745618
0.559482258102167 0.8288423269047619
0.556875616488188 0.8305958991958127
0.5542634787366941 0.8323412738406634
0.5516458706284303 0.8340784336131711
0.5490228179981318 0.8358073613682702
0.5463943467342691 0.8375280400421417
0.5437604827787925 0.8392404526523817
0.5411212521268759 0.840944582298169
0.5384766808266602 0.8426404121604323
0.5358267949789967 0.8443279255020151
0.5331716207371886 0.8460071056678422
0.530511184306734 0.8476779360850832
0.5278455119450663 0.8493404002633166
0.5251746299612958 0.8509944817946917
0.5224985647159489 0.8526401643540922
0.5198173426207096 0.8542774316992952
0.5171309901381572 0.855906267671133
0.5144395337815064 0.8575266561936523
0.5117430001143449 0.8591385812742725
0.5090414157503713 0.8607420270039436
0.5063348073531325 0.862336977557304
0.5036232016357609 0.8639234171928353
0.50090662536071 0.8655013302530189
0.4981851053394909 0.86707070116449
0.4954586684324076 0.8686315144381912
0.49272734154829156 0.8701837546695257
0.48999115164423657 0.8717274065385089
0.4872501257253323 0.8732624548099202
0.48450429084439794 0.8747888843334528
0.4817536741017154 0.8763066800438635
0.47899830264476106 0.8778158269611216
0.4762382036679391 0.8793163101905562
0.4734734044123121 0.8808081149230036
0.4707039321653326 0.8822912264349533
0.46792981426057334 0.8837656300886935
0.46515107807745826 0.8852313113324553
0.4623677510409917 0.8866882557005565
0.45957986062148776 0.8881364488135446
0.4567874343342995 0.8895758763783379
0.4539904997395468 0.8910065241883678
0.4511890844418451 0.8924283781237179
0.44838321609003223 0.8938414241512638
0.4455729223768963 0.8952456483248117
0.4427582310389015 0.8966410367852359
0.4399391698559151 0.8980275757606156
0.4371157666509328 0.8994052515663711
0.4342880492898047 0.9007740506053981
0.431456045680959 0.9021339593682028
0.4286197837751284 0.9034849644330348
0.42577929156507266 0.9048270524660196
0.42293459708530323 0.9061602102212899
0.4200857284118062 0.907484424541117
0.41723271366176523 0.9087996823560401
0.41437558099328403 0.9101059706849958
0.41151435860510865 0.9114032766354453
0.4086490747363491 0.9126915874035028
0.4057797576662 0.9139708902740612
0.40290643571366264 0.9152411726209175
0.40002913723726474 0.916502421906898
0.39714789063478056 0.9177546256839811
0.39426272434295095 0.9189977715934214
0.3913736668372023 0.9202318473658704
0.388480746631366 0.9214568408214985
0.3855839922773966 0.9226727398701148
0.38268343236508984 0.9238795325112867
0.3797790955218011 0.925077206834458
0.37687101041216264 0.9262657510190666
0.3739592057378004 0.9274451533346614
0.37104371023705096 0.9286154021410173
0.36812455268467786 0.9297764858882515
0.3652017618915877 0.9309283931169358
0.36227536670454574 0.932071112458211
0.3593453960058907 0.9332046326338985
0.35641187871325075 0.934328942456612
0.35347484377925714 0.9354440308298673
0.35053432019125896 0.9365498867481924
0.347590336971037 0.9376464992972356
0.344642923174517 0.9387338576538741
0.34169210789148324 0.9398119510863197
0.33873792024529126 0.9408807689542256
0.3357803893925807 0.9419403007087906
0.3328195445229867 0.9429905358928644
0.3298554148588529 0.9440314641410498
0.32688802965494246 0.9450630751798048
0.32391741819814934 0.9460853588275453
0.32094360980720943 0.9470983049947443
0.31796663383241086 0.948101903684032
0.31498651965530466 0.9490961449902946
0.3120032966884149 0.9500810191007717
0.30901699437494745 0.9510565162951535
0.30602764218850076 0.9520226269456766
0.30303526963277394 0.9529793415172189
0.3000399062412762 0.9539266505673936
0.29704158157703486 0.954864544746643
0.2940403252323039 0.9557930147983301
0.2910361668282717 0.9567120515588305
0.28802913601476904 0.9576216459576223
0.28501926246997616 0.9585217890173758
0.28200657590012945 0.9594124718540429
0.2789911060392293 0.9602936856769431
0.2759728826487457 0.9611654217888519
0.27295193551732516 0.9620276715860859
0.26992829446049627 0.9628804265585876
0.26690198932037545 0.9637236782900097
0.26387304996537275 0.9645574184577981
0.260841506289897 0.9653816388332739
0.2578073882140599 0.9661963312817147
0.25477072568338216 0.9670014877624351
0.25173154866849706 0.9677971003288655
0.24868988716485474 0.9685831611286311
0.24564577119242628 0.9693596624036293
0.24259923079540732 0.9701265964901059
0.2395502960419217 0.970883955818731
0.23649899702372476 0.971631732914674
0.23344536385590545 0.9723699203976766
0.2303894266765906 0.9730985109821265
0.22733121564664643 0.9738174974771289
0.22427076094938114 0.9745268727865771
0.22120809279024706 0.9752266299092234
0.21814324139654248 0.9759167619387474
0.21507623701711326 0.9765972620638246
0.21200710992205452 0.9772681235681935
0.20893589040241176 0.9779293398307218
0.20586260876988136 0.9785809043254721
0.2027872953565125 0.9792228106217657
0.199709980514407 0.9798550523842469
0.19663069461542002 0.9804776233729444
0.19354946805086018 0.9810905174433341
0.19046633123118978 0.9816937285463989
0.18738131458572452 0.9822872507286887
0.18429444856233337 0.9828710781323792
0.1812057636271374 0.9834452049953297
0.17811529026421014 0.9840096256511397
0.17502305897527604 0.9845643345292053
0.1719291002794095 0.985109326154774
0.16883344471273382 0.985644595148998
0.16573612282811961 0.9861701362289889
0.1626371651948835 0.986685944207868
0.15953660239848616 0.9871920139948193
0.15643446504023092 0.9876883405951378
0.15333078373696066 0.9881749191102805
0.15022558912075706 0.9886517447379141
0.14711891183863735 0.9891188127719618
0.1440107825522521 0.9895761186026509
0.14090123193758258 0.9900236577165575
0.13779029068463797 0.9904614256966512
0.13467798949715246 0.9908894182223387
0.13156435909228256 0.9913076310695066
0.1284494302003029 0.9917160601105629
0.12533323356430426 0.9921147013144779
0.12221579993988942 0.9925035507468237
0.11909716009486969 0.9928826045698137
0.1159773448089613 0.9932518590423394
0.11285638487348158 0.9936113105200084
0.10973431109104514 0.9939609554551797
0.10661115427525998 0.9943007903969989
0.10348694525042257 0.9946308119914323
0.10036171485121491 0.9949510169813002
0.09723549392239932 0.9952614022063083
0.09410831331851428 0.99556196460308
0.09098020390356985 0.9958527012051857
0.08785119655074308 0.9961336091431725
0.08472132214207333 0.9964046856445924
0.0815906115681574 0.9966659280340299
0.078459095727845 0.996917333733128
0.07532680552793275 0.9971589002606139
0.0721937718828606 0.9973906252323237
0.06906002571440577 0.9976125063612252
0.0659255979513778 0.9978245414574415
0.06279051952931329 0.9980267284282716
0.0596548213901706 0.9982190652782118
0.0565185344820244 0.998401550108975
0.053381689758760544 0.9985741811195097
0.0502443181797696 0.9987369566060175
0.04710645070964268 0.99888987496197
0.043968118317864895 0.9990329346781247
0.04082935197850996 0.9991661343425401
0.03769018266993448 0.9992894726405892
0.03455064137447218 0.9994029483549729
0.03141075907812818 0.9995065603657316
0.02827056677027311 0.9996003076502565
0.02513009544333753 0.9996841892832999
0.021989376092505133 0.999758204436984
0.018848439715408175 0.999822352380809
0.015707317311820648 0.9998766324816606
0.012566039883352552 0.9999210442038161
0.009424638433143924 0.9999555871089498
0.0062831439655588435 0.9999802608561371
0.003141587485879429 0.9999950652018582
6.123233995736766e-17 1.0
-0.003141587485879529 0.9999950652018582
-0.006283143965558942 0.9999802608561371
-0.009424638433144025 0.9999555871089498
-0.012566039883352653 0.9999210442038161
-0.015707317311820745 0.9998766324816606
-0.018848439715408272 0.999822352380809
-0.02198937609250523 0.999758204436984
-0.025130095443337407 0.9996841892832999
-0.028270566770273207 0.9996003076502565
-0.03141075907812828 0.9995065603657316
-0.03455064137447228 0.9994029483549729
-0.037690182669934576 0.9992894726405892
-0.04082935197851006 0.9991661343425401
-0.04396811831786499 0.9990329346781247
-0.047106450709642776 0.99888987496197
-0.050244318179769695 0.9987369566060175
-0.05338168975876042 0.9985741811195098
-0.0565185344820245 0.998401550108975
-0.0596548213901707 0.9982190652782118
-0.0627905195293134 0.9980267284282716
-0.06592559795137791 0.9978245414574415
-0.06906002571440588 0.9976125063612252
-0.0721937718828607 0.9973906252323237
-0.07532680552793286 0.9971589002606139
-0.07845909572784489 0.996917333733128
-0.08159061156815751 0.9966659280340299
-0.08472132214207344 0.9964046856445924
-0.0878511965507432 0.9961336091431725
-0.09098020390356996 0.9958527012051857
-0.0941083133185144 0.99556196460308
-0.09723549392239943 0.9952614022063083
-0.10036171485121502 0.9949510169813002
-0.10348694525042246 0.9946308119914323
-0.10661115427525987 0.9943007903969989
-0.10973431109104526 0.9939609554551797
-0.1128563848734817 0.9936113105200084
-0.11597734480896141 0.9932518590423394
-0.1190971600948698 0.9928826045698137
-0.12221579993988953 0.9925035507468237
-0.12533323356430437 0.9921147013144778
-0.128449430200303 0.9917160601105628
-0.13156435909228245 0.9913076310695066
-0.13467798949715257 0.9908894182223387
-0.13779029068463808 0.9904614256966512
-0.1409012319375827 0.9900236577165575
-0.14401078255225222 0.9895761186026509
-0.14711891183863746 0.9891188127719618
-0.15022558912075717 0.988651744737914
-0.15333078373696077 0.9881749191102804
-0.1564344650402308 0.9876883405951378
-0.15953660239848627 0.9871920139948192
-0.16263716519488358 0.986685944207868
-0.16573612282811973 0.9861701362289889
-0.16883344471273393 0.985644595148998
-0.1719291002794096 0.9851093261547739
-0.17502305897527615 0.9845643345292053
-0.17811529026421025 0.9840096256511397
-0.1812057636271375 0.9834452049953296
-0.18429444856233326 0.9828710781323792
-0.1873813145857246 0.9822872507286887
-0.1904663312311899 0.9816937285463989
-0.1935494680508603 0.9810905174433341
-0.19663069461542013 0.9804776233729444
-0.1997099805144071 0.9798550523842469
-0.2027872953565126 0.9792228106217657
-0.20586260876988147 0.9785809043254721
-0.20893589040241164 0.9779293398307218
-0.21200710992205463 0.9772681235681935
-0.21507623701711337 0.9765972620638246
-0.21814324139654256 0.9759167619387474
-0.22120809279024717 0.9752266299092234
-0.22427076094938125 0.9745268727865771
-0.22733121564664655 0.9738174974771289
-0.2303894266765907 0.9730985109821265
-0.23344536385590534 0.9723699203976767
-0.23649899702372465 0.971631732914674
-0.23955029604192182 0.970883955818731
-0.24259923079540743 0.9701265964901058
-0.24564577119242637 0.9693596624036293
-0.24868988716485485 0.9685831611286311
-0.2517315486684972 0.9677971003288655
-0.25477072568338227 0.967001487762435
-0.25780738821406 0.9661963312817147
-0.2608415062898969 0.9653816388332739
-0.26387304996537286 0.9645574184577981
-0.26690198932037557 0.9637236782900097
-0.2699282944604964 0.9628804265585875
-0.2729519355173253 0.9620276715860858
-0.2759728826487458 0.9611654217888519
-0.2789911060392294 0.9602936856769431
-0.28200657590012956 0.9594124718540428
-0.28501926246997605 0.958521789017376
-0.28802913601476915 0.9576216459576222
-0.2910361668282718 0.9567120515588305
-0.294040325232304 0.9557930147983301
-0.297041581577035 0.954864544746643
-0.3000399062412763 0.9539266505673936
-0.30303526963277405 0.9529793415172187
-0.3060276421885008 0.9520226269456766
-0.30901699437494756 0.9510565162951535
-0.3120032966884148 0.9500810191007717
-0.3149865196553048 0.9490961449902946
-0.31796663383241097 0.948101903684032
-0.32094360980720954 0.9470983049947442
-0.32391741819814945 0.9460853588275453
-0.32688802965494257 0.9450630751798048
-0.329855414858853 0.9440314641410497
-0.3328195445229868 0.9429905358928644
-0.3357803893925806 0.9419403007087906
-0.33873792024529137 0.9408807689542255
-0.3416921078914833 0.9398119510863197
-0.34464292317451706 0.9387338576538741
-0.3475903369710371 0.9376464992972356
-0.3505343201912591 0.9365498867481923
-0.3534748437792572 0.9354440308298673
-0.3564118787132508 0.934328942456612
-0.3593453960058906 0.9332046326338986
-0.36227536670454563 0.932071112458211
-0.3652017618915878 0.9309283931169358
-0.368124552684678 0.9297764858882513
-0.37104371023705107 0.9286154021410173
-0.3739592057378005 0.9274451533346613
-0.37687101041216275 0.9262657510190666
-0.3797790955218012 0.925077206834458
-0.3826834323650899 0.9238795325112867
-0.3855839922773965 0.9226727398701149
-0.38848074663136606 0.9214568408214985
-0.3913736668372024 0.9202318473658704
-0.394262724342951 0.9189977715934213
-0.3971478906347807 0.9177546256839811
-0.40002913723726485 0.9165024219068979
-0.40290643571366275 0.9152411726209175
-0.4057797576662001 0.9139708902740611
-0.408649074736349 0.9126915874035029
-0.41151435860510877 0.9114032766354453
-0.41437558099328414 0.9101059706849957
-0.4172327136617655 0.90879968235604
-0.4200857284118063 0.9074844245411169
-0.4229345970853031 0.9061602102212899
-0.42577929156507277 0.9048270524660195
-0.42861978377512827 0.9034849644330348
-0.43145604568095913 0.9021339593682027
-0.4342880492898046 0.9007740506053981
-0.4371157666509331 0.899405251566371
-0.43993916985591514 0.8980275757606156
-0.4427582310389018 0.8966410367852358
-0.44557292237689633 0.8952456483248117
-0.4483832160900321 0.8938414241512638
-0.45118908444184513 0.8924283781237179
-0.45399049973954675 0.8910065241883679
-0.45678743433429964 0.8895758763783379
-0.45957986062148787 0.8881364488135446
-0.462367751040992 0.8866882557005564
-0.46515107807745837 0.8852313113324553
-0.46792981426057323 0.8837656300886935
-0.47070393216533263 0.8822912264349533
-0.47347340441231206 0.8808081149230036
-0.47623820366793923 0.8793163101905562
-0.47899830264476095 0.8778158269611217
-0.4817536741017154 0.8763066800438635
-0.48450429084439794 0.8747888843334528
-0.4872501257253325 0.87326245480992
-0.48999115164423657 0.8717274065385089
-0.4927273415482914 0.8701837546695258
-0.4954586684324076 0.8686315144381912
-0.49818510533949073 0.8670707011644901
-0.50090662536071 0.8655013302530189
-0.5036232016357608 0.8639234171928354
-0.5063348073531326 0.8623369775573039
-0.5090414157503713 0.8607420270039436
-0.5117430001143451 0.8591385812742723
-0.5144395337815064 0.8575266561936523
-0.517130990138157 0.8559062676711331
-0.5198173426207096 0.8542774316992952
-0.5224985647159488 0.8526401643540923
-0.5251746299612958 0.8509944817946917
-0.5278455119450663 0.8493404002633166
-0.5305111843067342 0.8476779360850831
-0.5331716207371886 0.8460071056678422
-0.5358267949789964 0.8443279255020152
-0.5384766808266602 0.8426404121604323
-0.5411212521268757 0.8409445822981692
-0.5437604827787925 0.8392404526523817
-0.546394346734269 0.8375280400421418
-0.5490228179981318 0.8358073613682702
-0.5516458706284302 0.8340784336131712
-0.5542634787366942 0.8323412738406634
-0.556875616488188 0.8305958991958127
-0.5594822581021668 0.828842326904762
-0.5620833778521306 0.8270805742745618
-0.5646789500660769 0.8253106586929997
-0.5672689491267566 0.8235325976284273
-0.5698533494719237 0.8217464086295903
-0.572432125594591 0.8199521093254523
-0.5750052520432786 0.8181497174250234
-0.5775727034222677 0.8163392507171838
-0.5801344543918494 0.8145207270705094
-0.5826904796685759 0.8126941644330941
-0.5852407540255101 0.8108595808323734
-0.587785252292473 0.8090169943749475
-0.5903239493562946 0.8071664232464002
-0.5928568201610592 0.805307885711122
-0.5953838397083551 0.8034414001121275
-0.5979049830575188 0.8015669848708766
-0.6004202253258842 0.7996846584870905
-0.6029295416890247 0.797794439538571
-0.6054329073810013 0.795896346681016
-0.6079302976946055 0.7939903986478353
-0.6104216879816025 0.7920766142499671
-0.6129070536529766 0.7901550123756903
-0.6153863701791714 0.7882256119904401
-0.6178596130903344 0.7862884321366188
-0.620326757976556 0.78434349193341
-0.6227877804881123 0.7823908105765882
-0.6252426563357052 0.7804304073383297
-0.6276913612907004 0.7784623015670236
-0.6301338711853692 0.7764865126870786
-0.6325701619131244 0.7745030601987339
-0.6350002094287608 0.7725119636778643
-0.6374239897486896 0.7705132427757893
-0.6398414789511786 0.7685069172190765
-0.6422526531765844 0.7664930068093498
-0.6446574886275912 0.7644715314230918
-0.6470559615694443 0.7624425110114479
-0.6494480483301835 0.760405965600031
-0.6518337253008788 0.7583619152887218
-0.654212968935861 0.756310380251472
-0.6565857557529565 0.7542513807361038
-0.658952062333717 0.7521849370641115
-0.661311865323652 0.7501110696304594
-0.6636651414324585 0.7480297989033825
-0.6660118674342514 0.7459411454241822
-0.668352020167793 0.743845129807025
-0.6706855765367199 0.7417417727387393
-0.6730125135097734 0.7396310949786096
-0.6753328081210244 0.7375131173581739
-0.6776464374701024 0.7353878607810158
-0.6799533787224192 0.73325534622256
-0.6822536091093963 0.7311155947298642
-0.6845471059286887 0.7289686274214116
-0.6868338465444082 0.7268144654869029
-0.6891138083873485 0.7246531301870466
-0.6913869689552063 0.7224846428533499
-0.693653305812805 0.7203090248879067
-0.6959127965923143 0.7181262977631888
-0.6981654189934728 0.7159364830218311
-0.7004111507838063 0.7137396022764213
-0.7026499697988491 0.7115356772092856
-0.7048818539423615 0.7093247295722738
-0.7071067811865475 0.7071067811865476
-0.709324729572274 0.7048818539423612
-0.7115356772092853 0.7026499697988492
-0.7137396022764215 0.7004111507838062
-0.7159364830218312 0.6981654189934727
-0.718126297763189 0.6959127965923142
-0.7203090248879069 0.6936533058128049
-0.7224846428533498 0.6913869689552065
-0.7246531301870467 0.6891138083873484
-0.7268144654869028 0.6868338465444083
-0.7289686274214117 0.6845471059286885
-0.7311155947298641 0.6822536091093965
-0.7332553462225602 0.679953378722419
-0.7353878607810159 0.6776464374701022
-0.7375131173581737 0.6753328081210246
-0.7396310949786098 0.6730125135097733
-0.7417417727387392 0.6706855765367201
-0.7438451298070252 0.6683520201677929
-0.7459411454241821 0.6660118674342517
-0.7480297989033826 0.6636651414324584
-0.7501110696304596 0.6613118653236518
-0.7521849370641116 0.6589520623337167
-0.7542513807361039 0.6565857557529564
-0.7563103802514719 0.6542129689358612
-0.758361915288722 0.6518337253008787
-0.7604059656000309 0.6494480483301838
-0.762442511011448 0.6470559615694442
-0.7644715314230915 0.6446574886275913
-0.76649300680935 0.6422526531765842
-0.7685069172190766 0.6398414789511784
-0.7705132427757895 0.6374239897486895
-0.7725119636778645 0.6350002094287606
-0.7745030601987337 0.6325701619131245
-0.7764865126870787 0.630133871185369
-0.7784623015670233 0.6276913612907006
-0.7804304073383299 0.6252426563357051
-0.7823908105765881 0.6227877804881126
-0.7843434919334102 0.6203267579765558
-0.7862884321366189 0.6178596130903343
-0.78822561199044 0.6153863701791716
-0.7901550123756904 0.6129070536529764
-0.792076614249967 0.6104216879816026
-0.7939903986478354 0.6079302976946053
-0.7958963466810158 0.6054329073810014
-0.7977944395385711 0.6029295416890246
-0.7996846584870906 0.600420225325884
-0.8015669848708767 0.5979049830575187
-0.8034414001121276 0.5953838397083548
-0.8053078857111219 0.5928568201610593
-0.8071664232464003 0.5903239493562945
-0.8090169943749473 0.5877852522924732
-0.8108595808323735 0.58524075402551
-0.812694164433094 0.5826904796685761
-0.8145207270705095 0.5801344543918492
-0.816339250717184 0.5775727034222676
-0.8181497174250236 0.5750052520432783
-0.8199521093254524 0.5724321255945908
-0.8217464086295901 0.5698533494719239
-0.8235325976284276 0.5672689491267564
-0.8253106586929996 0.5646789500660772
-0.8270805742745619 0.5620833778521305
-0.8288423269047619 0.559482258102167
-0.8305958991958128 0.5568756164881878
-0.8323412738406635 0.554263478736694
-0.8340784336131714 0.55164587062843
-0.8358073613682703 0.5490228179981317
-0.8375280400421417 0.5463943467342691
-0.8392404526523818 0.5437604827787924
-0.840944582298169 0.5411212521268759
-0.8426404121604323 0.53847668082666
-0.8443279255020151 0.5358267949789967
-0.8460071056678423 0.5331716207371884
-0.8476779360850832 0.530511184306734
-0.8493404002633165 0.5278455119450666
-0.850994481794692 0.5251746299612956
-0.8526401643540922 0.5224985647159489
-0.8542774316992953 0.5198173426207093
-0.855906267671133 0.5171309901381572
-0.8575266561936523 0.5144395337815063
-0.8591385812742725 0.5117430001143449
-0.8607420270039438 0.5090414157503711
-0.862336977557304 0.5063348073531325
-0.8639234171928353 0.5036232016357609
-0.865501330253019 0.5009066253607098
-0.86707070116449 0.4981851053394909
-0.8686315144381913 0.4954586684324074
-0.8701837546695257 0.49272734154829156
-0.871727406538509 0.4899911516442364
-0.8732624548099202 0.4872501257253323
-0.8747888843334529 0.4845042908443977
-0.8763066800438637 0.4817536741017152
-0.8778158269611216 0.4789983026447611
-0.8793163101905563 0.476238203667939
-0.8808081149230036 0.47347340441231217
-0.8822912264349534 0.4707039321653324
-0.8837656300886934 0.4679298142605734
-0.8852313113324554 0.46515107807745815
-0.8866882557005565 0.46236775104099176
-0.8881364488135445 0.459579860621488
-0.889575876378338 0.4567874343342994
-0.8910065241883678 0.45399049973954686
-0.892428378123718 0.4511890844418449
-0.8938414241512638 0.4483832160900323
-0.8952456483248118 0.4455729223768961
-0.8966410367852359 0.4427582310389015
-0.8980275757606158 0.4399391698559149
-0.8994052515663711 0.4371157666509328
-0.9007740506053981 0.4342880492898047
-0.9021339593682028 0.43145604568095886
-0.9034849644330348 0.42861978377512844
-0.9048270524660196 0.4257792915650725
-0.9061602102212898 0.4229345970853033
-0.907484424541117 0.420085728411806
-0.9087996823560401 0.41723271366176523
-0.9101059706849958 0.41437558099328387
-0.9114032766354453 0.4115143586051087
-0.9126915874035028 0.40864907473634915
-0.9139708902740613 0.40577975766619984
-0.9152411726209175 0.4029064357136627
-0.916502421906898 0.4000291372372646
-0.9177546256839811 0.3971478906347806
-0.9189977715934214 0.3942627243429508
-0.9202318473658704 0.39137366683720237
-0.9214568408214984 0.3884807466313662
-0.9226727398701149 0.3855839922773965
-0.9238795325112867 0.38268343236508984
-0.9250772068344582 0.37977909552180095
-0.9262657510190666 0.3768710104121627
-0.9274451533346614 0.3739592057378002
-0.9286154021410173 0.371043710237051
-0.9297764858882515 0.3681245526846777
-0.9309283931169358 0.36520176189158776
-0.932071112458211 0.3622753667045458
-0.9332046326338986 0.35934539600589055
-0.934328942456612 0.35641187871325075
-0.9354440308298674 0.353474843779257
-0.9365498867481923 0.350534320191259
-0.9376464992972358 0.3475903369710368
-0.9387338576538741 0.34464292317451706
-0.9398119510863198 0.3416921078914831
-0.9408807689542255 0.3387379202452913
-0.9419403007087905 0.33578038939258076
-0.9429905358928645 0.3328195445229865
-0.9440314641410497 0.32985541485885295
-0.9450630751798049 0.3268880296549423
-0.9460853588275453 0.3239174181981494
-0.9470983049947443 0.32094360980720926
-0.948101903684032 0.3179666338324109
-0.9490961449902947 0.3149865196553045
-0.9500810191007718 0.31200329668841476
-0.9510565162951535 0.3090169943749475
-0.9520226269456766 0.3060276421885006
-0.9529793415172187 0.303035269632774
-0.9539266505673936 0.300039906241276
-0.954864544746643 0.2970415815770349
-0.9557930147983302 0.2940403252323037
-0.9567120515588305 0.29103616682827177
-0.9576216459576222 0.2880291360147693
-0.958521789017376 0.285019262469976
-0.9594124718540428 0.2820065759001295
-0.9602936856769431 0.2789911060392291
-0.9611654217888519 0.27597288264874575
-0.9620276715860859 0.272951935517325
-0.9628804265585876 0.2699282944604963
-0.9637236782900098 0.2669019893203753
-0.9645574184577981 0.2638730499653728
-0.9653816388332739 0.26084150628989705
-0.9661963312817148 0.25780738821405974
-0.967001487762435 0.2547707256833822
-0.9677971003288655 0.2517315486684969
-0.9685831611286311 0.2486898871648548
-0.9693596624036294 0.24564577119242612
-0.9701265964901058 0.24259923079540738
-0.9708839558187311 0.23955029604192155
-0.971631732914674 0.2364989970237246
-0.9723699203976766 0.2334453638559055
-0.9730985109821266 0.23038942667659046
-0.9738174974771289 0.2273312156466465
-0.9745268727865772 0.224270760949381
-0.9752266299092234 0.2212080927902471
-0.9759167619387474 0.21814324139654231
-0.9765972620638246 0.21507623701711331
-0.9772681235681935 0.21200710992205477
-0.9779293398307218 0.2089358904024116
-0.9785809043254721 0.2058626087698814
-0.9792228106217659 0.20278729535651233
-0.9798550523842469 0.19970998051440705
-0.9804776233729444 0.19663069461541985
-0.9810905174433341 0.19354946805086023
-0.9816937285463989 0.1904663312311896
-0.9822872507286887 0.18738131458572455
-0.9828710781323792 0.18429444856233343
-0.9834452049953297 0.18120576362713722
-0.9840096256511397 0.1781152902642102
-0.9845643345292054 0.17502305897527587
-0.9851093261547739 0.17192910027940955
-0.985644595148998 0.16883344471273365
-0.9861701362289889 0.16573612282811967
-0.9866859442078681 0.16263716519488333
-0.9871920139948192 0.15953660239848622
-0.9876883405951377 0.15643446504023098
-0.9881749191102805 0.1533307837369605
-0.988651744737914 0.15022558912075712
-0.9891188127719618 0.14711891183863718
-0.9895761186026509 0.14401078255225216
-0.9900236577165576 0.14090123193758242
-0.9904614256966512 0.13779029068463802
-0.9908894182223387 0.13467798949715273
-0.9913076310695066 0.1315643590922824
-0.9917160601105629 0.12844943020030294
-0.9921147013144779 0.1253332335643041
-0.9925035507468237 0.12221579993988949
-0.9928826045698137 0.11909716009486954
-0.9932518590423394 0.11597734480896137
-0.9936113105200084 0.11285638487348143
-0.9939609554551797 0.10973431109104521
-0.9943007903969989 0.10661115427526005
-0.9946308119914323 0.10348694525042242
-0.9949510169813002 0.10036171485121498
-0.9952614022063083 0.09723549392239916
-0.99556196460308 0.09410831331851435
-0.9958527012051857 0.0909802039035697
-0.9961336091431725 0.08785119655074315
-0.9964046856445924 0.08472132214207317
-0.9966659280340299 0.08159061156815747
-0.996917333733128 0.07845909572784507
-0.9971589002606139 0.0753268055279326
-0.9973906252323237 0.07219377188286066
-0.9976125063612252 0.06906002571440562
-0.9978245414574415 0.06592559795137787
-0.9980267284282716 0.06279051952931314
-0.9982190652782118 0.05965482139017066
-0.998401550108975 0.05651853448202424
-0.9985741811195098 0.053381689758760384
-0.9987369566060175 0.05024431817976966
-0.99888987496197 0.04710645070964252
-0.9990329346781247 0.04396811831786496
-0.9991661343425401 0.0408293519785098
-0.9992894726405892 0.03769018266993454
-0.9994029483549729 0.03455064137447202
-0.9995065603657316 0.03141075907812824
-0.9996003076502565 0.02827056677027339
-0.9996841892832999 0.02513009544333737
-0.999758204436984 0.021989376092505192
-0.999822352380809 0.018848439715408012
-0.9998766324816606 0.015707317311820707
-0.9999210442038161 0.012566039883352392
-0.9999555871089498 0.009424638433143987
-0.9999802608561371 0.006283143965558682
-0.9999950652018582 0.0031415874858794902
-1.0 1.2246467991473532e-16
-0.9999950652018582 -0.0031415874858796897
-0.9999802608561371 -0.006283143965558882
-0.9999555871089498 -0.009424638433144185
-0.9999210442038161 -0.01256603988335259
-0.9998766324816606 -0.015707317311820908
-0.999822352380809 -0.018848439715408213
-0.999758204436984 -0.021989376092505394
-0.9996841892832999 -0.02513009544333757
-0.9996003076502565 -0.028270566770273148
-0.9995065603657316 -0.03141075907812843
-0.9994029483549729 -0.03455064137447222
-0.9992894726405892 -0.03769018266993473
-0.9991661343425401 -0.040829351978509995
-0.9990329346781247 -0.04396811831786515
-0.99888987496197 -0.047106450709642714
-0.9987369566060175 -0.05024431817976941
-0.9985741811195097 -0.05338168975876058
-0.998401550108975 -0.056518534482024436
-0.9982190652782118 -0.05965482139017086
-0.9980267284282716 -0.06279051952931333
-0.9978245414574415 -0.06592559795137806
-0.9976125063612252 -0.06906002571440581
-0.9973906252323236 -0.07219377188286086
-0.9971589002606139 -0.07532680552793279
-0.996917333733128 -0.07845909572784482
-0.9966659280340299 -0.08159061156815767
-0.9964046856445924 -0.08472132214207337
-0.9961336091431725 -0.08785119655074335
-0.9958527012051857 -0.0909802039035699
-0.99556196460308 -0.09410831331851455
-0.9952614022063083 -0.09723549392239936
-0.9949510169813002 -0.10036171485121517
-0.9946308119914323 -0.10348694525042261
-0.9943007903969989 -0.1066111542752598
-0.9939609554551797 -0.10973431109104541
-0.9936113105200084 -0.11285638487348162
-0.9932518590423394 -0.11597734480896156
-0.9928826045698137 -0.11909716009486973
-0.9925035507468237 -0.12221579993988968
-0.9921147013144779 -0.1253332335643043
-0.9917160601105629 -0.12844943020030272
-0.9913076310695066 -0.13156435909228262
-0.9908894182223387 -0.1346779894971525
-0.9904614256966512 -0.13779029068463822
-0.9900236577165575 -0.14090123193758264
-0.9895761186026509 -0.1440107825522524
-0.9891188127719618 -0.1471189118386374
-0.988651744737914 -0.1502255891207573
-0.9881749191102804 -0.1533307837369607
-0.9876883405951378 -0.15643446504023076
-0.9871920139948192 -0.15953660239848644
-0.986685944207868 -0.16263716519488353
-0.9861701362289889 -0.1657361228281199
-0.985644595148998 -0.16883344471273387
-0.9851093261547739 -0.17192910027940977
-0.9845643345292053 -0.1750230589752761
-0.9840096256511397 -0.1781152902642104
-0.9834452049953296 -0.18120576362713745
-0.9828710781323793 -0.1842944485623332
-0.9822872507286886 -0.18738131458572477
-0.9816937285463989 -0.19046633123118983
-0.9810905174433341 -0.19354946805086046
-0.9804776233729444 -0.19663069461542007
-0.9798550523842469 -0.19970998051440728
-0.9792228106217657 -0.20278729535651255
-0.9785809043254722 -0.2058626087698812
-0.9779293398307218 -0.2089358904024118
-0.9772681235681935 -0.21200710992205457
-0.9765972620638246 -0.21507623701711354
-0.9759167619387474 -0.2181432413965425
-0.9752266299092234 -0.22120809279024733
-0.9745268727865771 -0.2242707609493812
-0.9738174974771289 -0.2273312156466467
-0.9730985109821265 -0.23038942667659065
-0.9723699203976767 -0.2334453638559053
-0.9716317329146739 -0.23649899702372482
-0.970883955818731 -0.23955029604192177
-0.9701265964901058 -0.2425992307954076
-0.9693596624036293 -0.24564577119242634
-0.9685831611286311 -0.24868988716485502
-0.9677971003288655 -0.2517315486684971
-0.967001487762435 -0.25477072568338244
-0.9661963312817147 -0.25780738821405996
-0.9653816388332739 -0.26084150628989683
-0.9645574184577981 -0.26387304996537303
-0.9637236782900097 -0.2669019893203755
-0.9628804265585875 -0.26992829446049654
-0.9620276715860859 -0.2729519355173252
-0.9611654217888519 -0.275972882648746
-0.9602936856769431 -0.27899110603922933
-0.9594124718540428 -0.28200657590012973
-0.9585217890173758 -0.2850192624699762
-0.9576216459576222 -0.2880291360147691
-0.9567120515588304 -0.291036166828272
-0.9557930147983301 -0.29404032523230395
-0.9548645447466428 -0.29704158157703514
-0.9539266505673936 -0.30003990624127624
-0.9529793415172187 -0.3030352696327742
-0.9520226269456766 -0.3060276421885008
-0.9510565162951536 -0.3090169943749473
-0.9500810191007717 -0.312003296688415
-0.9490961449902946 -0.3149865196553047
-0.9481019036840319 -0.31796663383241114
-0.9470983049947443 -0.3209436098072095
-0.9460853588275453 -0.3239174181981496
-0.9450630751798048 -0.3268880296549425
-0.9440314641410497 -0.32985541485885317
-0.9429905358928644 -0.33281954452298673
-0.9419403007087906 -0.33578038939258054
-0.9408807689542255 -0.33873792024529153
-0.9398119510863197 -0.34169210789148324
-0.938733857653874 -0.3446429231745172
-0.9376464992972356 -0.34759033697103703
-0.9365498867481923 -0.35053432019125924
-0.9354440308298673 -0.3534748437792572
-0.9343289424566119 -0.356411878713251
-0.9332046326338985 -0.35934539600589077
-0.9320711124582111 -0.36227536670454563
-0.9309283931169356 -0.36520176189158793
-0.9297764858882515 -0.3681245526846779
-0.9286154021410172 -0.3710437102370512
-0.9274451533346613 -0.37395920573780045
-0.9262657510190666 -0.3768710104121629
-0.925077206834458 -0.37977909552180117
-0.9238795325112867 -0.38268343236508967
-0.9226727398701148 -0.38558399227739665
-0.9214568408214985 -0.388480746631366
-0.9202318473658703 -0.3913736668372026
-0.9189977715934213 -0.39426272434295095
-0.917754625683981 -0.39714789063478084
-0.916502421906898 -0.4000291372372648
-0.9152411726209174 -0.4029064357136629
-0.9139708902740612 -0.40577975766620006
-0.9126915874035029 -0.4086490747363489
-0.9114032766354452 -0.4115143586051089
-0.9101059706849957 -0.4143755809932841
-0.90879968235604 -0.41723271366176545
-0.9074844245411169 -0.42008572841180625
-0.9061602102212898 -0.4229345970853035
-0.9048270524660195 -0.4257792915650727
-0.9034849644330347 -0.4286197837751286
-0.9021339593682027 -0.4314560456809591
-0.9007740506053981 -0.4342880492898045
-0.899405251566371 -0.43711576665093305
-0.8980275757606156 -0.4399391698559151
-0.8966410367852358 -0.4427582310389017
-0.8952456483248117 -0.4455729223768963
-0.8938414241512637 -0.4483832160900325
-0.8924283781237179 -0.4511890844418451
-0.8910065241883679 -0.4539904997395467
-0.8895758763783379 -0.4567874343342996
-0.8881364488135446 -0.4595798606214878
-0.8866882557005564 -0.4623677510409919
-0.8852313113324553 -0.4651510780774583
-0.8837656300886934 -0.46792981426057356
-0.8822912264349533 -0.4707039321653326
-0.8808081149230035 -0.4734734044123124
-0.8793163101905562 -0.4762382036679392
-0.8778158269611217 -0.47899830264476095
-0.8763066800438635 -0.4817536741017154
-0.8747888843334528 -0.48450429084439794
-0.87326245480992 -0.4872501257253325
-0.8717274065385089 -0.48999115164423657
-0.8701837546695256 -0.4927273415482918
-0.8686315144381912 -0.4954586684324076
-0.8670707011644899 -0.4981851053394911
-0.8655013302530189 -0.50090662536071
-0.8639234171928354 -0.5036232016357608
-0.8623369775573039 -0.5063348073531326
-0.8607420270039436 -0.5090414157503713
-0.8591385812742723 -0.5117430001143451
-0.8575266561936523 -0.5144395337815064
-0.8559062676711329 -0.5171309901381574
-0.8542774316992952 -0.5198173426207096
-0.8526401643540921 -0.5224985647159491
-0.8509944817946917 -0.5251746299612958
-0.8493404002633166 -0.5278455119450663
-0.8476779360850831 -0.5305111843067342
-0.8460071056678422 -0.5331716207371886
-0.844327925502015 -0.5358267949789968
-0.8426404121604323 -0.5384766808266602
-0.8409445822981689 -0.5411212521268761
-0.8392404526523817 -0.5437604827787925
-0.8375280400421418 -0.546394346734269
-0.8358073613682702 -0.5490228179981318
-0.8340784336131712 -0.5516458706284302
-0.8323412738406634 -0.5542634787366942
-0.8305958991958127 -0.556875616488188
-0.8288423269047618 -0.5594822581021672
-0.8270805742745618 -0.5620833778521306
-0.8253106586929995 -0.5646789500660773
-0.8235325976284273 -0.5672689491267566
-0.8217464086295903 -0.5698533494719237
-0.8199521093254523 -0.572432125594591
-0.8181497174250234 -0.5750052520432786
-0.8163392507171838 -0.5775727034222677
-0.8145207270705094 -0.5801344543918494
-0.8126941644330938 -0.5826904796685762
-0.8108595808323734 -0.5852407540255101
-0.8090169943749472 -0.5877852522924734
-0.8071664232464002 -0.5903239493562946
-0.805307885711122 -0.5928568201610592
-0.8034414001121275 -0.5953838397083551
-0.8015669848708766 -0.5979049830575188
-0.7996846584870905 -0.6004202253258842
-0.797794439538571 -0.6029295416890247
-0.7958963466810157 -0.6054329073810016
-0.7939903986478353 -0.6079302976946055
-0.7920766142499671 -0.6104216879816025
-0.7901550123756903 -0.6129070536529766
-0.7882256119904401 -0.6153863701791714
-0.7862884321366188 -0.6178596130903344
-0.78434349193341 -0.620326757976556
-0.782390810576588 -0.6227877804881127
-0.7804304073383297 -0.6252426563357052
-0.7784623015670232 -0.6276913612907007
-0.7764865126870786 -0.6301338711853692
-0.7745030601987339 -0.6325701619131244
-0.7725119636778643 -0.6350002094287608
-0.7705132427757893 -0.6374239897486896
-0.7685069172190765 -0.6398414789511786
-0.7664930068093498 -0.6422526531765844
-0.7644715314230914 -0.6446574886275915
-0.7624425110114479 -0.6470559615694443
-0.7604059656000307 -0.6494480483301839
-0.7583619152887218 -0.6518337253008788
-0.756310380251472 -0.654212968935861
-0.7542513807361038 -0.6565857557529565
-0.7521849370641115 -0.658952062333717
-0.7501110696304594 -0.661311865323652
-0.7480297989033825 -0.6636651414324585
-0.745941145424182 -0.6660118674342518
-0.743845129807025 -0.668352020167793
-0.7417417727387393 -0.6706855765367199
-0.7396310949786096 -0.6730125135097734
-0.7375131173581739 -0.6753328081210244
-0.7353878607810158 -0.6776464374701024
-0.73325534622256 -0.6799533787224192
-0.731115594729864 -0.6822536091093966
-0.7289686274214116 -0.6845471059286887
-0.7268144654869026 -0.6868338465444085
-0.7246531301870466 -0.6891138083873485
-0.7224846428533499 -0.6913869689552063
-0.7203090248879067 -0.693653305812805
-0.7181262977631888 -0.6959127965923143
-0.7159364830218311 -0.6981654189934728
-0.7137396022764213 -0.7004111507838063
-0.7115356772092851 -0.7026499697988494
-0.7093247295722738 -0.7048818539423615
-0.7071067811865474 -0.7071067811865477
-0.7048818539423614 -0.709324729572274
-0.7026499697988493 -0.7115356772092853
-0.7004111507838062 -0.7137396022764214
-0.6981654189934727 -0.7159364830218311
-0.6959127965923142 -0.7181262977631889
-0.693653305812805 -0.7203090248879069
-0.6913869689552062 -0.72248464285335
-0.6891138083873485 -0.7246531301870467
-0.686833846544408 -0.7268144654869031
-0.6845471059286886 -0.7289686274214116
-0.6822536091093965 -0.731115594729864
-0.6799533787224191 -0.7332553462225602
-0.6776464374701023 -0.7353878607810158
-0.6753328081210244 -0.737513117358174
-0.6730125135097733 -0.7396310949786097
-0.6706855765367199 -0.7417417727387394
-0.668352020167793 -0.7438451298070251
-0.6660118674342518 -0.745941145424182
-0.6636651414324585 -0.7480297989033826
-0.6613118653236519 -0.7501110696304595
-0.6589520623337168 -0.7521849370641115
-0.6565857557529565 -0.7542513807361038
-0.6542129689358609 -0.7563103802514721
-0.6518337253008785 -0.7583619152887222
-0.6494480483301834 -0.760405965600031
-0.6470559615694442 -0.7624425110114479
-0.6446574886275914 -0.7644715314230914
-0.6422526531765846 -0.7664930068093496
-0.6398414789511782 -0.7685069172190768
-0.6374239897486896 -0.7705132427757894
-0.6350002094287607 -0.7725119636778643
-0.6325701619131247 -0.7745030601987337
-0.6301338711853688 -0.7764865126870788
-0.6276913612907002 -0.7784623015670236
-0.6252426563357051 -0.7804304073383298
-0.6227877804881126 -0.782390810576588
-0.6203267579765562 -0.7843434919334098
-0.617859613090334 -0.7862884321366191
-0.6153863701791713 -0.7882256119904402
-0.6129070536529765 -0.7901550123756904
-0.6104216879816027 -0.7920766142499669
-0.607930297694605 -0.7939903986478356
-0.6054329073810012 -0.795896346681016
-0.6029295416890247 -0.797794439538571
-0.6004202253258841 -0.7996846584870905
-0.5979049830575192 -0.8015669848708764
-0.5953838397083546 -0.8034414001121278
-0.5928568201610591 -0.805307885711122
-0.5903239493562945 -0.8071664232464003
-0.5877852522924732 -0.8090169943749473
-0.5852407540255105 -0.8108595808323733
-0.5826904796685758 -0.8126941644330942
-0.5801344543918493 -0.8145207270705095
-0.5775727034222676 -0.8163392507171839
-0.5750052520432788 -0.8181497174250233
-0.5724321255945906 -0.8199521093254526
-0.5698533494719236 -0.8217464086295904
-0.5672689491267565 -0.8235325976284275
-0.5646789500660773 -0.8253106586929995
-0.5620833778521309 -0.8270805742745616
-0.5594822581021667 -0.8288423269047621
-0.556875616488188 -0.8305958991958127
-0.5542634787366941 -0.8323412738406634
-0.5516458706284305 -0.834078433613171
-0.5490228179981314 -0.8358073613682705
-0.5463943467342689 -0.8375280400421419
-0.5437604827787924 -0.8392404526523818
-0.541121252126876 -0.840944582298169
-0.5384766808266604 -0.8426404121604321
-0.5358267949789963 -0.8443279255020153
-0.5331716207371885 -0.8460071056678422
-0.530511184306734 -0.8476779360850832
-0.5278455119450666 -0.8493404002633165
-0.5251746299612954 -0.8509944817946921
-0.5224985647159487 -0.8526401643540924
-0.5198173426207094 -0.8542774316992952
-0.5171309901381573 -0.8559062676711329
-0.5144395337815068 -0.8575266561936521
-0.5117430001143446 -0.8591385812742726
-0.5090414157503712 -0.8607420270039438
-0.5063348073531326 -0.862336977557304
-0.503623201635761 -0.8639234171928352
-0.5009066253607095 -0.8655013302530192
-0.4981851053394906 -0.8670707011644901
-0.4954586684324075 -0.8686315144381913
-0.4927273415482917 -0.8701837546695256
-0.4899911516442369 -0.8717274065385088
-0.487250125725332 -0.8732624548099204
-0.48450429084439783 -0.8747888843334529
-0.4817536741017153 -0.8763066800438636
-0.4789983026447612 -0.8778158269611216
-0.4762382036679387 -0.8793163101905566
-0.47347340441231184 -0.8808081149230037
-0.47070393216533246 -0.8822912264349534
-0.46792981426057345 -0.8837656300886934
-0.4651510780774586 -0.8852313113324551
-0.46236775104099137 -0.8866882557005566
-0.45957986062148765 -0.8881364488135446
-0.45678743433429947 -0.889575876378338
-0.4539904997395469 -0.8910065241883678
-0.4511890844418446 -0.8924283781237181
-0.44838321609003196 -0.893841424151264
-0.44557292237689616 -0.8952456483248117
-0.44275823103890155 -0.8966410367852359
-0.43993916985591536 -0.8980275757606155
-0.4371157666509325 -0.8994052515663712
-0.43428804928980436 -0.9007740506053982
-0.4314560456809589 -0.9021339593682028
-0.42861978377512844 -0.9034849644330347
-0.42577929156507294 -0.9048270524660194
-0.42293459708530295 -0.90616021022129
-0.4200857284118061 -0.907484424541117
-0.4172327136617653 -0.90879968235604
-0.41437558099328436 -0.9101059706849957
-0.4115143586051083 -0.9114032766354454
-0.4086490747363488 -0.912691587403503
-0.4057797576661999 -0.9139708902740612
-0.40290643571366275 -0.9152411726209175
-0.400029137237265 -0.9165024219068978
-0.3971478906347803 -0.9177546256839813
-0.39426272434295084 -0.9189977715934214
-0.3913736668372024 -0.9202318473658704
-0.3884807466313663 -0.9214568408214984
-0.3855839922773961 -0.922672739870115
-0.3826834323650895 -0.9238795325112868
-0.379779095521801 -0.925077206834458
-0.37687101041216275 -0.9262657510190666
-0.3739592057378007 -0.9274451533346613
-0.37104371023705063 -0.9286154021410175
-0.36812455268467775 -0.9297764858882515
-0.3652017618915878 -0.9309283931169358
-0.36227536670454585 -0.9320711124582108
-0.3593453960058902 -0.9332046326338987
-0.3564118787132504 -0.9343289424566121
-0.35347484377925703 -0.9354440308298674
-0.3505343201912591 -0.9365498867481923
-0.3475903369710373 -0.9376464992972355
-0.34464292317451667 -0.9387338576538742
-0.34169210789148313 -0.9398119510863198
-0.33873792024529137 -0.9408807689542255
-0.3357803893925808 -0.9419403007087905
-0.3328195445229862 -0.9429905358928646
-0.32985541485885256 -0.9440314641410499
-0.32688802965494235 -0.9450630751798049
-0.32391741819814945 -0.9460853588275453
-0.32094360980720976 -0.9470983049947442
-0.31796663383241053 -0.9481019036840321
-0.31498651965530455 -0.9490961449902947
-0.3120032966884148 -0.9500810191007717
-0.30901699437494756 -0.9510565162951535
-0.3060276421885002 -0.9520226269456767
-0.30303526963277366 -0.952979341517219
-0.3000399062412761 -0.9539266505673936
-0.297041581577035 -0.954864544746643
-0.29404032523230417 -0.95579301479833
-0.29103616682827144 -0.9567120515588307
-0.2880291360147689 -0.9576216459576223
-0.28501926246997605 -0.958521789017376
-0.28200657590012956 -0.9594124718540428
-0.2789911060392287 -0.9602936856769432
-0.27597288264874537 -0.961165421788852
-0.27295193551732505 -0.9620276715860859
-0.2699282944604964 -0.9628804265585875
-0.2669019893203758 -0.9637236782900096
-0.2638730499653725 -0.9645574184577982
-0.26084150628989666 -0.965381638833274
-0.2578073882140598 -0.9661963312817148
-0.25477072568338227 -0.967001487762435
-0.2517315486684974 -0.9677971003288653
-0.24868988716485443 -0.9685831611286312
-0.2456457711924262 -0.9693596624036294
-0.24259923079540746 -0.9701265964901058
-0.23955029604192207 -0.970883955818731
-0.23649899702372423 -0.9716317329146741
-0.23344536385590517 -0.9723699203976767
-0.23038942667659051 -0.9730985109821266
-0.22733121564664657 -0.9738174974771289
-0.2242707609493815 -0.9745268727865771
-0.22120809279024678 -0.9752266299092235
-0.2181432413965424 -0.9759167619387474
-0.2150762370171134 -0.9765972620638246
-0.21200710992205485 -0.9772681235681934
-0.20893589040241123 -0.9779293398307219
-0.20586260876988105 -0.9785809043254722
-0.2027872953565124 -0.9792228106217657
-0.19970998051440714 -0.9798550523842469
-0.19663069461542035 -0.9804776233729443
-0.19354946805085987 -0.9810905174433342
-0.1904663312311897 -0.9816937285463989
-0.18738131458572463 -0.9822872507286887
-0.1842944485623335 -0.9828710781323792
-0.1812057636271369 -0.9834452049953297
-0.17811529026420983 -0.9840096256511398
-0.17502305897527595 -0.9845643345292054
-0.17192910027940964 -0.9851093261547739
-0.16883344471273418 -0.9856445951489979
-0.1657361228281193 -0.9861701362289889
-0.16263716519488342 -0.9866859442078681
-0.1595366023984863 -0.9871920139948192
-0.15643446504023106 -0.9876883405951377
-0.15333078373696013 -0.9881749191102805
-0.15022558912075676 -0.9886517447379141
-0.14711891183863726 -0.9891188127719618
-0.14401078255225225 -0.9895761186026509
-0.14090123193758294 -0.9900236577165575
-0.13779029068463766 -0.9904614256966513
-0.13467798949715237 -0.9908894182223388
-0.13156435909228248 -0.9913076310695066
-0.12844943020030303 -0.9917160601105628
-0.12533323356430373 -0.9921147013144779
-0.1222157999398891 -0.9925035507468237
-0.11909716009486959 -0.9928826045698137
-0.11597734480896142 -0.9932518590423394
-0.11285638487348193 -0.9936113105200084
-0.10973431109104483 -0.9939609554551797
-0.10661115427525966 -0.9943007903969989
-0.10348694525042247 -0.9946308119914323
-0.10036171485121503 -0.9949510169813002
-0.09723549392239966 -0.9952614022063083
-0.09410831331851396 -0.99556196460308
-0.09098020390356976 -0.9958527012051857
-0.08785119655074321 -0.9961336091431725
-0.08472132214207367 -0.9964046856445924
-0.0815906115681571 -0.9966659280340299
-0.07845909572784468 -0.996917333733128
-0.07532680552793265 -0.9971589002606139
-0.07219377188286072 -0.9973906252323237
-0.06906002571440611 -0.9976125063612252
-0.06592559795137748 -0.9978245414574415
-0.0627905195293132 -0.9980267284282716
-0.05965482139017072 -0.9982190652782118
-0.05651853448202474 -0.998401550108975
-0.053381689758759995 -0.9985741811195098
-0.05024431817976927 -0.9987369566060175
-0.047106450709642575 -0.99888987496197
-0.04396811831786501 -0.9990329346781247
-0.0408293519785103 -0.9991661343425401
-0.03769018266993415 -0.9992894726405893
-0.03455064137447208 -0.9994029483549729
-0.03141075907812829 -0.9995065603657316
-0.028270566770273453 -0.9996003076502565
-0.025130095443336987 -0.9996841892833
-0.02198937609250481 -0.999758204436984
-0.018848439715408075 -0.999822352380809
-0.01570731731182077 -0.9998766324816606
-0.012566039883352897 -0.9999210442038161
-0.009424638433143603 -0.9999555871089498
-0.006283143965558744 -0.9999802608561371
-0.003141587485879552 -0.9999950652018582
-1.8369701987210297e-16 -1.0
0.0031415874858800722 -0.9999950652018582
0.006283143965559264 -0.9999802608561371
0.009424638433144124 -0.9999555871089498
0.01256603988335253 -0.9999210442038161
0.0157073173118204 -0.9998766324816606
0.018848439715408595 -0.999822352380809
0.02198937609250533 -0.999758204436984
0.025130095443337507 -0.9996841892832999
0.028270566770273085 -0.9996003076502565
0.03141075907812882 -0.9995065603657315
0.034550641374472606 -0.9994029483549729
0.03769018266993468 -0.9992894726405892
0.04082935197850994 -0.9991661343425401
0.04396811831786465 -0.9990329346781247
0.0471064507096431 -0.9988898749619699
0.0502443181797698 -0.9987369566060175
0.05338168975876052 -0.9985741811195097
0.05651853448202438 -0.998401550108975
0.059654821390171246 -0.9982190652782118
0.06279051952931372 -0.9980267284282716
0.065925597951378 -0.9978245414574415
0.06906002571440575 -0.9976125063612252
0.07219377188286036 -0.9973906252323237
0.07532680552793318 -0.9971589002606139
0.07845909572784521 -0.996917333733128
0.08159061156815761 -0.9966659280340299
0.08472132214207331 -0.9964046856445924
0.08785119655074285 -0.9961336091431725
0.09098020390357028 -0.9958527012051857
0.09410831331851449 -0.99556196460308
0.0972354939223993 -0.9952614022063083
0.10036171485121467 -0.9949510169813002
0.103486945250423 -0.9946308119914323
0.10661115427526019 -0.9943007903969988
0.10973431109104535 -0.9939609554551797
0.11285638487348157 -0.9936113105200084
0.11597734480896106 -0.9932518590423395
0.11909716009487012 -0.9928826045698136
0.12221579993988962 -0.9925035507468237
0.12533323356430423 -0.9921147013144779
0.12844943020030264 -0.9917160601105629
0.13156435909228298 -0.9913076310695065
0.13467798949715287 -0.9908894182223387
0.13779029068463816 -0.9904614256966512
0.14090123193758256 -0.9900236577165575
0.14401078255225186 -0.989576118602651
0.14711891183863776 -0.9891188127719618
0.15022558912075723 -0.988651744737914
0.15333078373696063 -0.9881749191102805
0.15643446504023067 -0.9876883405951378
0.1595366023984868 -0.9871920139948192
0.1626371651948839 -0.986685944207868
0.1657361228281198 -0.9861701362289889
0.1688334447127338 -0.985644595148998
0.17192910027940927 -0.985109326154774
0.17502305897527645 -0.9845643345292053
0.17811529026421033 -0.9840096256511397
0.18120576362713736 -0.9834452049953297
0.18429444856233312 -0.9828710781323793
0.18738131458572513 -0.9822872507286886
0.1904663312311902 -0.9816937285463988
0.19354946805086037 -0.9810905174433341
0.19663069461542 -0.9804776233729444
0.19970998051440675 -0.979855052384247
0.20278729535651288 -0.9792228106217657
0.20586260876988155 -0.9785809043254721
0.20893589040241173 -0.9779293398307218
0.2120071099220545 -0.9772681235681935
0.2150762370171139 -0.9765972620638245
0.21814324139654287 -0.9759167619387473
0.22120809279024725 -0.9752266299092234
0.22427076094938111 -0.9745268727865771
0.22733121564664618 -0.973817497477129
0.230389426676591 -0.9730985109821264
0.23344536385590564 -0.9723699203976766
0.23649899702372473 -0.971631732914674
0.23955029604192168 -0.970883955818731
0.2425992307954071 -0.9701265964901059
0.24564577119242667 -0.9693596624036291
0.24868988716485496 -0.9685831611286311
0.25173154866849706 -0.9677971003288655
0.254770725683382 -0.9670014877624351
0.25780738821406035 -0.9661963312817146
0.2608415062898972 -0.9653816388332738
0.263873049965373 -0.9645574184577981
0.26690198932037545 -0.9637236782900097
0.26992829446049604 -0.9628804265585876
0.2729519355173256 -0.9620276715860858
0.2759728826487459 -0.9611654217888519
0.2789911060392293 -0.9602936856769431
0.28200657590012923 -0.9594124718540429
0.2850192624699766 -0.9585217890173757
0.2880291360147695 -0.9576216459576221
0.29103616682827194 -0.9567120515588304
0.2940403252323039 -0.9557930147983301
0.29704158157703464 -0.9548645447466431
0.30003990624127663 -0.9539266505673935
0.30303526963277416 -0.9529793415172187
0.30602764218850076 -0.9520226269456766
0.30901699437494723 -0.9510565162951536
0.31200329668841537 -0.9500810191007716
0.3149865196553051 -0.9490961449902945
0.3179666338324111 -0.9481019036840319
0.32094360980720943 -0.9470983049947443
0.3239174181981492 -0.9460853588275454
0.3268880296549429 -0.9450630751798047
0.3298554148588531 -0.9440314641410497
0.3328195445229867 -0.9429905358928644
0.3357803893925805 -0.9419403007087906
0.33873792024529187 -0.9408807689542253
0.34169210789148363 -0.9398119510863195
0.34464292317451717 -0.9387338576538741
0.347590336971037 -0.9376464992972356
0.3505343201912588 -0.9365498867481924
0.35347484377925753 -0.9354440308298672
0.3564118787132509 -0.9343289424566119
0.3593453960058907 -0.9332046326338985
0.3622753667045456 -0.9320711124582111
0.3652017618915883 -0.9309283931169355
0.3681245526846783 -0.9297764858882512
0.3710437102370512 -0.9286154021410172
0.3739592057378004 -0.9274451533346614
0.3768710104121624 -0.9262657510190667
0.37977909552180156 -0.9250772068344579
0.38268343236509 -0.9238795325112866
0.3855839922773966 -0.9226727398701148
0.388480746631366 -0.9214568408214985
0.3913736668372029 -0.9202318473658702
0.39426272434295134 -0.9189977715934212
0.3971478906347808 -0.917754625683981
0.40002913723726474 -0.916502421906898
0.40290643571366247 -0.9152411726209176
0.4057797576662004 -0.913970890274061
0.4086490747363493 -0.9126915874035026
0.4115143586051089 -0.9114032766354452
0.41437558099328403 -0.9101059706849958
0.417232713661765 -0.9087996823560403
0.4200857284118066 -0.9074844245411168
0.42293459708530345 -0.9061602102212898
0.42577929156507266 -0.9048270524660196
0.42861978377512816 -0.9034849644330349
0.4314560456809594 -0.9021339593682026
0.43428804928980486 -0.900774050605398
0.437115766650933 -0.899405251566371
0.4399391698559151 -0.8980275757606156
0.4427582310389013 -0.896641036785236
0.44557292237689666 -0.8952456483248115
0.44838321609003245 -0.8938414241512637
0.4511890844418451 -0.8924283781237179
0.45399049973954664 -0.891006524188368
0.45678743433429997 -0.8895758763783377
0.45957986062148815 -0.8881364488135444
0.46236775104099187 -0.8866882557005564
0.46515107807745826 -0.8852313113324553
0.4679298142605731 -0.8837656300886936
0.47070393216533296 -0.8822912264349531
0.47347340441231234 -0.8808081149230035
0.4762382036679391 -0.8793163101905562
0.4789983026447609 -0.8778158269611218
0.4817536741017157 -0.8763066800438634
0.4845042908443982 -0.8747888843334526
0.4872501257253324 -0.8732624548099202
0.4899911516442365 -0.871727406538509
0.4927273415482913 -0.8701837546695258
0.4954586684324079 -0.8686315144381911
0.498185105339491 -0.86707070116449
0.5009066253607098 -0.865501330253019
0.5036232016357607 -0.8639234171928354
0.506334807353133 -0.8623369775573038
0.5090414157503715 -0.8607420270039434
0.511743000114345 -0.8591385812742723
0.5144395337815064 -0.8575266561936523
0.5171309901381569 -0.8559062676711331
0.5198173426207098 -0.8542774316992949
0.522498564715949 -0.8526401643540922
0.5251746299612957 -0.8509944817946918
0.5278455119450662 -0.8493404002633167
0.5305111843067345 -0.847677936085083
0.5331716207371889 -0.846007105667842
0.5358267949789967 -0.8443279255020151
0.5384766808266601 -0.8426404121604323
0.5411212521268756 -0.8409445822981693
0.5437604827787929 -0.8392404526523815
0.5463943467342692 -0.8375280400421417
0.5490228179981318 -0.8358073613682702
0.5516458706284301 -0.8340784336131712
0.5542634787366945 -0.8323412738406631
0.5568756164881883 -0.8305958991958124
0.5594822581021671 -0.8288423269047618
0.5620833778521306 -0.8270805742745618
0.5646789500660768 -0.8253106586929997
0.5672689491267568 -0.8235325976284271
0.569853349471924 -0.8217464086295901
0.5724321255945909 -0.8199521093254523
0.5750052520432785 -0.8181497174250235
0.5775727034222673 -0.8163392507171842
0.5801344543918496 -0.8145207270705092
0.5826904796685761 -0.8126941644330938
0.58524075402551 -0.8108595808323735
0.5877852522924729 -0.8090169943749476
0.590323949356295 -0.8071664232464
0.5928568201610595 -0.8053078857111218
0.595383839708355 -0.8034414001121275
0.5979049830575187 -0.8015669848708766
0.6004202253258838 -0.7996846584870907
0.602929541689025 -0.7977944395385708
0.6054329073810015 -0.7958963466810158
0.6079302976946054 -0.7939903986478354
0.6104216879816023 -0.7920766142499671
0.6129070536529768 -0.7901550123756901
0.6153863701791717 -0.7882256119904398
0.6178596130903344 -0.7862884321366188
0.6203267579765559 -0.7843434919334101
0.6227877804881122 -0.7823908105765883
0.6252426563357054 -0.7804304073383295
0.6276913612907006 -0.7784623015670233
0.6301338711853691 -0.7764865126870786
0.6325701619131243 -0.7745030601987339
0.635000209428761 -0.7725119636778641
0.63742398974869 -0.770513242775789
0.6398414789511785 -0.7685069172190766
0.6422526531765843 -0.7664930068093498
0.6446574886275911 -0.7644715314230919
0.6470559615694447 -0.7624425110114477
0.6494480483301838 -0.7604059656000308
0.6518337253008788 -0.7583619152887219
0.6542129689358609 -0.7563103802514721
0.6565857557529569 -0.7542513807361035
0.6589520623337172 -0.7521849370641112
0.6613118653236519 -0.7501110696304595
0.6636651414324585 -0.7480297989033826
0.6660118674342514 -0.7459411454241823
0.6683520201677934 -0.7438451298070248
0.6706855765367202 -0.7417417727387391
0.6730125135097733 -0.7396310949786097
0.6753328081210244 -0.737513117358174
0.6776464374701027 -0.7353878607810156
0.6799533787224195 -0.7332553462225598
0.6822536091093965 -0.731115594729864
0.6845471059286886 -0.7289686274214116
0.686833846544408 -0.7268144654869031
0.6891138083873488 -0.7246531301870464
0.6913869689552066 -0.7224846428533497
0.693653305812805 -0.7203090248879069
0.6959127965923142 -0.7181262977631889
0.6981654189934724 -0.7159364830218313
0.7004111507838066 -0.7137396022764211
0.7026499697988493 -0.7115356772092853
0.7048818539423614 -0.709324729572274
0.7071067811865475 -0.7071067811865477
0.7093247295722742 -0.704881853942361
0.7115356772092856 -0.702649969798849
0.7137396022764214 -0.7004111507838062
0.7159364830218311 -0.6981654189934727
0.7181262977631886 -0.6959127965923145
0.7203090248879072 -0.6936533058128047
0.72248464285335 -0.6913869689552062
0.7246531301870467 -0.6891138083873485
0.7268144654869026 -0.6868338465444084
0.7289686274214119 -0.6845471059286883
0.7311155947298643 -0.6822536091093963
0.7332553462225602 -0.6799533787224191
0.7353878607810158 -0.6776464374701023
0.7375131173581737 -0.6753328081210246
0.73963109497861 -0.673012513509773
0.7417417727387394 -0.6706855765367199
0.7438451298070251 -0.668352020167793
0.745941145424182 -0.6660118674342518
0.7480297989033828 -0.6636651414324581
0.7501110696304598 -0.6613118653236516
0.7521849370641115 -0.6589520623337168
0.7542513807361038 -0.6565857557529565
0.7563103802514718 -0.6542129689358612
0.7583619152887222 -0.6518337253008785
0.760405965600031 -0.6494480483301834
0.7624425110114479 -0.6470559615694442
0.7644715314230914 -0.6446574886275914
0.7664930068093502 -0.642252653176584
0.7685069172190768 -0.6398414789511782
0.7705132427757894 -0.6374239897486896
0.7725119636778643 -0.6350002094287607
0.7745030601987337 -0.6325701619131247
0.7764865126870788 -0.6301338711853688
0.7784623015670236 -0.6276913612907002
0.7804304073383298 -0.6252426563357051
0.782390810576588 -0.6227877804881126
0.7843434919334105 -0.6203267579765556
0.7862884321366191 -0.617859613090334
0.7882256119904402 -0.6153863701791713
0.7901550123756904 -0.6129070536529765
0.7920766142499669 -0.6104216879816027
0.7939903986478356 -0.607930297694605
0.795896346681016 -0.6054329073810012
0.797794439538571 -0.6029295416890247
0.7996846584870905 -0.6004202253258841
0.801566984870877 -0.5979049830575184
0.8034414001121278 -0.5953838397083546
0.805307885711122 -0.5928568201610591
0.8071664232464003 -0.5903239493562945
0.8090169943749473 -0.5877852522924732
0.8108595808323737 -0.5852407540255097
0.8126941644330942 -0.5826904796685758
0.8145207270705095 -0.5801344543918493
0.8163392507171839 -0.5775727034222676
0.8181497174250233 -0.5750052520432788
0.8199521093254526 -0.5724321255945906
0.8217464086295904 -0.5698533494719236
0.8235325976284275 -0.5672689491267565
0.8253106586929995 -0.5646789500660773
0.8270805742745622 -0.5620833778521301
0.8288423269047621 -0.5594822581021667
0.8305958991958127 -0.556875616488188
0.8323412738406634 -0.5542634787366941
0.834078433613171 -0.5516458706284305
0.8358073613682705 -0.5490228179981314
0.8375280400421419 -0.5463943467342689
0.8392404526523818 -0.5437604827787924
0.840944582298169 -0.541121252126876
0.8426404121604325 -0.5384766808266598
0.8443279255020153 -0.5358267949789963
0.8460071056678422 -0.5331716207371885
0.8476779360850832 -0.530511184306734
0.8493404002633165 -0.5278455119450666
0.8509944817946921 -0.5251746299612954
0.8526401643540924 -0.5224985647159487
0.8542774316992952 -0.5198173426207094
0.8559062676711329 -0.5171309901381573
0.8575266561936525 -0.514439533781506
0.8591385812742726 -0.5117430001143446
0.8607420270039438 -0.5090414157503712
0.862336977557304 -0.5063348073531326
0.8639234171928352 -0.503623201635761
0.8655013302530192 -0.5009066253607095
0.8670707011644901 -0.4981851053394906
0.8686315144381913 -0.4954586684324075
0.8701837546695256 -0.4927273415482917
0.8717274065385092 -0.4899911516442361
0.8732624548099204 -0.487250125725332
0.8747888843334529 -0.48450429084439783
0.8763066800438636 -0.4817536741017153
0.8778158269611216 -0.47899830264476123
0.8793163101905564 -0.4762382036679387
0.8808081149230037 -0.4734734044123119
0.8822912264349533 -0.4707039321653325
0.8837656300886934 -0.46792981426057345
0.8852313113324555 -0.4651510780774578
0.8866882557005566 -0.4623677510409914
0.8881364488135446 -0.4595798606214877
0.8895758763783379 -0.45678743433429947
0.8910065241883678 -0.45399049973954697
0.8924283781237181 -0.45118908444184463
0.8938414241512639 -0.448383216090032
0.8952456483248117 -0.4455729223768962
0.8966410367852358 -0.4427582310389016
0.8980275757606155 -0.4399391698559154
0.8994052515663712 -0.43711576665093255
0.9007740506053982 -0.4342880492898044
0.9021339593682028 -0.43145604568095897
0.9034849644330347 -0.4286197837751285
0.9048270524660198 -0.4257792915650722
0.90616021022129 -0.422934597085303
0.907484424541117 -0.42008572841180614
0.90879968235604 -0.41723271366176534
0.9101059706849955 -0.41437558099328436
0.9114032766354454 -0.4115143586051084
0.9126915874035029 -0.40864907473634887
0.9139708902740612 -0.40577975766619995
0.9152411726209175 -0.4029064357136628
0.9165024219068982 -0.4000291372372643
0.9177546256839813 -0.3971478906347803
0.9189977715934214 -0.3942627243429509
0.9202318473658703 -0.3913736668372025
0.9214568408214984 -0.38848074663136634
0.922672739870115 -0.38558399227739615
0.9238795325112868 -0.38268343236508956
0.925077206834458 -0.37977909552180106
0.9262657510190666 -0.3768710104121628
0.9274451533346615 -0.37395920573779995
0.9286154021410175 -0.3710437102370507
0.9297764858882515 -0.3681245526846778
0.9309283931169356 -0.3652017618915878
0.9320711124582108 -0.3622753667045459
0.9332046326338987 -0.35934539600589027
0.9343289424566121 -0.3564118787132505
0.9354440308298674 -0.3534748437792571
0.9365498867481923 -0.35053432019125913
0.9376464992972359 -0.34759033697103653
0.9387338576538742 -0.3446429231745167
0.9398119510863198 -0.3416921078914832
0.9408807689542255 -0.3387379202452914
0.9419403007087905 -0.33578038939258087
0.9429905358928646 -0.3328195445229862
0.9440314641410498 -0.3298554148588526
0.9450630751798048 -0.3268880296549424
0.9460853588275453 -0.3239174181981495
0.9470983049947445 -0.32094360980720893
0.9481019036840321 -0.3179666338324106
0.9490961449902946 -0.3149865196553046
0.9500810191007717 -0.31200329668841487
0.9510565162951535 -0.3090169943749476
0.9520226269456767 -0.30602764218850026
0.9529793415172189 -0.3030352696327737
0.9539266505673936 -0.30003990624127613
0.954864544746643 -0.29704158157703503
0.9557930147983303 -0.2940403252323034
0.9567120515588305 -0.2910361668282715
0.9576216459576223 -0.288029136014769
0.9585217890173758 -0.2850192624699761
0.9594124718540428 -0.2820065759001296
0.9602936856769432 -0.2789911060392288
0.961165421788852 -0.2759728826487454
0.9620276715860859 -0.2729519355173251
0.9628804265585875 -0.26992829446049643
0.9637236782900096 -0.26690198932037584
0.9645574184577982 -0.2638730499653725
0.9653816388332739 -0.2608415062898967
0.9661963312817148 -0.25780738821405985
0.967001487762435 -0.2547707256833823
0.9677971003288656 -0.25173154866849656
0.9685831611286312 -0.2486898871648545
0.9693596624036293 -0.24564577119242625
0.9701265964901058 -0.24259923079540752
0.9708839558187309 -0.23955029604192213
0.971631732914674 -0.2364989970237243
0.9723699203976767 -0.23344536385590522
0.9730985109821265 -0.23038942667659057
0.9738174974771289 -0.22733121564664663
0.9745268727865772 -0.2242707609493807
0.9752266299092235 -0.22120809279024684
0.9759167619387474 -0.21814324139654245
0.9765972620638246 -0.21507623701711345
0.9772681235681934 -0.2120071099220549
0.9779293398307219 -0.20893589040241128
0.9785809043254722 -0.2058626087698811
0.9792228106217657 -0.20278729535651246
0.9798550523842469 -0.1997099805144072
0.9804776233729445 -0.19663069461541954
0.9810905174433342 -0.19354946805085993
0.9816937285463989 -0.19046633123118975
0.9822872507286887 -0.18738131458572468
0.9828710781323792 -0.18429444856233357
0.9834452049953297 -0.18120576362713695
0.9840096256511398 -0.17811529026420989
0.9845643345292054 -0.175023058975276
0.9851093261547739 -0.1719291002794097
0.9856445951489982 -0.16883344471273334
0.9861701362289889 -0.16573612282811936
0.9866859442078681 -0.16263716519488347
0.9871920139948192 -0.15953660239848635
0.9876883405951377 -0.15643446504023112
0.9881749191102805 -0.15333078373696019
0.9886517447379141 -0.15022558912075681
0.9891188127719618 -0.14711891183863732
0.9895761186026509 -0.1440107825522523
0.9900236577165576 -0.1409012319375821
0.9904614256966513 -0.13779029068463772
0.9908894182223387 -0.13467798949715243
0.9913076310695066 -0.13156435909228253
0.9917160601105628 -0.12844943020030308
0.9921147013144779 -0.1253332335643038
0.9925035507468237 -0.12221579993988917
0.9928826045698137 -0.11909716009486966
0.9932518590423394 -0.11597734480896149
0.9936113105200085 -0.11285638487348112
0.9939609554551797 -0.1097343110910449
0.9943007903969989 -0.10661115427525973
0.9946308119914323 -0.10348694525042254
0.9949510169813002 -0.1003617148512151
0.9952614022063084 -0.09723549392239886
0.99556196460308 -0.09410831331851403
0.9958527012051857 -0.09098020390356983
0.9961336091431725 -0.08785119655074328
0.9964046856445924 -0.08472132214207374
0.9966659280340299 -0.08159061156815717
0.996917333733128 -0.07845909572784475
0.9971589002606139 -0.07532680552793272
0.9973906252323237 -0.07219377188286079
0.9976125063612252 -0.0690600257144053
0.9978245414574415 -0.06592559795137755
0.9980267284282716 -0.06279051952931326
0.9982190652782118 -0.05965482139017078
0.998401550108975 -0.056518534482024804
0.9985741811195098 -0.05338168975876006
0.9987369566060175 -0.050244318179769334
0.99888987496197 -0.04710645070964264
0.9990329346781247 -0.043968118317865075
0.9991661343425402 -0.040829351978509475
0.9992894726405892 -0.037690182669934215
0.9994029483549729 -0.03455064137447214
0.9995065603657316 -0.031410759078128354
0.9996003076502565 -0.028270566770273516
0.9996841892832999 -0.02513009544333705
0.999758204436984 -0.021989376092504873
0.999822352380809 -0.018848439715408137
0.9998766324816606 -0.01570731731182083
0.9999210442038161 -0.01256603988335207
0.9999555871089498 -0.009424638433143664
0.9999802608561371 -0.0062831439655588045
0.9999950652018582 -0.003141587485879613
