100
4 3
4 5 6 4
4 2
4 5 6 4
3 3
1 1 1
100 3
59 25 52 79 44 59 44 4 94 40 53 76 28 89 23 7 85 54 68 7 19 12 97 37 97 79 80 69 40 61 55 52 71 80 95 93 97 13 61 97 29 2 6 98 97 24 55 29 19 76 97 1 85 7 16 82 64 77 58 97 20 31 17 89 2 47 12 92 37 57 54 8 52 30 79 5 34 80 11 37 7 88 49 28 42 37 22 41 14 95 49 13 31 74 22 73 45 13 37 88
100 3
70 14 96 76 84 74 77 83 20 66 96 72 69 76 47 30 72 73 51 42 10 95 66 98 34 63 64 26 82 60 96 31 38 61 10 59 75 51 79 15 97 1 39 25 5 44 35 26 72 23 85 45 63 35 27 94 20 37 63 18 85 13 71 55 82 24 95 8 51 73 93 30 14 83 2 70 79 35 84 22 88 44 98 66 40 58 88 53 29 82 53 87 74 61 9 95 8 34 53 90
100 3
20 62 19 55 6 37 32 8 17 85 71 19 68 29 69 59 98 46 65 43 35 64 80 80 3 71 42 29 63 52 95 97 50 35 2 2 71 93 22 32 39 50 77 41 44 52 28 98 97 82 77 29 2 25 26 37 61 70 13 12 94 44 20 86 39 89 5 17 78 92 7 7 91 92 43 29 80 76 23 23 49 11 44 71 15 77 95 23 80 23 3 80 60 1 11 47 77 56 32 41
100 3
37 87 53 31 95 56 41 38 35 89 59 74 19 61 58 82 29 10 24 1 19 35 32 80 5 64 20 94 30 88 76 2 4 53 50 65 76 76 91 94 16 25 55 43 70 76 25 34 49 20 54 16 11 32 44 44 17 5 85 88 66 40 17 88 85 92 70 77 91 28 4 41 28 7 20 40 90 88 10 4 34 13 19 28 7 46 71 83 58 75 76 28 53 67 65 11 83 67 7 50
100 3
41 44 61 88 83 61 65 91 1 49 1 92 67 19 44 91 76 58 16 61 41 10 94 15 46 66 10 16 36 67 48 46 68 35 79 37 46 79 7 34 74 4 92 37 26 73 2 10 14 49 76 88 41 42 34 67 52 8 4 58 34 7 7 55 43 22 82 25 51 19 83 1 82 79 86 4 14 69 62 19 26 43 85 73 37 79 64 67 16 34 31 1 40 88 28 85 68 52 36 28
100 3
52 28 86 80 53 8 86 85 32 64 79 17 50 86 41 35 59 53 4 65 33 41 41 40 53 8 88 52 23 76 7 66 68 2 79 5 19 8 95 61 50 41 17 58 40 82 94 26 4 6 59 58 83 29 40 70 19 77 5 49 25 46 73 13 71 4 23 78 56 32 32 8 33 77 28 26 22 35 80 73 26 29 88 14 55 25 50 47 71 92 51 20 32 40 14 85 20 50 19 32
1 3
93
100 3
69 14 91 34 17 15 61 64 16 55 59 93 50 88 83 14 92 80 10 82 83 85 97 82 45 61 64 35 25 59 57 58 43 37 21 43 44 73 3 37 92 4 16 4 5 41 12 11 82 40 94 54 13 49 48 50 91 1 57 39 62 97 97 58 46 10 23 4 88 70 10 81 73 25 1 31 46 16 91 10 34 85 17 80 46 77 95 58 97 49 7 73 19 71 58 13 94 67 5 22
100 3
89 5 38 73 84 16 64 10 94 85 4 17 79 60 37 6 22 95 25 52 55 4 85 43 64 2 30 58 30 64 46 27 41 41 65 73 89 31 97 53 46 43 34 35 64 49 28 88 32 74 26 6 1 5 59 82 14 1 9 96 8 53 1 76 10 28 34 26 8 31 95 13 92 58 15 22 88 9 98 25 11 98 55 98 97 63 64 98 76 62 41 53 43 10 88 43 10 64 10 97
19 2
95 6 14 85 87 61 56 28 38 40 39 98 77 29 58 66 85 50 18
10 3
2 83 56 91 47 7 37 56 73 46
100 3
19 85 1 82 55 12 19 24 72 26 56 58 58 4 71 97 12 46 82 12 55 4 7 79 94 69 58 28 17 91 31 89 94 28 4 7 50 28 19 43 68 92 70 67 55 4 53 8 22 40 1 19 49 10 25 4 38 23 59 19 65 38 47 88 85 58 47 2 73 28 98 61 95 55 56 31 7 30 10 34 7 59 60 6 64 28 27 16 85 34 89 4 30 1 89 12 73 74 47 33
100 3
81 38 65 23 14 49 50 2 70 12 29 19 47 97 40 79 68 7 83 29 83 35 59 5 68 76 7 85 8 7 50 74 65 24 44 26 16 95 24 47 94 33 7 92 70 92 41 28 68 46 20 50 14 7 7 33 46 92 62 20 5 89 23 31 32 3 86 34 23 62 31 55 73 83 58 68 88 89 29 42 96 29 20 68 2 80 56 8 47 90 94 52 8 1 3 40 68 17 44 10
13 3
92 17 52 72 43 2 79 9 52 31 77 45 83
100 3
61 4 17 74 9 58 71 73 83 76 13 72 62 75 20 28 63 19 90 24 46 49 52 85 13 35 40 13 31 49 47 84 55 93 38 93 61 13 40 4 1 55 58 40 64 7 40 98 25 25 94 64 94 21 31 40 94 22 85 98 73 70 5 64 78 96 19 41 50 10 68 71 24 76 26 79 61 23 31 34 61 46 84 97 76 22 49 47 31 1 42 76 53 16 98 7 4 42 91 95
100 3
24 80 88 73 83 1 32 22 49 52 18 16 79 47 55 82 23 19 67 67 38 47 31 10 10 31 45 16 43 30 37 31 81 79 10 79 17 31 95 14 76 74 43 39 25 61 16 88 28 38 83 44 4 76 47 46 88 97 7 78 38 97 1 76 43 34 32 65 38 82 50 42 60 85 61 85 80 62 72 85 34 94 58 64 26 79 31 87 41 16 40 10 85 19 22 36 70 40 65 70
12 3
14 15 70 11 62 88 20 52 82 43 2 28
100 3
65 88 77 92 13 29 47 58 59 89 8 83 20 71 77 39 77 34 32 27 47 79 11 26 8 22 29 65 53 29 23 90 85 56 53 5 57 47 50 59 10 32 46 71 88 77 38 62 87 59 38 41 58 26 73 98 71 95 4 77 44 74 76 26 11 74 8 41 55 83 62 67 23 36 53 26 92 98 89 83 2 60 98 23 71 42 21 14 38 98 83 16 67 27 95 49 97 91 92 20
100 3
46 52 88 14 88 85 11 35 25 67 56 49 73 14 20 5 80 13 83 43 65 43 43 33 29 4 52 4 19 13 94 97 73 32 85 47 31 43 10 45 67 57 46 91 80 1 26 73 74 18 51 64 69 73 19 61 79 79 45 8 14 91 56 55 91 74 40 88 98 91 8 85 34 67 92 32 26 34 10 3 19 25 34 48 28 22 88 83 82 85 28 77 50 8 88 10 88 26 98 19
100 3
26 89 86 86 17 35 17 4 20 17 94 5 56 56 68 71 55 91 16 4 17 91 98 29 80 83 65 47 86 96 80 74 2 88 49 11 85 77 65 89 91 38 98 31 97 5 71 3 77 57 95 51 83 33 57 95 14 20 53 80 4 47 71 56 37 29 3 43 75 46 61 14 98 79 41 85 53 38 1 53 62 95 62 47 63 95 91 8 86 97 55 93 73 61 52 26 19 19 61 24
100 3
71 98 13 43 62 44 36 91 8 64 32 56 2 82 50 56 80 86 94 42 29 35 71 38 62 2 74 56 48 8 23 70 26 23 41 82 8 47 22 83 68 32 88 26 59 90 2 22 53 9 10 7 89 91 2 74 68 39 4 53 26 44 16 64 56 37 14 3 58 47 50 82 76 68 70 46 29 5 53 63 41 56 35 95 62 56 88 80 53 91 89 62 94 59 86 59 35 77 31 23
18 3
38 94 26 58 13 49 25 20 76 91 16 97 26 11 37 35 22 41
100 3
94 60 38 23 59 82 64 80 49 70 47 86 9 1 29 58 68 43 1 15 75 5 95 3 53 19 20 71 16 58 65 60 86 29 7 4 71 92 77 26 45 91 62 73 26 80 25 37 86 52 7 22 71 37 13 34 70 91 2 56 77 62 59 43 47 2 13 79 32 5 69 78 17 78 71 95 62 53 13 59 56 58 47 62 89 56 39 39 94 38 5 78 77 32 60 42 32 47 16 56
100 3
94 85 45 10 65 70 64 74 94 78 59 73 97 49 3 4 52 22 98 85 25 55 11 44 50 34 40 42 19 88 79 34 82 46 31 35 13 4 43 69 56 4 9 34 49 41 10 46 10 75 88 10 13 40 91 46 57 98 55 91 62 89 79 20 61 20 73 52 54 59 34 88 70 31 97 13 60 55 92 65 61 1 28 28 73 97 28 62 29 14 52 1 87 55 25 67 76 61 44 7
100 3
59 23 92 83 38 26 71 56 89 6 22 88 29 21 42 55 26 28 98 4 95 67 37 91 44 76 92 20 83 95 1 71 95 86 17 77 67 22 2 1 59 34 79 41 41 80 74 32 83 68 73 5 53 68 51 58 7 74 98 2 22 79 44 48 73 27 39 5 71 20 95 11 89 91 68 19 94 89 65 41 34 95 7 50 32 56 80 78 15 5 38 98 65 21 56 11 74 17 76 96
1 2
28
100 3
82 65 73 88 76 25 82 91 73 31 37 18 9 65 58 4 97 70 46 15 52 73 39 68 67 37 88 70 22 55 87 2 32 56 55 61 19 1 30 19 7 94 31 60 26 22 59 91 58 17 97 58 76 41 52 65 37 81 77 1 79 57 85 58 49 64 53 40 46 34 49 8 74 64 16 40 29 8 35 22 64 95 50 71 98 40 28 36 25 74 46 7 8 4 91 19 49 24 1 8
2 2
21 69
100 3
46 82 95 90 22 72 27 10 37 22 19 46 91 40 13 89 49 34 58 53 94 92 67 33 71 31 71 97 22 62 56 13 98 7 16 6 28 58 41 64 92 67 97 8 33 22 19 58 92 19 4 25 52 97 89 85 64 31 49 42 33 44 68 97 16 58 13 55 62 97 58 80 1 49 14 7 19 44 83 7 43 56 10 55 43 70 19 79 86 16 34 34 10 45 13 79 85 29 58 61
100 3
75 77 50 80 65 92 71 24 88 98 86 71 2 1 20 41 31 87 94 84 56 50 25 8 59 92 1 4 55 91 22 36 58 53 53 80 65 83 45 17 10 44 53 49 98 35 89 13 5 56 95 77 29 2 74 62 35 5 17 8 7 2 21 69 23 83 69 68 89 11 35 58 23 77 47 26 76 25 15 5 97 98 44 56 20 44 86 5 17 65 71 41 74 83 35 98 47 98 26 50
100 3
82 48 84 4 48 10 27 18 7 97 70 72 22 88 54 5 29 31 82 42 61 31 7 1 73 84 79 77 50 5 59 2 97 74 39 19 26 76 79 22 10 10 77 47 32 71 69 79 53 44 28 46 37 17 25 49 93 79 76 75 8 70 37 25 56 41 25 74 10 29 9 86 73 41 25 38 75 25 4 1 51 82 25 65 74 94 64 97 83 83 78 13 82 40 70 49 52 82 1 4
100 3
59 50 20 76 62 15 29 23 81 59 85 10 34 94 14 23 1 80 80 29 29 87 92 34 29 93 15 68 11 14 14 46 36 31 25 24 2 83 23 55 58 70 82 8 7 20 62 86 42 49 43 71 50 77 41 38 65 46 46 53 94 16 62 95 65 67 74 1 68 44 9 55 17 16 68 48 86 74 86 14 85 38 71 76 33 55 89 38 55 62 8 65 79 12 14 29 32 44 20 35
100 3
14 33 49 88 19 32 4 76 5 44 10 10 3 89 49 73 59 47 76 7 58 73 49 20 52 58 16 17 44 23 46 67 64 54 64 65 23 38 19 17 40 1 37 94 80 95 16 22 7 80 55 40 81 70 53 19 4 37 94 2 22 1 77 61 11 8 67 13 43 25 96 85 35 40 76 22 31 33 1 9 37 77 43 7 36 7 45 58 79 95 78 49 17 56 26 60 88 58 58 62
100 3
2 80 31 13 28 97 4 61 28 38 5 4 7 23 92 71 79 5 70 13 98 34 46 59 91 35 82 56 97 7 73 49 90 35 22 92 31 28 23 88 21 22 82 70 91 91 85 16 28 5 70 3 78 73 18 5 79 13 23 51 98 28 58 85 17 19 69 52 10 68 1 58 52 82 55 70 40 55 50 19 16 70 44 1 34 13 89 70 49 96 2 7 88 10 37 4 62 97 73 24
100 3
37 56 62 35 55 22 73 38 53 68 55 10 40 41 93 81 64 28 43 31 35 22 19 67 95 77 73 62 83 23 52 61 82 4 18 22 96 46 94 67 7 94 2 91 67 64 29 28 91 58 4 25 61 76 10 88 35 76 81 76 59 5 1 73 71 10 12 21 70 68 76 61 44 53 68 58 55 5 70 71 8 1 46 31 55 1 61 23 91 70 55 98 38 52 13 16 92 16 29 28
100 3
47 82 14 40 85 93 8 13 1 25 49 68 2 95 52 35 7 1 38 77 91 81 40 94 28 16 25 84 97 70 52 45 68 46 40 28 83 40 61 85 85 37 44 10 37 85 17 91 58 85 81 94 53 82 13 10 80 14 12 70 95 52 46 37 55 10 49 53 44 55 55 10 87 7 49 91 47 83 33 22 8 23 98 93 31 2 59 39 60 49 92 22 49 1 64 33 4 20 72 34
100 3
47 5 44 28 70 53 14 38 50 44 47 11 94 95 97 46 76 73 71 58 23 67 77 13 91 95 34 55 32 79 4 40 22 69 46 71 82 62 70 13 50 40 76 13 49 98 50 80 38 91 37 79 67 46 74 91 64 60 16 76 88 28 58 25 14 90 33 2 91 61 28 80 3 46 56 29 72 28 74 85 35 28 22 73 50 97 88 14 76 29 13 77 92 22 31 78 7 4 50 34
100 3
87 72 70 89 64 55 73 97 34 38 16 46 64 41 2 47 11 40 29 69 37 83 12 70 56 58 61 79 59 8 80 76 44 16 95 67 34 8 76 52 97 28 15 52 16 46 61 7 88 22 52 13 47 86 10 16 1 93 86 94 10 88 49 43 22 59 59 28 82 86 76 60 22 58 4 37 20 40 16 22 21 67 41 10 35 25 61 22 79 43 90 51 12 77 97 26 77 34 52 44
100 3
65 86 20 29 62 46 25 50 59 5 14 43 59 1 13 44 24 80 89 25 88 76 77 86 38 47 60 80 1 52 13 40 44 13 1 77 88 49 44 20 18 98 48 70 36 70 92 5 93 47 88 23 17 71 88 5 86 47 85 5 20 4 81 38 65 23 8 29 27 4 19 32 62 95 67 41 62 94 20 83 65 11 17 5 86 14 86 98 38 35 65 53 26 43 86 78 1 23 89 13
100 3
68 95 92 79 49 16 74 92 6 83 1 62 76 98 38 38 48 83 97 35 53 34 30 14 95 64 59 11 83 66 65 86 43 50 17 12 86 55 75 40 85 5 53 2 47 96 72 11 6 77 68 72 18 50 85 32 17 23 41 65 92 32 11 82 11 87 62 32 77 35 90 68 24 29 17 71 11 49 47 20 74 38 51 62 91 37 8 7 14 92 8 77 23 29 53 95 95 50 98 34
21 3
5 80 11 37 76 88 88 61 8 86 10 20 82 22 97 55 64 79 1 31 49
100 3
15 13 38 37 97 10 5 94 38 80 80 76 16 5 58 95 79 97 85 43 61 31 24 10 80 13 52 19 2 94 23 31 10 29 35 74 19 20 59 97 1 88 70 91 64 97 50 52 53 19 4 10 73 94 88 40 29 26 56 70 73 97 13 79 4 94 49 88 91 64 76 9 79 89 38 4 19 70 7 64 40 11 40 28 43 23 28 58 83 25 65 65 80 70 58 65 69 84 74 88
100 3
5 79 7 37 31 53 62 40 98 79 43 2 16 62 83 44 59 82 61 76 35 59 2 50 8 65 22 16 8 40 16 29 85 77 61 2 55 61 85 49 82 52 31 40 11 26 49 64 8 80 71 14 73 14 11 40 85 35 23 64 17 34 76 77 73 43 74 7 91 68 73 32 26 47 77 79 56 23 91 41 1 68 92 89 29 71 7 73 10 95 91 82 58 4 23 52 22 29 56 23
100 3
4 25 49 11 8 50 97 82 90 4 55 73 37 94 64 34 37 2 7 40 2 67 22 10 83 95 46 67 76 76 71 5 71 2 19 76 63 67 22 79 1 10 64 70 8 51 45 19 85 91 68 58 4 61 34 5 34 34 91 70 22 71 94 89 73 37 7 23 77 71 82 8 72 68 85 46 16 82 5 41 25 70 31 63 11 64 28 71 46 80 82 79 51 85 65 30 91 35 49 22
100 3
25 46 58 25 46 97 76 35 94 57 38 89 72 46 7 25 94 67 8 10 70 73 20 70 29 56 14 63 67 91 8 14 38 76 56 71 82 29 85 77 32 7 52 71 88 56 25 70 46 67 80 25 76 37 34 37 58 23 33 93 2 55 22 46 67 19 25 10 43 40 22 22 20 81 79 34 35 11 12 34 25 82 79 49 31 4 47 11 82 1 29 19 91 24 30 91 46 38 80 55
100 3
50 89 64 98 32 23 38 92 29 10 37 79 56 95 25 80 79 62 65 6 35 23 6 98 80 77 24 10 41 62 46 89 74 6 55 59 58 83 62 78 25 29 82 25 89 7 49 38 57 60 47 31 87 4 23 83 34 84 91 56 41 44 50 95 86 53 25 19 28 83 20 64 82 74 55 53 97 71 6 35 62 73 77 47 10 11 87 80 83 70 77 33 8 32 82 44 34 2 74 58
23 3
43 91 20 62 6 81 26 62 64 45 8 17 14 7 1 17 1 40 53 35 75 23 67
100 3
23 33 13 4 61 82 29 76 51 76 14 17 75 82 98 32 10 97 37 85 20 7 76 7 61 4 48 52 69 2 66 76 2 31 67 4 44 61 45 60 37 2 37 11 10 40 70 43 16 34 73 53 43 94 94 65 46 5 39 36 31 58 8 85 49 37 91 71 67 1 55 73 33 4 54 64 57 2 7 85 22 61 31 19 34 16 49 58 72 22 31 91 70 4 28 64 77 53 10 77
100 3
58 92 49 28 62 56 63 52 29 7 19 50 10 49 4 53 19 94 13 62 19 88 13 5 82 79 73 68 34 65 4 76 52 5 77 62 23 47 13 98 27 83 88 7 49 45 82 8 54 1 97 49 31 40 91 19 98 19 54 49 7 58 79 61 41 92 43 96 64 72 52 13 56 76 61 7 33 82 40 25 25 96 63 79 87 31 46 5 4 37 20 11 91 20 50 61 76 94 24 3
1 3
5
100 3
68 64 34 23 20 68 20 71 16 53 47 74 50 67 59 17 88 40 26 68 11 38 59 79 80 12 95 53 51 58 8 44 85 50 64 17 85 95 20 95 8 29 94 85 75 57 81 7 68 31 97 5 38 83 95 69 92 41 95 25 77 59 76 68 95 92 62 31 26 35 12 77 71 3 50 89 26 38 5 79 89 8 43 74 75 23 65 41 83 68 92 86 46 89 85 94 59 11 98 98
100 3
14 77 44 41 70 8 31 91 2 26 50 53 36 11 89 41 36 47 49 91 14 22 37 2 95 31 40 59 61 8 7 11 68 25 77 86 86 38 41 32 56 59 19 86 59 5 50 91 26 90 83 70 97 74 40 44 32 31 21 28 59 8 77 91 47 49 29 1 23 51 51 8 15 41 13 55 67 40 61 51 65 89 95 20 62 72 29 77 4 46 80 83 97 17 77 23 68 89 94 32
100 3
72 43 25 2 20 68 5 36 32 57 77 83 70 56 79 20 58 31 33 35 95 44 83 56 41 70 63 23 53 43 39 32 83 16 74 77 91 19 4 95 14 74 14 20 1 11 41 92 93 50 47 20 95 68 71 46 10 11 67 8 40 86 20 27 5 62 12 61 89 92 67 26 9 71 48 39 17 14 25 2 23 31 55 31 3 25 64 32 40 20 46 37 32 59 44 24 17 36 30 47
18 3
26 63 53 34 39 65 19 64 47 8 60 40 91 86 63 40 42 19
100 3
51 79 70 85 94 37 66 43 1 1 18 91 31 33 4 19 60 26 49 28 37 68 4 79 1 25 83 10 61 29 74 28 52 25 40 40 85 82 34 92 71 34 32 29 70 49 37 76 1 34 36 34 19 25 97 34 1 25 76 79 23 22 35 58 76 75 55 52 67 49 61 25 26 85 70 60 62 58 28 10 88 20 37 23 97 1 43 65 80 4 93 27 20 85 22 16 13 82 89 40
100 3
34 68 43 8 40 31 29 43 82 52 88 87 61 34 34 44 47 61 46 83 40 43 20 32 83 70 40 43 83 97 31 74 26 61 88 1 31 94 58 1 5 58 31 44 74 40 85 45 1 37 11 85 67 97 64 34 4 17 98 40 86 14 31 13 64 61 38 43 11 29 78 52 69 30 28 52 16 13 91 79 31 71 94 13 58 77 1 49 52 43 71 40 96 16 11 11 52 37 88 73
100 3
83 7 56 11 81 74 54 7 26 35 83 3 7 85 41 31 74 95 67 7 40 50 1 5 53 23 64 22 50 70 8 98 90 38 76 97 98 14 77 89 87 83 77 65 54 3 86 73 10 68 29 89 46 16 25 61 38 65 59 31 11 17 63 38 43 74 36 32 57 14 19 89 40 50 80 6 14 92 92 53 68 28 66 14 39 39 68 38 11 80 65 11 56 29 51 62 98 92 35 11
100 3
52 19 76 76 5 28 92 16 61 71 13 25 23 52 82 18 55 97 88 88 67 70 3 34 76 53 21 53 43 9 97 91 4 56 34 40 37 88 49 46 85 27 67 70 85 28 78 52 50 62 56 7 55 55 82 58 71 79 94 37 48 89 4 86 79 97 82 16 69 40 82 5 40 19 97 5 68 19 92 13 89 46 70 13 15 64 78 31 64 31 85 52 85 11 43 53 58 58 34 2
100 3
29 46 94 10 17 28 52 80 22 10 14 40 78 68 43 14 54 73 67 1 80 22 64 67 50 4 94 5 86 67 12 49 85 49 2 13 86 5 83 52 97 75 59 31 19 2 85 25 17 48 97 65 28 53 11 43 65 91 56 37 61 57 88 30 88 97 48 22 30 23 55 65 49 37 66 67 34 74 44 78 39 97 76 41 22 28 43 23 65 19 70 25 27 33 85 94 92 15 28 44
23 3
88 43 81 83 5 32 29 41 41 56 20 59 52 79 59 32 55 80 14 47 31 25 34
100 3
7 80 25 25 80 14 8 4 98 11 16 29 53 89 76 65 37 89 53 85 29 65 7 82 20 46 20 86 79 85 74 65 92 56 29 37 53 88 71 46 4 5 4 29 47 89 87 14 77 28 98 44 21 56 76 18 14 72 29 65 28 1 45 49 22 14 74 32 47 2 16 85 2 73 95 56 95 27 55 40 40 58 44 26 92 24 33 31 56 58 26 55 82 65 47 59 23 79 47 74
100 3
37 45 25 8 29 56 72 16 38 82 92 69 42 5 73 69 54 37 8 52 2 20 18 15 71 74 10 62 68 41 44 55 5 5 75 4 20 52 62 57 47 98 71 4 65 62 62 64 59 23 59 85 44 86 17 46 35 59 49 40 64 71 41 71 14 18 17 59 17 26 32 32 49 46 79 2 97 74 47 62 72 35 92 46 68 8 85 58 79 13 58 10 11 50 5 30 86 97 42 79
25 3
88 85 1 37 50 10 8 62 82 40 55 91 10 77 33 10 80 10 73 28 14 77 67 37 94
100 3
83 1 21 22 56 17 82 91 89 4 61 35 59 92 5 98 39 73 5 62 17 41 40 91 29 72 58 35 49 11 85 71 76 85 44 74 5 15 25 74 80 20 25 44 42 22 92 51 77 72 26 26 79 47 87 42 29 71 83 80 53 8 25 98 50 85 71 35 25 11 84 26 14 53 47 77 33 18 5 44 35 92 98 92 44 93 53 2 10 8 46 10 62 60 71 62 65 13 53 32
100 3
23 84 33 71 56 59 89 53 91 71 13 26 23 12 51 89 32 4 11 2 41 53 21 7 26 80 38 87 67 57 34 47 54 80 65 95 47 82 17 62 64 70 58 71 58 59 92 29 70 67 84 89 77 80 74 5 49 77 56 27 11 9 94 50 61 56 92 92 71 65 32 52 35 59 58 17 81 62 5 47 2 52 91 86 77 14 59 47 44 15 53 71 11 80 50 82 80 89 5 94
100 3
55 68 58 71 74 89 15 64 4 41 85 75 55 86 47 29 25 1 61 64 70 77 22 77 80 58 8 68 44 87 82 7 23 62 73 26 83 75 87 55 32 82 28 12 88 82 97 81 52 43 61 20 31 87 38 28 13 32 2 92 42 76 40 20 47 28 16 53 7 46 23 85 8 61 60 28 85 52 58 8 92 32 1 4 71 64 13 19 43 80 40 1 16 64 58 91 76 66 98 80
100 3
84 58 33 49 4 28 51 29 34 64 44 65 58 4 34 97 98 55 65 71 25 20 46 73 6 8 61 28 46 97 88 13 46 22 70 93 10 85 88 43 44 1 49 1 81 79 44 49 82 70 83 56 35 51 14 32 6 67 4 73 85 19 94 18 52 25 1 46 73 1 74 37 40 95 28 50 97 31 52 58 74 55 10 15 49 13 19 56 22 75 43 79 24 58 85 53 8 13 53 42
100 3
53 61 55 76 21 92 88 10 82 28 45 5 28 67 68 78 18 56 25 24 55 46 17 26 36 54 4 82 58 59 96 88 61 13 4 94 61 9 46 58 10 4 55 19 34 26 5 4 77 76 97 50 37 67 86 39 42 65 49 42 54 15 22 13 3 20 95 7 37 78 31 73 22 5 4 43 61 61 26 80 94 84 25 13 48 3 65 52 13 46 16 34 77 88 30 91 50 58 19 76
100 3
38 71 8 93 91 5 16 92 41 58 38 28 80 32 71 30 80 69 2 23 62 96 77 71 41 81 92 8 93 5 95 71 41 85 89 86 56 55 36 28 31 20 2 70 9 92 29 20 98 38 90 26 14 26 44 8 98 26 25 74 79 80 95 20 62 56 42 61 94 59 61 88 44 16 50 98 5 50 22 91 11 84 43 56 73 14 67 54 53 29 32 23 95 35 77 81 29 42 71 3
100 3
45 9 98 98 73 40 65 91 55 40 73 7 43 34 10 34 31 22 90 50 79 49 71 70 1 67 48 7 19 58 52 26 95 5 19 55 22 60 17 51 53 53 17 52 13 70 26 64 52 69 92 16 74 94 82 29 31 47 82 37 89 83 52 97 88 53 67 22 20 31 52 1 35 63 28 76 61 82 55 34 34 47 1 89 10 49 16 30 47 73 43 61 73 4 17 46 75 96 13 70
100 3
15 53 29 41 65 77 28 32 25 17 69 38 1 40 62 7 80 41 98 23 43 28 17 19 50 82 27 59 87 47 42 17 33 94 66 56 80 33 93 89 82 89 92 1 92 53 15 65 59 95 50 71 1 41 86 68 54 7 8 94 95 14 57 74 3 20 87 77 38 46 63 70 87 59 83 35 11 83 89 53 89 56 76 8 63 38 36 88 73 29 7 85 94 44 12 2 44 40 86 27
100 3
70 29 97 16 10 70 61 70 94 73 12 80 55 91 51 68 58 65 83 79 49 47 47 23 88 97 61 58 14 46 61 91 56 37 34 88 4 61 74 64 62 76 97 89 55 25 84 49 19 94 34 77 76 10 98 23 82 56 47 40 53 55 52 50 60 2 16 64 31 30 35 46 46 85 20 95 53 68 95 82 34 59 76 61 54 55 55 82 76 15 40 70 58 10 82 73 64 97 19 73
2 3
59 26
100 3
85 78 91 7 73 49 82 13 31 34 61 32 71 88 29 62 47 85 83 67 1 85 79 79 28 34 85 41 37 43 52 28 95 52 91 70 97 7 1 16 88 31 96 76 31 61 72 90 64 4 4 90 57 22 43 56 67 76 55 67 62 13 97 37 8 45 44 28 76 23 34 25 34 96 73 33 91 40 86 44 59 16 68 16 82 97 39 16 70 70 52 37 9 46 89 67 39 93 88 68
100 3
82 54 49 76 93 55 23 23 19 76 35 34 22 94 63 22 86 1 34 58 4 1 58 64 64 95 27 16 34 91 40 81 4 64 49 76 75 28 91 95 29 82 50 85 94 43 52 53 17 62 10 43 92 52 88 24 36 67 34 14 4 80 89 94 10 94 43 58 76 9 49 76 56 67 38 67 10 37 53 57 81 34 73 20 40 22 40 76 5 65 7 84 10 24 37 82 18 82 34 33
100 3
16 13 36 5 92 81 59 95 86 59 74 41 29 17 29 47 49 83 77 80 50 98 95 72 98 84 23 2 77 86 95 90 21 47 68 76 59 55 77 92 20 94 41 98 50 8 86 7 88 29 16 70 37 55 53 9 31 45 28 2 44 14 95 80 46 26 58 98 48 91 55 47 92 39 61 68 62 47 77 45 74 91 2 44 2 11 71 41 26 68 90 2 7 59 32 2 95 23 74 55
100 3
94 4 69 76 35 57 49 22 43 49 67 10 35 91 85 64 10 34 52 40 71 97 7 67 16 67 79 64 22 92 73 21 94 61 51 10 55 73 75 59 2 73 11 96 31 76 2 13 55 39 52 19 80 17 98 44 55 43 98 84 4 40 22 3 92 7 82 37 41 76 28 49 67 4 10 25 37 89 40 55 43 89 53 94 57 46 11 24 38 87 97 47 37 81 28 85 8 88 75 13
100 3
37 55 14 97 98 64 95 64 19 2 7 85 25 2 83 62 55 75 67 7 59 82 30 60 73 6 28 41 79 37 93 81 44 64 46 46 91 59 98 40 64 86 85 14 76 52 55 33 95 61 27 9 22 82 98 89 35 20 74 75 67 51 97 98 63 7 2 7 62 20 70 49 94 74 82 76 86 85 29 4 91 55 97 40 79 43 1 82 12 96 44 55 64 49 82 40 46 89 22 19
100 3
80 70 16 82 53 28 16 89 29 82 37 74 29 70 10 23 64 77 50 22 86 67 70 53 26 71 82 59 95 7 59 26 2 11 97 98 26 7 13 46 40 19 94 40 92 38 26 92 20 34 2 19 86 17 25 19 10 22 95 98 55 71 4 38 64 14 14 49 16 8 13 46 43 19 50 4 35 31 31 16 2 59 22 83 13 16 49 25 8 26 37 85 53 7 70 70 49 61 32 46
100 2
40 39 61 94 3 12 54 40 91 83 73 10 87 31 65 66 77 48 64 4 5 15 81 87 78 80 96 56 99 74 87 34 2 33 29 9 5 41 56 1 76 67 91 8 25 37 49 66 27 72 25 96 45 40 57 81 25 95 95 26 11 92 78 35 53 40 45 92 22 23 5 46 47 32 38 64 30 87 88 71 20 89 92 82 96 73 38 65 28 82 4 12 90 31 78 68 26 49 5 34
15 3
86 88 26 22 92 61 67 90 92 79 56 85 26 80 91
100 3
68 52 46 94 13 46 5 60 19 64 23 50 50 43 79 36 52 60 89 94 37 56 56 13 1 22 62 22 77 63 31 91 70 25 35 41 25 14 14 28 79 15 70 20 19 56 38 76 28 59 50 64 88 4 33 82 42 49 14 56 91 42 10 61 39 59 72 40 73 70 55 19 52 97 90 23 95 62 26 97 87 67 28 12 26 2 37 55 20 37 43 91 4 82 68 64 70 94 53 34
18 2
96 26 56 50 76 69 94 19 50 82 43 66 50 7 15 42 85 17
1 3
64
100 3
55 67 10 5 34 74 12 55 65 91 81 3 28 97 52 79 89 8 67 44 2 70 35 49 53 85 94 97 28 59 2 79 11 76 4 35 91 87 38 27 17 92 53 55 70 61 64 26 49 31 73 26 95 28 31 73 70 13 97 34 73 29 58 20 71 97 55 35 79 22 41 25 47 49 38 31 97 34 15 79 69 23 74 90 95 64 89 28 28 40 34 27 51 50 52 31 85 11 7 92
100 3
60 34 98 25 61 85 18 4 16 65 73 70 19 12 85 97 73 34 43 91 79 1 5 13 70 50 78 28 92 96 92 96 97 28 10 91 38 1 55 21 85 8 43 65 91 79 22 61 98 4 76 46 67 50 28 75 22 37 77 51 1 76 10 22 29 32 82 58 95 10 52 88 14 73 7 35 55 86 64 37 25 49 88 16 26 74 26 93 53 61 47 98 89 8 13 10 27 19 35 73
26 3
19 82 42 65 34 93 48 43 11 16 49 49 1 7 65 31 28 14 26 79 94 28 88 29 30 76
100 3
1 73 68 67 58 75 86 28 70 31 64 86 46 94 4 86 65 37 77 91 37 95 91 95 7 71 70 29 94 62 41 58 22 4 65 55 64 94 21 8 17 43 10 49 62 96 17 43 55 10 96 96 70 52 40 64 37 8 28 94 92 64 1 24 90 49 5 46 82 37 85 14 61 44 79 67 57 16 11 61 65 76 98 67 31 25 52 68 98 13 61 58 41 62 68 82 76 88 17 77
100 3
57 64 52 67 71 13 1 16 31 98 57 51 46 77 89 2 25 77 40 97 67 58 43 65 83 5 1 74 91 77 91 32 67 92 39 5 97 44 46 62 29 55 91 50 50 22 20 62 92 65 7 46 59 40 44 58 76 56 37 49 83 22 76 17 5 55 11 20 64 7 97 97 97 67 52 52 97 54 66 1 12 43 91 6 19 29 7 67 82 79 11 29 79 55 22 76 68 31 97 22
1 2
71
2 3
58 94
3 3
53 68 5
100 3
29 41 95 34 97 29 42 26 94 79 46 47 41 42 14 89 8 30 2 46 85 40 56 14 47 26 90 86 53 62 17 80 82 83 53 17 85 58 86 8 71 7 95 55 89 23 34 38 59 32 25 89 87 13 49 81 16 38 61 32 33 23 7 53 10 38 41 8 35 50 23 41 2 12 2 42 13 92 28 53 77 92 20 5 13 95 59 68 83 68 47 14 52 85 17 48 41 91 25 8
100 3
34 35 42 89 29 86 92 17 17 59 82 80 87 58 47 74 49 13 11 26 62 67 8 8 23 76 60 86 89 53 74 86 60 38 87 53 4 39 47 5 72 5 50 73 11 8 25 23 16 10 89 35 55 68 97 50 50 90 9 59 86 1 58 4 32 70 38 65 8 90 38 20 59 53 44 86 92 57 59 68 33 45 12 94 32 80 28 5 52 32 1 46 83 49 96 91 37 40 38 45
13 3
85 32 73 50 65 71 86 94 55 25 56 58 59
100 3
75 92 55 29 40 26 89 56 91 70 56 43 68 77 27 50 10 38 98 7 32 23 65 50 41 84 98 68 96 68 80 7 23 25 5 8 15 5 35 72 42 42 77 38 17 9 53 83 52 79 37 77 44 38 20 5 29 64 2 94 35 56 68 20 97 65 42 32 85 55 26 70 34 68 44 89 56 50 61 81 41 92 49 92 56 65 44 23 20 58 2 53 20 29 79 28 32 65 25 77
100 3
28 19 64 30 10 76 43 73 22 56 19 17 16 76 37 46 50 46 43 61 66 32 53 23 7 34 13 88 35 71 64 38 13 62 52 58 25 88 57 52 88 34 53 32 26 74 11 58 11 55 61 39 74 64 5 14 94 43 86 97 83 31 79 16 79 28 1 50 34 52 79 94 41 19 94 78 22 18 18 91 43 79 8 49 59 52 80 1 86 85 26 36 85 61 52 31 27 79 46 78
