1 6 56 448
1 6 448 56
1 6 88 416
1 6 304 200
1 6 200 304
1 6 416 88
1 24 448 38
1 24 38 448
1 192 292 26
1 192 26 292
1 384 88 38
1 384 38 88
1 18 292 200
1 18 200 292
1 36 448 26
1 36 26 448
1 72 146 292
1 72 292 146
1 72 22 416
1 72 38 400
1 72 400 38
1 72 416 22
1 288 22 200
1 288 200 22
1 56 6 448
1 56 448 6
1 448 6 56
1 448 24 38
1 448 36 26
1 448 56 6
1 448 38 24
1 448 26 36
1 146 72 292
1 146 292 72
1 292 192 26
1 292 18 200
1 292 72 146
1 292 146 72
1 292 200 18
1 292 26 192
1 22 72 416
1 22 288 200
1 22 200 288
1 22 416 72
1 88 6 416
1 88 384 38
1 88 38 384
1 88 416 6
1 38 24 448
1 38 384 88
1 38 72 400
1 38 448 24
1 38 88 384
1 38 400 72
1 304 6 200
1 304 200 6
1 200 6 304
1 200 18 292
1 200 288 22
1 200 292 18
1 200 22 288
1 200 304 6
1 400 72 38
1 400 38 72
1 26 192 292
1 26 36 448
1 26 448 36
1 26 292 192
1 416 6 88
1 416 72 22
1 416 22 72
1 416 88 6
2 192 292 25
2 192 25 292
2 384 73 52
2 384 52 73
2 9 448 52
2 9 292 208
2 9 52 448
2 9 208 292
2 36 448 25
2 36 73 400
2 36 25 448
2 36 400 73
2 144 73 292
2 144 292 73
2 448 9 52
2 448 36 25
2 448 25 36
2 448 52 9
2 73 384 52
2 73 36 400
2 73 144 292
2 73 292 144
2 73 400 36
2 73 52 384
2 292 192 25
2 292 9 208
2 292 144 73
2 292 73 144
2 292 25 192
2 292 208 9
2 25 192 292
2 25 36 448
2 25 448 36
2 25 292 192
2 400 36 73
2 400 73 36
2 52 384 73
2 52 9 448
2 52 448 9
2 52 73 384
2 208 9 292
2 208 292 9
4 3 56 448
4 3 448 56
4 3 88 416
4 3 304 200
4 3 200 304
4 3 416 88
4 48 448 11
4 48 11 448
4 192 11 304
4 192 304 11
4 384 73 50
4 384 50 73
4 9 448 50
4 9 50 448
4 18 73 416
4 18 416 73
4 72 19 416
4 72 416 19
4 288 73 146
4 288 146 73
4 288 11 208
4 288 19 200
4 288 200 19
4 288 208 11
4 56 3 448
4 56 448 3
4 448 3 56
4 448 48 11
4 448 9 50
4 448 56 3
4 448 11 48
4 448 50 9
4 73 384 50
4 73 18 416
4 73 288 146
4 73 146 288
4 73 50 384
4 73 416 18
4 146 288 73
4 146 73 288
4 11 48 448
4 11 192 304
4 11 288 208
4 11 448 48
4 11 304 192
4 11 208 288
4 88 3 416
4 88 416 3
4 19 72 416
4 19 288 200
4 19 200 288
4 19 416 72
4 304 3 200
4 304 192 11
4 304 11 192
4 304 200 3
4 50 384 73
4 50 9 448
4 50 448 9
4 50 73 384
4 200 3 304
4 200 288 19
4 200 19 288
4 200 304 3
4 208 288 11
4 208 11 288
4 416 3 88
4 416 18 73
4 416 72 19
4 416 73 18
4 416 88 3
4 416 19 72
8 3 448 52
8 3 292 208
8 3 52 448
8 3 208 292
8 48 7 448
8 48 448 7
8 192 7 304
8 192 292 19
8 192 19 292
8 192 304 7
8 36 448 19
8 36 19 448
8 288 7 208
8 288 208 7
8 7 48 448
8 7 192 304
8 7 288 208
8 7 448 48
8 7 304 192
8 7 208 288
8 448 3 52
8 448 48 7
8 448 36 19
8 448 7 48
8 448 19 36
8 448 52 3
8 292 3 208
8 292 192 19
8 292 19 192
8 292 208 3
8 19 192 292
8 19 36 448
8 19 448 36
8 19 292 192
8 304 192 7
8 304 7 192
8 52 3 448
8 52 448 3
8 208 3 292
8 208 288 7
8 208 7 288
8 208 292 3
16 3 292 200
16 3 200 292
16 6 73 416
16 6 416 73
16 192 292 11
16 192 11 292
16 384 73 38
16 384 38 73
16 9 448 38
16 9 38 448
16 36 448 11
16 36 11 448
16 72 7 416
16 72 416 7
16 288 7 200
16 288 200 7
16 7 72 416
16 7 288 200
16 7 200 288
16 7 416 72
16 448 9 38
16 448 36 11
16 448 11 36
16 448 38 9
16 73 6 416
16 73 384 38
16 73 38 384
16 73 416 6
16 292 3 200
16 292 192 11
16 292 11 192
16 292 200 3
16 11 192 292
16 11 36 448
16 11 448 36
16 11 292 192
16 38 384 73
16 38 9 448
16 38 448 9
16 38 73 384
16 200 3 292
16 200 288 7
16 200 7 288
16 200 292 3
16 416 6 73
16 416 72 7
16 416 7 72
16 416 73 6
32 6 448 25
32 6 73 400
32 6 25 448
32 6 400 73
32 24 7 448
32 24 448 7
32 384 7 88
32 384 73 22
32 384 22 73
32 384 88 7
32 9 448 22
32 9 22 448
32 72 7 400
32 72 400 7
32 7 24 448
32 7 384 88
32 7 72 400
32 7 448 24
32 7 88 384
32 7 400 72
32 448 6 25
32 448 24 7
32 448 9 22
32 448 7 24
32 448 22 9
32 448 25 6
32 73 6 400
32 73 384 22
32 73 22 384
32 73 400 6
32 22 384 73
32 22 9 448
32 22 448 9
32 22 73 384
32 88 384 7
32 88 7 384
32 25 6 448
32 25 448 6
32 400 6 73
32 400 72 7
32 400 7 72
32 400 73 6
64 3 292 152
64 3 152 292
64 6 25 416
64 6 416 25
64 24 7 416
64 24 416 7
64 384 7 56
64 384 56 7
64 384 11 52
64 384 38 25
64 384 25 38
64 384 52 11
64 9 146 292
64 9 292 146
64 9 22 416
64 9 38 400
64 9 400 38
64 9 416 22
64 36 11 400
64 36 400 11
64 144 292 11
64 144 11 292
64 288 7 152
64 288 152 7
64 7 24 416
64 7 384 56
64 7 288 152
64 7 56 384
64 7 152 288
64 7 416 24
64 56 384 7
64 56 7 384
64 146 9 292
64 146 292 9
64 292 3 152
64 292 9 146
64 292 144 11
64 292 146 9
64 292 11 144
64 292 152 3
64 11 384 52
64 11 36 400
64 11 144 292
64 11 292 144
64 11 400 36
64 11 52 384
64 22 9 416
64 22 416 9
64 38 384 25
64 38 9 400
64 38 25 384
64 38 400 9
64 152 3 292
64 152 288 7
64 152 7 288
64 152 292 3
64 25 6 416
64 25 384 38
64 25 38 384
64 25 416 6
64 400 9 38
64 400 36 11
64 400 11 36
64 400 38 9
64 52 384 11
64 52 11 384
64 416 6 25
64 416 24 7
64 416 9 22
64 416 7 24
64 416 22 9
64 416 25 6
128 3 292 88
128 3 88 292
128 6 73 304
128 6 304 73
128 18 73 292
128 18 292 73
128 72 7 304
128 72 292 19
128 72 19 292
128 72 304 7
128 288 7 88
128 288 73 22
128 288 22 73
128 288 88 7
128 7 72 304
128 7 288 88
128 7 88 288
128 7 304 72
128 73 6 304
128 73 18 292
128 73 288 22
128 73 292 18
128 73 22 288
128 73 304 6
128 292 3 88
128 292 18 73
128 292 72 19
128 292 73 18
128 292 88 3
128 292 19 72
128 22 288 73
128 22 73 288
128 88 3 292
128 88 288 7
128 88 7 288
128 88 292 3
128 19 72 292
128 19 292 72
128 304 6 73
128 304 72 7
128 304 7 72
128 304 73 6
256 3 200 52
256 3 52 200
256 6 73 176
256 6 176 73
256 48 7 200
256 48 200 7
256 192 7 56
256 192 56 7
256 192 11 52
256 192 38 25
256 192 25 38
256 192 52 11
256 9 38 208
256 9 208 38
256 36 73 146
256 36 146 73
256 36 11 208
256 36 19 200
256 36 200 19
256 36 208 11
256 72 7 176
256 72 176 7
256 144 73 38
256 144 38 73
256 7 48 200
256 7 192 56
256 7 72 176
256 7 56 192
256 7 176 72
256 7 200 48
256 56 192 7
256 56 7 192
256 73 6 176
256 73 36 146
256 73 144 38
256 73 146 36
256 73 176 6
256 73 38 144
256 146 36 73
256 146 73 36
256 11 192 52
256 11 36 208
256 11 52 192
256 11 208 36
256 176 6 73
256 176 72 7
256 176 7 72
256 176 73 6
256 19 36 200
256 19 200 36
256 38 192 25
256 38 9 208
256 38 144 73
256 38 73 144
256 38 25 192
256 38 208 9
256 25 192 38
256 25 38 192
256 200 3 52
256 200 48 7
256 200 36 19
256 200 7 48
256 200 19 36
256 200 52 3
256 52 3 200
256 52 192 11
256 52 11 192
256 52 200 3
256 208 9 38
256 208 36 11
256 208 11 36
256 208 38 9
3 4 56 448
3 4 448 56
3 4 88 416
3 4 304 200
3 4 200 304
3 4 416 88
3 8 448 52
3 8 292 208
3 8 52 448
3 8 208 292
3 16 292 200
3 16 200 292
3 64 292 152
3 64 152 292
3 128 292 88
3 128 88 292
3 256 200 52
3 256 52 200
3 24 192 292
3 24 36 448
3 24 448 36
3 24 292 192
3 192 24 292
3 192 292 24
3 384 36 88
3 384 72 52
3 384 88 36
3 384 52 72
3 36 24 448
3 36 384 88
3 36 72 400
3 36 448 24
3 36 88 384
3 36 400 72
3 72 384 52
3 72 36 400
3 72 144 292
3 72 292 144
3 72 400 36
3 72 52 384
3 144 72 292
3 144 292 72
3 56 4 448
3 56 448 4
3 448 4 56
3 448 8 52
3 448 24 36
3 448 36 24
3 448 56 4
3 448 52 8
3 292 8 208
3 292 16 200
3 292 64 152
3 292 128 88
3 292 24 192
3 292 192 24
3 292 72 144
3 292 144 72
3 292 88 128
3 292 152 64
3 292 200 16
3 292 208 8
3 88 4 416
3 88 128 292
3 88 384 36
3 88 36 384
3 88 292 128
3 88 416 4
3 152 64 292
3 152 292 64
3 304 4 200
3 304 200 4
3 200 4 304
3 200 16 292
3 200 256 52
3 200 292 16
3 200 304 4
3 200 52 256
3 400 36 72
3 400 72 36
3 52 8 448
3 52 256 200
3 52 384 72
3 52 72 384
3 52 448 8
3 52 200 256
3 208 8 292
3 208 292 8
3 416 4 88
3 416 88 4
6 1 56 448
6 1 448 56
6 1 88 416
6 1 304 200
6 1 200 304
6 1 416 88
6 16 73 416
6 16 416 73
6 32 448 25
6 32 73 400
6 32 25 448
6 32 400 73
6 64 25 416
6 64 416 25
6 128 73 304
6 128 304 73
6 256 73 176
6 256 176 73
6 48 384 73
6 48 9 448
6 48 448 9
6 48 73 384
6 192 9 304
6 192 288 25
6 192 304 9
6 192 25 288
6 384 48 73
6 384 73 48
6 9 48 448
6 9 192 304
6 9 288 208
6 9 448 48
6 9 304 192
6 9 208 288
6 144 288 73
6 144 73 288
6 288 192 25
6 288 9 208
6 288 144 73
6 288 73 144
6 288 25 192
6 288 208 9
6 56 1 448
6 56 448 1
6 448 1 56
6 448 32 25
6 448 48 9
6 448 9 48
6 448 56 1
6 448 25 32
6 73 16 416
6 73 32 400
6 73 128 304
6 73 256 176
6 73 48 384
6 73 384 48
6 73 144 288
6 73 288 144
6 73 176 256
6 73 304 128
6 73 400 32
6 73 416 16
6 88 1 416
6 88 416 1
6 176 256 73
6 176 73 256
6 304 1 200
6 304 128 73
6 304 192 9
6 304 9 192
6 304 73 128
6 304 200 1
6 25 32 448
6 25 64 416
6 25 192 288
6 25 288 192
6 25 448 32
6 25 416 64
6 200 1 304
6 200 304 1
6 400 32 73
6 400 73 32
6 208 9 288
6 208 288 9
6 416 1 88
6 416 16 73
6 416 64 25
6 416 73 16
6 416 88 1
6 416 25 64
24 1 448 38
24 1 38 448
24 32 7 448
24 32 448 7
24 64 7 416
24 64 416 7
24 3 192 292
24 3 36 448
24 3 448 36
24 3 292 192
24 192 3 292
24 192 288 7
24 192 7 288
24 192 292 3
24 36 3 448
24 36 448 3
24 288 192 7
24 288 7 192
24 7 32 448
24 7 64 416
24 7 192 288
24 7 288 192
24 7 448 32
24 7 416 64
24 448 1 38
24 448 32 7
24 448 3 36
24 448 36 3
24 448 7 32
24 448 38 1
24 292 3 192
24 292 192 3
24 38 1 448
24 38 448 1
24 416 64 7
24 416 7 64
48 4 448 11
48 4 11 448
48 8 7 448
48 8 448 7
48 256 7 200
48 256 200 7
48 6 384 73
48 6 9 448
48 6 448 9
48 6 73 384
48 384 6 73
48 384 72 7
48 384 7 72
48 384 73 6
48 9 6 448
48 9 448 6
48 72 384 7
48 72 7 384
48 7 8 448
48 7 256 200
48 7 384 72
48 7 72 384
48 7 448 8
48 7 200 256
48 448 4 11
48 448 8 7
48 448 6 9
48 448 9 6
48 448 7 8
48 448 11 4
48 73 6 384
48 73 384 6
48 11 4 448
48 11 448 4
48 200 256 7
48 200 7 256
192 1 292 26
192 1 26 292
192 2 292 25
192 2 25 292
192 4 11 304
192 4 304 11
192 8 7 304
192 8 292 19
192 8 19 292
192 8 304 7
192 16 292 11
192 16 11 292
192 256 7 56
192 256 56 7
192 256 11 52
192 256 38 25
192 256 25 38
192 256 52 11
192 3 24 292
192 3 292 24
192 6 9 304
192 6 288 25
192 6 304 9
192 6 25 288
192 24 3 292
192 24 288 7
192 24 7 288
192 24 292 3
192 9 6 304
192 9 18 292
192 9 288 22
192 9 292 18
192 9 22 288
192 9 304 6
192 18 9 292
192 18 292 9
192 288 6 25
192 288 24 7
192 288 9 22
192 288 7 24
192 288 22 9
192 288 25 6
192 7 8 304
192 7 256 56
192 7 24 288
192 7 288 24
192 7 56 256
192 7 304 8
192 56 256 7
192 56 7 256
192 292 1 26
192 292 2 25
192 292 8 19
192 292 16 11
192 292 3 24
192 292 24 3
192 292 9 18
192 292 18 9
192 292 11 16
192 292 19 8
192 292 25 2
192 292 26 1
192 11 4 304
192 11 16 292
192 11 256 52
192 11 292 16
192 11 304 4
192 11 52 256
192 22 9 288
192 22 288 9
192 19 8 292
192 19 292 8
192 38 256 25
192 38 25 256
192 304 4 11
192 304 8 7
192 304 6 9
192 304 9 6
192 304 7 8
192 304 11 4
192 25 2 292
192 25 256 38
192 25 6 288
192 25 288 6
192 25 292 2
192 25 38 256
192 26 1 292
192 26 292 1
192 52 256 11
192 52 11 256
384 1 88 38
384 1 38 88
384 2 73 52
384 2 52 73
384 4 73 50
384 4 50 73
384 16 73 38
384 16 38 73
384 32 7 88
384 32 73 22
384 32 22 73
384 32 88 7
384 64 7 56
384 64 56 7
384 64 11 52
384 64 38 25
384 64 25 38
384 64 52 11
384 3 36 88
384 3 72 52
384 3 88 36
384 3 52 72
384 6 48 73
384 6 73 48
384 48 6 73
384 48 72 7
384 48 7 72
384 48 73 6
384 18 36 73
384 18 73 36
384 36 3 88
384 36 18 73
384 36 72 19
384 36 73 18
384 36 88 3
384 36 19 72
384 72 3 52
384 72 48 7
384 72 36 19
384 72 7 48
384 72 19 36
384 72 52 3
384 7 32 88
384 7 64 56
384 7 48 72
384 7 72 48
384 7 56 64
384 7 88 32
384 56 64 7
384 56 7 64
384 73 2 52
384 73 4 50
384 73 16 38
384 73 32 22
384 73 6 48
384 73 48 6
384 73 18 36
384 73 36 18
384 73 22 32
384 73 38 16
384 73 50 4
384 73 52 2
384 11 64 52
384 11 52 64
384 22 32 73
384 22 73 32
384 88 1 38
384 88 32 7
384 88 3 36
384 88 36 3
384 88 7 32
384 88 38 1
384 19 36 72
384 19 72 36
384 38 1 88
384 38 16 73
384 38 64 25
384 38 73 16
384 38 88 1
384 38 25 64
384 25 64 38
384 25 38 64
384 50 4 73
384 50 73 4
384 52 2 73
384 52 64 11
384 52 3 72
384 52 72 3
384 52 73 2
384 52 11 64
9 2 448 52
9 2 292 208
9 2 52 448
9 2 208 292
9 4 448 50
9 4 50 448
9 16 448 38
9 16 38 448
9 32 448 22
9 32 22 448
9 64 146 292
9 64 292 146
9 64 22 416
9 64 38 400
9 64 400 38
9 64 416 22
9 256 38 208
9 256 208 38
9 6 48 448
9 6 192 304
9 6 288 208
9 6 448 48
9 6 304 192
9 6 208 288
9 48 6 448
9 48 448 6
9 192 6 304
9 192 18 292
9 192 288 22
9 192 292 18
9 192 22 288
9 192 304 6
9 18 192 292
9 18 36 448
9 18 448 36
9 18 292 192
9 36 18 448
9 36 448 18
9 288 6 208
9 288 192 22
9 288 22 192
9 288 208 6
9 448 2 52
9 448 4 50
9 448 16 38
9 448 32 22
9 448 6 48
9 448 48 6
9 448 18 36
9 448 36 18
9 448 22 32
9 448 38 16
9 448 50 4
9 448 52 2
9 146 64 292
9 146 292 64
9 292 2 208
9 292 64 146
9 292 192 18
9 292 18 192
9 292 146 64
9 292 208 2
9 22 32 448
9 22 64 416
9 22 192 288
9 22 288 192
9 22 448 32
9 22 416 64
9 38 16 448
9 38 64 400
9 38 256 208
9 38 448 16
9 38 400 64
9 38 208 256
9 304 6 192
9 304 192 6
9 50 4 448
9 50 448 4
9 400 64 38
9 400 38 64
9 52 2 448
9 52 448 2
9 208 2 292
9 208 256 38
9 208 6 288
9 208 288 6
9 208 292 2
9 208 38 256
9 416 64 22
9 416 22 64
18 1 292 200
18 1 200 292
18 4 73 416
18 4 416 73
18 128 73 292
18 128 292 73
18 192 9 292
18 192 292 9
18 384 36 73
18 384 73 36
18 9 192 292
18 9 36 448
18 9 448 36
18 9 292 192
18 36 384 73
18 36 9 448
18 36 448 9
18 36 73 384
18 448 9 36
18 448 36 9
18 73 4 416
18 73 128 292
18 73 384 36
18 73 36 384
18 73 292 128
18 73 416 4
18 292 1 200
18 292 128 73
18 292 192 9
18 292 9 192
18 292 73 128
18 292 200 1
18 200 1 292
18 200 292 1
18 416 4 73
18 416 73 4
36 1 448 26
36 1 26 448
36 2 448 25
36 2 73 400
36 2 25 448
36 2 400 73
36 8 448 19
36 8 19 448
36 16 448 11
36 16 11 448
36 64 11 400
36 64 400 11
36 256 73 146
36 256 146 73
36 256 11 208
36 256 19 200
36 256 200 19
36 256 208 11
36 3 24 448
36 3 384 88
36 3 72 400
36 3 448 24
36 3 88 384
36 3 400 72
36 24 3 448
36 24 448 3
36 384 3 88
36 384 18 73
36 384 72 19
36 384 73 18
36 384 88 3
36 384 19 72
36 9 18 448
36 9 448 18
36 18 384 73
36 18 9 448
36 18 448 9
36 18 73 384
36 72 3 400
36 72 384 19
36 72 19 384
36 72 400 3
36 448 1 26
36 448 2 25
36 448 8 19
36 448 16 11
36 448 3 24
36 448 24 3
36 448 9 18
36 448 18 9
36 448 11 16
36 448 19 8
36 448 25 2
36 448 26 1
36 73 2 400
36 73 256 146
36 73 384 18
36 73 18 384
36 73 146 256
36 73 400 2
36 146 256 73
36 146 73 256
36 11 16 448
36 11 64 400
36 11 256 208
36 11 448 16
36 11 400 64
36 11 208 256
36 88 3 384
36 88 384 3
36 19 8 448
36 19 256 200
36 19 384 72
36 19 72 384
36 19 448 8
36 19 200 256
36 25 2 448
36 25 448 2
36 200 256 19
36 200 19 256
36 400 2 73
36 400 64 11
36 400 3 72
36 400 72 3
36 400 73 2
36 400 11 64
36 26 1 448
36 26 448 1
36 208 256 11
36 208 11 256
72 1 146 292
72 1 292 146
72 1 22 416
72 1 38 400
72 1 400 38
72 1 416 22
72 4 19 416
72 4 416 19
72 16 7 416
72 16 416 7
72 32 7 400
72 32 400 7
72 128 7 304
72 128 292 19
72 128 19 292
72 128 304 7
72 256 7 176
72 256 176 7
72 3 384 52
72 3 36 400
72 3 144 292
72 3 292 144
72 3 400 36
72 3 52 384
72 48 384 7
72 48 7 384
72 384 3 52
72 384 48 7
72 384 36 19
72 384 7 48
72 384 19 36
72 384 52 3
72 36 3 400
72 36 384 19
72 36 19 384
72 36 400 3
72 144 3 292
72 144 288 7
72 144 7 288
72 144 292 3
72 288 144 7
72 288 7 144
72 7 16 416
72 7 32 400
72 7 128 304
72 7 256 176
72 7 48 384
72 7 384 48
72 7 144 288
72 7 288 144
72 7 176 256
72 7 304 128
72 7 400 32
72 7 416 16
72 146 1 292
72 146 292 1
72 292 1 146
72 292 128 19
72 292 3 144
72 292 144 3
72 292 146 1
72 292 19 128
72 22 1 416
72 22 416 1
72 176 256 7
72 176 7 256
72 19 4 416
72 19 128 292
72 19 384 36
72 19 36 384
72 19 292 128
72 19 416 4
72 38 1 400
72 38 400 1
72 304 128 7
72 304 7 128
72 400 1 38
72 400 32 7
72 400 3 36
72 400 36 3
72 400 7 32
72 400 38 1
72 52 3 384
72 52 384 3
72 416 1 22
72 416 4 19
72 416 16 7
72 416 7 16
72 416 22 1
72 416 19 4
144 2 73 292
144 2 292 73
144 64 292 11
144 64 11 292
144 256 73 38
144 256 38 73
144 3 72 292
144 3 292 72
144 6 288 73
144 6 73 288
144 72 3 292
144 72 288 7
144 72 7 288
144 72 292 3
144 288 6 73
144 288 72 7
144 288 7 72
144 288 73 6
144 7 72 288
144 7 288 72
144 73 2 292
144 73 256 38
144 73 6 288
144 73 288 6
144 73 292 2
144 73 38 256
144 292 2 73
144 292 64 11
144 292 3 72
144 292 72 3
144 292 73 2
144 292 11 64
144 11 64 292
144 11 292 64
144 38 256 73
144 38 73 256
288 1 22 200
288 1 200 22
288 4 73 146
288 4 146 73
288 4 11 208
288 4 19 200
288 4 200 19
288 4 208 11
288 8 7 208
288 8 208 7
288 16 7 200
288 16 200 7
288 64 7 152
288 64 152 7
288 128 7 88
288 128 73 22
288 128 22 73
288 128 88 7
288 6 192 25
288 6 9 208
288 6 144 73
288 6 73 144
288 6 25 192
288 6 208 9
288 24 192 7
288 24 7 192
288 192 6 25
288 192 24 7
288 192 9 22
288 192 7 24
288 192 22 9
288 192 25 6
288 9 6 208
288 9 192 22
288 9 22 192
288 9 208 6
288 72 144 7
288 72 7 144
288 144 6 73
288 144 72 7
288 144 7 72
288 144 73 6
288 7 8 208
288 7 16 200
288 7 64 152
288 7 128 88
288 7 24 192
288 7 192 24
288 7 72 144
288 7 144 72
288 7 88 128
288 7 152 64
288 7 200 16
288 7 208 8
288 73 4 146
288 73 128 22
288 73 6 144
288 73 144 6
288 73 146 4
288 73 22 128
288 146 4 73
288 146 73 4
288 11 4 208
288 11 208 4
288 22 1 200
288 22 128 73
288 22 192 9
288 22 9 192
288 22 73 128
288 22 200 1
288 88 128 7
288 88 7 128
288 19 4 200
288 19 200 4
288 152 64 7
288 152 7 64
288 25 6 192
288 25 192 6
288 200 1 22
288 200 4 19
288 200 16 7
288 200 7 16
288 200 22 1
288 200 19 4
288 208 4 11
288 208 8 7
288 208 6 9
288 208 9 6
288 208 7 8
288 208 11 4
7 8 48 448
7 8 192 304
7 8 288 208
7 8 448 48
7 8 304 192
7 8 208 288
7 16 72 416
7 16 288 200
7 16 200 288
7 16 416 72
7 32 24 448
7 32 384 88
7 32 72 400
7 32 448 24
7 32 88 384
7 32 400 72
7 64 24 416
7 64 384 56
7 64 288 152
7 64 56 384
7 64 152 288
7 64 416 24
7 128 72 304
7 128 288 88
7 128 88 288
7 128 304 72
7 256 48 200
7 256 192 56
7 256 72 176
7 256 56 192
7 256 176 72
7 256 200 48
7 24 32 448
7 24 64 416
7 24 192 288
7 24 288 192
7 24 448 32
7 24 416 64
7 48 8 448
7 48 256 200
7 48 384 72
7 48 72 384
7 48 448 8
7 48 200 256
7 192 8 304
7 192 256 56
7 192 24 288
7 192 288 24
7 192 56 256
7 192 304 8
7 384 32 88
7 384 64 56
7 384 48 72
7 384 72 48
7 384 56 64
7 384 88 32
7 72 16 416
7 72 32 400
7 72 128 304
7 72 256 176
7 72 48 384
7 72 384 48
7 72 144 288
7 72 288 144
7 72 176 256
7 72 304 128
7 72 400 32
7 72 416 16
7 144 72 288
7 144 288 72
7 288 8 208
7 288 16 200
7 288 64 152
7 288 128 88
7 288 24 192
7 288 192 24
7 288 72 144
7 288 144 72
7 288 88 128
7 288 152 64
7 288 200 16
7 288 208 8
7 56 64 384
7 56 256 192
7 56 192 256
7 56 384 64
7 448 8 48
7 448 32 24
7 448 24 32
7 448 48 8
7 88 32 384
7 88 128 288
7 88 384 32
7 88 288 128
7 176 256 72
7 176 72 256
7 152 64 288
7 152 288 64
7 304 8 192
7 304 128 72
7 304 192 8
7 304 72 128
7 200 16 288
7 200 256 48
7 200 48 256
7 200 288 16
7 400 32 72
7 400 72 32
7 208 8 288
7 208 288 8
7 416 16 72
7 416 64 24
7 416 24 64
7 416 72 16
56 1 6 448
56 1 448 6
56 4 3 448
56 4 448 3
56 64 384 7
56 64 7 384
56 256 192 7
56 256 7 192
56 3 4 448
56 3 448 4
56 6 1 448
56 6 448 1
56 192 256 7
56 192 7 256
56 384 64 7
56 384 7 64
56 7 64 384
56 7 256 192
56 7 192 256
56 7 384 64
56 448 1 6
56 448 4 3
56 448 3 4
56 448 6 1
448 1 6 56
448 1 24 38
448 1 36 26
448 1 56 6
448 1 38 24
448 1 26 36
448 2 9 52
448 2 36 25
448 2 25 36
448 2 52 9
448 4 3 56
448 4 48 11
448 4 9 50
448 4 56 3
448 4 11 48
448 4 50 9
448 8 3 52
448 8 48 7
448 8 36 19
448 8 7 48
448 8 19 36
448 8 52 3
448 16 9 38
448 16 36 11
448 16 11 36
448 16 38 9
448 32 6 25
448 32 24 7
448 32 9 22
448 32 7 24
448 32 22 9
448 32 25 6
448 3 4 56
448 3 8 52
448 3 24 36
448 3 36 24
448 3 56 4
448 3 52 8
448 6 1 56
448 6 32 25
448 6 48 9
448 6 9 48
448 6 56 1
448 6 25 32
448 24 1 38
448 24 32 7
448 24 3 36
448 24 36 3
448 24 7 32
448 24 38 1
448 48 4 11
448 48 8 7
448 48 6 9
448 48 9 6
448 48 7 8
448 48 11 4
448 9 2 52
448 9 4 50
448 9 16 38
448 9 32 22
448 9 6 48
448 9 48 6
448 9 18 36
448 9 36 18
448 9 22 32
448 9 38 16
448 9 50 4
448 9 52 2
448 18 9 36
448 18 36 9
448 36 1 26
448 36 2 25
448 36 8 19
448 36 16 11
448 36 3 24
448 36 24 3
448 36 9 18
448 36 18 9
448 36 11 16
448 36 19 8
448 36 25 2
448 36 26 1
448 7 8 48
448 7 32 24
448 7 24 32
448 7 48 8
448 56 1 6
448 56 4 3
448 56 3 4
448 56 6 1
448 11 4 48
448 11 16 36
448 11 48 4
448 11 36 16
448 22 32 9
448 22 9 32
448 19 8 36
448 19 36 8
448 38 1 24
448 38 16 9
448 38 24 1
448 38 9 16
448 25 2 36
448 25 32 6
448 25 6 32
448 25 36 2
448 50 4 9
448 50 9 4
448 26 1 36
448 26 36 1
448 52 2 9
448 52 8 3
448 52 3 8
448 52 9 2
73 2 384 52
73 2 36 400
73 2 144 292
73 2 292 144
73 2 400 36
73 2 52 384
73 4 384 50
73 4 18 416
73 4 288 146
73 4 146 288
73 4 50 384
73 4 416 18
73 16 6 416
73 16 384 38
73 16 38 384
73 16 416 6
73 32 6 400
73 32 384 22
73 32 22 384
73 32 400 6
73 128 6 304
73 128 18 292
73 128 288 22
73 128 292 18
73 128 22 288
73 128 304 6
73 256 6 176
73 256 36 146
73 256 144 38
73 256 146 36
73 256 176 6
73 256 38 144
73 6 16 416
73 6 32 400
73 6 128 304
73 6 256 176
73 6 48 384
73 6 384 48
73 6 144 288
73 6 288 144
73 6 176 256
73 6 304 128
73 6 400 32
73 6 416 16
73 48 6 384
73 48 384 6
73 384 2 52
73 384 4 50
73 384 16 38
73 384 32 22
73 384 6 48
73 384 48 6
73 384 18 36
73 384 36 18
73 384 22 32
73 384 38 16
73 384 50 4
73 384 52 2
73 18 4 416
73 18 128 292
73 18 384 36
73 18 36 384
73 18 292 128
73 18 416 4
73 36 2 400
73 36 256 146
73 36 384 18
73 36 18 384
73 36 146 256
73 36 400 2
73 144 2 292
73 144 256 38
73 144 6 288
73 144 288 6
73 144 292 2
73 144 38 256
73 288 4 146
73 288 128 22
73 288 6 144
73 288 144 6
73 288 146 4
73 288 22 128
73 146 4 288
73 146 256 36
73 146 36 256
73 146 288 4
73 292 2 144
73 292 128 18
73 292 18 128
73 292 144 2
73 22 32 384
73 22 128 288
73 22 384 32
73 22 288 128
73 176 256 6
73 176 6 256
73 38 16 384
73 38 256 144
73 38 384 16
73 38 144 256
73 304 128 6
73 304 6 128
73 50 4 384
73 50 384 4
73 400 2 36
73 400 32 6
73 400 6 32
73 400 36 2
73 52 2 384
73 52 384 2
73 416 4 18
73 416 16 6
73 416 6 16
73 416 18 4
146 1 72 292
146 1 292 72
146 4 288 73
146 4 73 288
146 64 9 292
146 64 292 9
146 256 36 73
146 256 73 36
146 9 64 292
146 9 292 64
146 36 256 73
146 36 73 256
146 72 1 292
146 72 292 1
146 288 4 73
146 288 73 4
146 73 4 288
146 73 256 36
146 73 36 256
146 73 288 4
146 292 1 72
146 292 64 9
146 292 9 64
146 292 72 1
292 1 192 26
292 1 18 200
292 1 72 146
292 1 146 72
292 1 200 18
292 1 26 192
292 2 192 25
292 2 9 208
292 2 144 73
292 2 73 144
292 2 25 192
292 2 208 9
292 8 3 208
292 8 192 19
292 8 19 192
292 8 208 3
292 16 3 200
292 16 192 11
292 16 11 192
292 16 200 3
292 64 3 152
292 64 9 146
292 64 144 11
292 64 146 9
292 64 11 144
292 64 152 3
292 128 3 88
292 128 18 73
292 128 72 19
292 128 73 18
292 128 88 3
292 128 19 72
292 3 8 208
292 3 16 200
292 3 64 152
292 3 128 88
292 3 24 192
292 3 192 24
292 3 72 144
292 3 144 72
292 3 88 128
292 3 152 64
292 3 200 16
292 3 208 8
292 24 3 192
292 24 192 3
292 192 1 26
292 192 2 25
292 192 8 19
292 192 16 11
292 192 3 24
292 192 24 3
292 192 9 18
292 192 18 9
292 192 11 16
292 192 19 8
292 192 25 2
292 192 26 1
292 9 2 208
292 9 64 146
292 9 192 18
292 9 18 192
292 9 146 64
292 9 208 2
292 18 1 200
292 18 128 73
292 18 192 9
292 18 9 192
292 18 73 128
292 18 200 1
292 72 1 146
292 72 128 19
292 72 3 144
292 72 144 3
292 72 146 1
292 72 19 128
292 144 2 73
292 144 64 11
292 144 3 72
292 144 72 3
292 144 73 2
292 144 11 64
292 73 2 144
292 73 128 18
292 73 18 128
292 73 144 2
292 146 1 72
292 146 64 9
292 146 9 64
292 146 72 1
292 11 16 192
292 11 64 144
292 11 192 16
292 11 144 64
292 88 128 3
292 88 3 128
292 19 8 192
292 19 128 72
292 19 192 8
292 19 72 128
292 152 64 3
292 152 3 64
292 25 2 192
292 25 192 2
292 200 1 18
292 200 16 3
292 200 3 16
292 200 18 1
292 26 1 192
292 26 192 1
292 208 2 9
292 208 8 3
292 208 3 8
292 208 9 2
11 4 48 448
11 4 192 304
11 4 288 208
11 4 448 48
11 4 304 192
11 4 208 288
11 16 192 292
11 16 36 448
11 16 448 36
11 16 292 192
11 64 384 52
11 64 36 400
11 64 144 292
11 64 292 144
11 64 400 36
11 64 52 384
11 256 192 52
11 256 36 208
11 256 52 192
11 256 208 36
11 48 4 448
11 48 448 4
11 192 4 304
11 192 16 292
11 192 256 52
11 192 292 16
11 192 304 4
11 192 52 256
11 384 64 52
11 384 52 64
11 36 16 448
11 36 64 400
11 36 256 208
11 36 448 16
11 36 400 64
11 36 208 256
11 144 64 292
11 144 292 64
11 288 4 208
11 288 208 4
11 448 4 48
11 448 16 36
11 448 48 4
11 448 36 16
11 292 16 192
11 292 64 144
11 292 192 16
11 292 144 64
11 304 4 192
11 304 192 4
11 400 64 36
11 400 36 64
11 52 64 384
11 52 256 192
11 52 192 256
11 52 384 64
11 208 4 288
11 208 256 36
11 208 36 256
11 208 288 4
22 1 72 416
22 1 288 200
22 1 200 288
22 1 416 72
22 32 384 73
22 32 9 448
22 32 448 9
22 32 73 384
22 64 9 416
22 64 416 9
22 128 288 73
22 128 73 288
22 192 9 288
22 192 288 9
22 384 32 73
22 384 73 32
22 9 32 448
22 9 64 416
22 9 192 288
22 9 288 192
22 9 448 32
22 9 416 64
22 72 1 416
22 72 416 1
22 288 1 200
22 288 128 73
22 288 192 9
22 288 9 192
22 288 73 128
22 288 200 1
22 448 32 9
22 448 9 32
22 73 32 384
22 73 128 288
22 73 384 32
22 73 288 128
22 200 1 288
22 200 288 1
22 416 1 72
22 416 64 9
22 416 9 64
22 416 72 1
88 1 6 416
88 1 384 38
88 1 38 384
88 1 416 6
88 4 3 416
88 4 416 3
88 32 384 7
88 32 7 384
88 128 3 292
88 128 288 7
88 128 7 288
88 128 292 3
88 3 4 416
88 3 128 292
88 3 384 36
88 3 36 384
88 3 292 128
88 3 416 4
88 6 1 416
88 6 416 1
88 384 1 38
88 384 32 7
88 384 3 36
88 384 36 3
88 384 7 32
88 384 38 1
88 36 3 384
88 36 384 3
88 288 128 7
88 288 7 128
88 7 32 384
88 7 128 288
88 7 384 32
88 7 288 128
88 292 128 3
88 292 3 128
88 38 1 384
88 38 384 1
88 416 1 6
88 416 4 3
88 416 3 4
88 416 6 1
176 256 6 73
176 256 72 7
176 256 7 72
176 256 73 6
176 6 256 73
176 6 73 256
176 72 256 7
176 72 7 256
176 7 256 72
176 7 72 256
176 73 256 6
176 73 6 256
19 4 72 416
19 4 288 200
19 4 200 288
19 4 416 72
19 8 192 292
19 8 36 448
19 8 448 36
19 8 292 192
19 128 72 292
19 128 292 72
19 256 36 200
19 256 200 36
19 192 8 292
19 192 292 8
19 384 36 72
19 384 72 36
19 36 8 448
19 36 256 200
19 36 384 72
19 36 72 384
19 36 448 8
19 36 200 256
19 72 4 416
19 72 128 292
19 72 384 36
19 72 36 384
19 72 292 128
19 72 416 4
19 288 4 200
19 288 200 4
19 448 8 36
19 448 36 8
19 292 8 192
19 292 128 72
19 292 192 8
19 292 72 128
19 200 4 288
19 200 256 36
19 200 36 256
19 200 288 4
19 416 4 72
19 416 72 4
38 1 24 448
38 1 384 88
38 1 72 400
38 1 448 24
38 1 88 384
38 1 400 72
38 16 384 73
38 16 9 448
38 16 448 9
38 16 73 384
38 64 384 25
38 64 9 400
38 64 25 384
38 64 400 9
38 256 192 25
38 256 9 208
38 256 144 73
38 256 73 144
38 256 25 192
38 256 208 9
38 24 1 448
38 24 448 1
38 192 256 25
38 192 25 256
38 384 1 88
38 384 16 73
38 384 64 25
38 384 73 16
38 384 88 1
38 384 25 64
38 9 16 448
38 9 64 400
38 9 256 208
38 9 448 16
38 9 400 64
38 9 208 256
38 72 1 400
38 72 400 1
38 144 256 73
38 144 73 256
38 448 1 24
38 448 16 9
38 448 24 1
38 448 9 16
38 73 16 384
38 73 256 144
38 73 384 16
38 73 144 256
38 88 1 384
38 88 384 1
38 25 64 384
38 25 256 192
38 25 192 256
38 25 384 64
38 400 1 72
38 400 64 9
38 400 9 64
38 400 72 1
38 208 256 9
38 208 9 256
152 64 3 292
152 64 288 7
152 64 7 288
152 64 292 3
152 3 64 292
152 3 292 64
152 288 64 7
152 288 7 64
152 7 64 288
152 7 288 64
152 292 64 3
152 292 3 64
304 1 6 200
304 1 200 6
304 4 3 200
304 4 192 11
304 4 11 192
304 4 200 3
304 8 192 7
304 8 7 192
304 128 6 73
304 128 72 7
304 128 7 72
304 128 73 6
304 3 4 200
304 3 200 4
304 6 1 200
304 6 128 73
304 6 192 9
304 6 9 192
304 6 73 128
304 6 200 1
304 192 4 11
304 192 8 7
304 192 6 9
304 192 9 6
304 192 7 8
304 192 11 4
304 9 6 192
304 9 192 6
304 72 128 7
304 72 7 128
304 7 8 192
304 7 128 72
304 7 192 8
304 7 72 128
304 73 128 6
304 73 6 128
304 11 4 192
304 11 192 4
304 200 1 6
304 200 4 3
304 200 3 4
304 200 6 1
25 2 192 292
25 2 36 448
25 2 448 36
25 2 292 192
25 32 6 448
25 32 448 6
25 64 6 416
25 64 384 38
25 64 38 384
25 64 416 6
25 256 192 38
25 256 38 192
25 6 32 448
25 6 64 416
25 6 192 288
25 6 288 192
25 6 448 32
25 6 416 64
25 192 2 292
25 192 256 38
25 192 6 288
25 192 288 6
25 192 292 2
25 192 38 256
25 384 64 38
25 384 38 64
25 36 2 448
25 36 448 2
25 288 6 192
25 288 192 6
25 448 2 36
25 448 32 6
25 448 6 32
25 448 36 2
25 292 2 192
25 292 192 2
25 38 64 384
25 38 256 192
25 38 192 256
25 38 384 64
25 416 64 6
25 416 6 64
50 4 384 73
50 4 9 448
50 4 448 9
50 4 73 384
50 384 4 73
50 384 73 4
50 9 4 448
50 9 448 4
50 448 4 9
50 448 9 4
50 73 4 384
50 73 384 4
200 1 6 304
200 1 18 292
200 1 288 22
200 1 292 18
200 1 22 288
200 1 304 6
200 4 3 304
200 4 288 19
200 4 19 288
200 4 304 3
200 16 3 292
200 16 288 7
200 16 7 288
200 16 292 3
200 256 3 52
200 256 48 7
200 256 36 19
200 256 7 48
200 256 19 36
200 256 52 3
200 3 4 304
200 3 16 292
200 3 256 52
200 3 292 16
200 3 304 4
200 3 52 256
200 6 1 304
200 6 304 1
200 48 256 7
200 48 7 256
200 18 1 292
200 18 292 1
200 36 256 19
200 36 19 256
200 288 1 22
200 288 4 19
200 288 16 7
200 288 7 16
200 288 22 1
200 288 19 4
200 7 16 288
200 7 256 48
200 7 48 256
200 7 288 16
200 292 1 18
200 292 16 3
200 292 3 16
200 292 18 1
200 22 1 288
200 22 288 1
200 19 4 288
200 19 256 36
200 19 36 256
200 19 288 4
200 304 1 6
200 304 4 3
200 304 3 4
200 304 6 1
200 52 256 3
200 52 3 256
400 1 72 38
400 1 38 72
400 2 36 73
400 2 73 36
400 32 6 73
400 32 72 7
400 32 7 72
400 32 73 6
400 64 9 38
400 64 36 11
400 64 11 36
400 64 38 9
400 3 36 72
400 3 72 36
400 6 32 73
400 6 73 32
400 9 64 38
400 9 38 64
400 36 2 73
400 36 64 11
400 36 3 72
400 36 72 3
400 36 73 2
400 36 11 64
400 72 1 38
400 72 32 7
400 72 3 36
400 72 36 3
400 72 7 32
400 72 38 1
400 7 32 72
400 7 72 32
400 73 2 36
400 73 32 6
400 73 6 32
400 73 36 2
400 11 64 36
400 11 36 64
400 38 1 72
400 38 64 9
400 38 9 64
400 38 72 1
26 1 192 292
26 1 36 448
26 1 448 36
26 1 292 192
26 192 1 292
26 192 292 1
26 36 1 448
26 36 448 1
26 448 1 36
26 448 36 1
26 292 1 192
26 292 192 1
52 2 384 73
52 2 9 448
52 2 448 9
52 2 73 384
52 8 3 448
52 8 448 3
52 64 384 11
52 64 11 384
52 256 3 200
52 256 192 11
52 256 11 192
52 256 200 3
52 3 8 448
52 3 256 200
52 3 384 72
52 3 72 384
52 3 448 8
52 3 200 256
52 192 256 11
52 192 11 256
52 384 2 73
52 384 64 11
52 384 3 72
52 384 72 3
52 384 73 2
52 384 11 64
52 9 2 448
52 9 448 2
52 72 3 384
52 72 384 3
52 448 2 9
52 448 8 3
52 448 3 8
52 448 9 2
52 73 2 384
52 73 384 2
52 11 64 384
52 11 256 192
52 11 192 256
52 11 384 64
52 200 256 3
52 200 3 256
208 2 9 292
208 2 292 9
208 4 288 11
208 4 11 288
208 8 3 292
208 8 288 7
208 8 7 288
208 8 292 3
208 256 9 38
208 256 36 11
208 256 11 36
208 256 38 9
208 3 8 292
208 3 292 8
208 6 9 288
208 6 288 9
208 9 2 292
208 9 256 38
208 9 6 288
208 9 288 6
208 9 292 2
208 9 38 256
208 36 256 11
208 36 11 256
208 288 4 11
208 288 8 7
208 288 6 9
208 288 9 6
208 288 7 8
208 288 11 4
208 7 8 288
208 7 288 8
208 292 2 9
208 292 8 3
208 292 3 8
208 292 9 2
208 11 4 288
208 11 256 36
208 11 36 256
208 11 288 4
208 38 256 9
208 38 9 256
416 1 6 88
416 1 72 22
416 1 22 72
416 1 88 6
416 4 3 88
416 4 18 73
416 4 72 19
416 4 73 18
416 4 88 3
416 4 19 72
416 16 6 73
416 16 72 7
416 16 7 72
416 16 73 6
416 64 6 25
416 64 24 7
416 64 9 22
416 64 7 24
416 64 22 9
416 64 25 6
416 3 4 88
416 3 88 4
416 6 1 88
416 6 16 73
416 6 64 25
416 6 73 16
416 6 88 1
416 6 25 64
416 24 64 7
416 24 7 64
416 9 64 22
416 9 22 64
416 18 4 73
416 18 73 4
416 72 1 22
416 72 4 19
416 72 16 7
416 72 7 16
416 72 22 1
416 72 19 4
416 7 16 72
416 7 64 24
416 7 24 64
416 7 72 16
416 73 4 18
416 73 16 6
416 73 6 16
416 73 18 4
416 22 1 72
416 22 64 9
416 22 9 64
416 22 72 1
416 88 1 6
416 88 4 3
416 88 3 4
416 88 6 1
416 19 4 72
416 19 72 4
416 25 64 6
416 25 6 64
2496
