100
16244502
43431805
57119095
98955806
43956214
91737878
85636080
41003221
2605941
64902933
57373210
15264889
633554
84771748
82144614
79003900
23586351
9277919
70717155
76050467
10324146
43647881
69691362
41304366
78760239
58493630
45024778
53052007
67426276
73785631
53713077
3235605
16416872
92977596
11109695
27317307
63481113
13376705
16288033
92423981
33150346
75591461
47726694
60765044
93169523
89859203
89260695
715153
57401560
45011325
14365011
5215304
10339204
35134525
4532741
67976713
96307297
25214608
70447969
6918762
54438059
91334376
54834542
60147185
43685846
45646140
40233161
53637349
59708871
94974390
34008500
86756382
62023825
85627204
64529558
83870999
51914550
44795592
50151216
57813846
49923586
53387087
56699536
55025939
92134403
44907488
68498288
88375247
15545024
72830753
41354815
84067943
52121474
90209754
13320799
19267662
64013426
45053209
21020711
5168489
