75
-3 -4 -2 -4
-3 -4 -4 -3
-2 -4 -1 -4
-1 -4 0 -4
0 -4 1 -4
1 -4 2 -4
2 -4 3 -4
3 -4 4 -4
4 -4 5 -4
-4 -3 -3 -2
-3 -2 -4 -1
-3 -2 -3 -1
-4 -1 -3 -1
-4 -1 -3 0
-3 -1 -3 0
-3 0 -3 1
-3 1 -3 2
-3 2 -3 3
-3 3 -2 4
-3 3 -3 4
-2 4 -3 4
-2 4 -3 5
-3 4 -3 5
-3 5 -3 6
-3 6 -3 7
-3 7 -3 8
-3 8 -3 9
-3 9 -3 10
-3 10 -4 11
-4 11 -3 12
-3 12 -3 13
-3 13 -2 13
-2 13 -1 13
-1 13 0 12
-1 13 0 13
0 12 0 13
0 13 1 13
1 13 2 12
2 12 3 12
3 12 4 12
4 12 5 12
5 12 6 12
6 12 7 12
7 12 8 12
7 12 7 11
8 12 7 11
7 11 8 10
7 11 7 10
8 10 7 10
8 10 7 9
7 10 7 9
7 9 7 8
7 8 7 7
7 7 7 6
7 7 8 6
7 6 8 6
7 6 7 5
8 6 7 5
7 5 8 4
8 4 8 3
8 3 9 2
9 2 9 1
9 1 10 0
10 0 10 -1
10 -1 10 -2
10 -1 11 -2
10 -2 11 -2
10 -2 10 -3
11 -2 10 -3
10 -3 10 -4
10 -4 9 -4
9 -4 8 -4
8 -4 7 -4
7 -4 6 -4
6 -4 5 -4
5 14 6 14
