86
1 -1 2 -1
2 -1 3 -1
3 -1 4 -1
4 -1 5 -1
5 -1 6 -1
6 -1 7 -1
1 1 2 1
2 1 3 1
3 1 4 1
4 1 5 1
5 1 6 1
6 1 7 1
7 1 8 1
0 3 0 4
1 5 1 6
1 5 2 4
2 7 2 8
3 9 3 10
4 11 4 12
-1 2 -2 1
-1 2 -2 3
-2 5 -2 6
-2 6 -2 7
-2 7 -2 8
-1 9 -1 10
-2 10 -1 10
-1 10 -1 11
-1 11 0 11
-1 11 -1 12
0 13 0 14
-1 -1 -1 -2
-2 -2 -1 -2
0 -3 0 -4
1 -5 2 -5
1 -5 2 -6
2 -5 2 -6
2 -5 3 -6
2 -6 3 -6
3 -6 4 -6
4 -7 4 -6
4 -7 5 -7
5 -7 6 -7
6 -7 7 -7
7 -7 8 -7
2 4 3 4
3 5 4 5
3 5 4 6
3 5 3 4
3 5 4 4
4 5 4 6
4 5 5 6
4 5 4 4
4 5 5 4
4 6 5 6
6 7 7 7
6 7 7 8
7 7 7 8
7 7 8 8
7 8 8 8
8 8 8 9
8 9 9 9
8 9 9 10
9 9 9 10
7 -1 8 -1
8 -1 9 -1
9 -1 10 -1
10 -1 11 -1
11 -1 12 -1
12 -1 13 0
3 4 4 4
4 4 5 4
5 4 6 4
6 4 7 4
7 4 8 4
8 4 9 4
9 4 10 4
10 4 11 4
11 4 12 4
12 4 13 4
8 1 9 1
9 1 10 1
10 1 11 1
11 1 12 1
12 1 13 1
12 1 13 0
13 1 13 0
9 15 21 -9
