212
2 0 2 -1
2 0 1 1
1 -2 0 -2
2 -1 3 -2
0 -2 -1 -2
0 -2 -1 -1
-1 -2 -1 -1
-1 -2 -2 -1
-1 -1 -2 -1
-2 1 -2 2
-2 2 -3 3
-1 3 0 4
0 4 0 5
3 3 3 2
3 3 3 4
4 1 4 0
4 1 5 2
3 -2 3 -3
3 -2 2 -3
4 -1 4 0
3 -3 2 -3
4 5 4 6
4 5 5 6
4 5 5 4
3 6 2 6
3 6 4 6
2 6 1 6
1 6 0 5
-1 6 -1 7
-1 6 -2 5
-1 7 -1 8
0 9 1 8
-2 4 -2 5
-2 4 -3 3
-2 -1 -3 -1
-4 0 -4 1
-4 1 -4 2
-4 2 -4 3
-3 3 -4 3
-4 3 -4 4
-4 4 -4 5
-4 5 -4 6
-3 7 -3 8
-4 8 -3 8
-4 8 -4 9
-3 8 -4 9
-2 10 -2 11
-2 11 -1 11
-2 11 -2 12
-2 11 -1 12
-1 11 -1 12
-2 12 -1 12
-2 12 -3 13
-1 12 -1 13
-1 13 0 13
-1 13 0 14
-1 13 -1 14
0 13 0 14
0 13 1 12
0 14 -1 14
0 14 0 15
0 15 1 16
0 15 1 15
1 8 2 8
2 8 3 8
2 8 2 9
3 8 4 8
3 8 2 9
4 8 5 8
5 8 6 8
6 8 7 8
7 8 8 8
10 8 11 8
4 6 5 6
5 6 6 6
6 6 7 6
7 6 8 6
10 6 11 6
10 6 9 5
11 6 12 6
11 6 11 5
11 8 12 8
12 8 13 8
13 8 14 8
14 8 15 8
15 8 16 8
16 8 17 8
13 6 14 6
13 6 12 6
14 6 15 6
15 6 16 6
12 6 11 5
18 7 18 6
18 7 19 7
18 7 19 8
19 5 19 4
18 4 18 3
18 4 19 4
18 3 19 4
17 2 17 1
17 2 16 3
2 9 2 10
2 9 3 10
2 10 3 10
2 10 1 11
2 16 1 16
2 16 1 15
5 16 6 16
1 16 1 15
1 15 2 14
7 15 7 14
7 14 6 13
6 13 6 12
7 11 8 12
3 14 2 14
3 14 2 13
2 14 2 13
1 12 1 11
9 5 9 4
10 3 10 2
10 3 11 4
11 4 11 5
12 3 12 2
12 3 13 4
12 2 11 1
11 1 11 0
11 1 12 0
11 0 12 0
12 0 13 0
14 1 14 2
14 2 14 3
14 3 15 4
15 4 16 4
16 3 16 4
16 0 16 -1
-4 9 -4 10
-4 10 -4 11
-4 11 -4 12
-3 13 -3 14
-3 14 -3 15
-3 15 -3 16
-3 15 -2 16
-3 16 -2 16
-2 16 -2 17
-2 17 -1 17
-2 17 -1 18
-1 17 -1 18
-1 17 0 18
-1 18 0 18
19 10 19 11
18 12 18 13
17 14 17 15
16 16 15 16
16 16 16 17
16 16 15 17
15 16 15 17
16 17 15 17
20 1 20 2
20 2 20 3
19 7 19 8
10 14 11 14
10 14 10 15
10 14 9 13
11 15 12 15
11 15 11 14
11 15 10 15
11 14 11 13
11 14 10 15
10 17 11 17
10 17 11 18
10 17 10 18
11 17 12 17
11 17 11 18
11 18 11 19
11 18 10 18
10 18 9 19
8 18 8 19
9 19 8 19
8 12 9 12
9 12 9 13
3 18 4 18
3 18 2 19
4 18 5 18
4 18 4 19
5 18 5 19
5 18 4 19
5 19 4 19
4 20 4 19
4 20 3 21
2 20 2 21
2 20 1 21
2 20 1 20
2 20 2 19
3 21 2 21
2 21 1 21
1 21 1 20
5 3 5 4
5 3 6 4
5 3 6 2
5 3 5 2
5 4 6 4
6 2 5 2
13 11 14 11
13 11 13 12
14 11 15 11
14 11 15 12
15 11 16 11
15 11 15 12
14 13 15 13
14 13 15 12
14 13 14 14
15 13 15 12
17 0 18 0
