111
1 1 2 1
1 1 1 0
1 1 2 2
2 1 3 1
2 1 2 2
3 1 4 1
4 1 5 1
5 1 6 1
6 1 7 1
7 1 8 1
8 1 9 1
9 1 10 1
10 1 11 1
11 1 12 1
12 1 13 1
12 1 13 2
13 1 13 2
13 2 12 3
12 3 12 4
12 4 11 5
11 5 11 6
11 6 10 7
10 7 10 8
10 8 9 9
9 9 9 10
9 10 8 11
8 11 8 12
8 12 7 13
7 13 7 14
7 13 6 13
7 14 6 15
7 14 6 13
7 14 6 14
6 15 6 16
6 15 6 14
1 0 0 -1
-1 -3 -1 -2
-1 -2 -2 -1
-2 -1 -2 0
-2 0 -3 1
-3 1 -2 2
-2 2 -2 3
-2 3 -1 3
-2 3 -2 4
-1 3 0 3
2 2 2 3
2 3 2 4
2 4 1 5
2 4 2 5
1 5 0 5
1 5 1 6
1 5 2 5
0 5 -1 5
0 5 1 6
-2 4 -3 5
-3 5 -2 6
-2 6 -2 7
-2 7 -1 7
-1 7 0 8
0 8 1 8
0 8 -1 9
0 8 0 9
1 8 2 8
1 8 0 9
2 8 2 7
2 5 3 5
3 5 4 6
4 6 5 6
4 6 4 7
5 6 4 7
4 7 4 8
4 8 3 9
3 9 3 10
3 9 4 10
3 10 2 10
3 10 2 11
3 10 4 10
2 10 2 11
-1 9 0 10
-1 9 0 9
0 10 -1 11
0 10 0 11
0 10 0 9
-1 11 0 12
-1 11 0 11
0 12 1 12
0 12 0 11
1 12 1 13
1 12 0 11
1 13 2 13
2 13 3 13
3 13 4 12
3 13 4 14
4 10 5 10
5 10 5 11
5 11 6 12
6 12 6 13
6 12 5 13
6 13 6 14
6 13 5 13
6 14 5 13
4 14 4 15
4 15 4 16
4 16 3 17
3 17 3 18
3 18 3 19
3 19 4 20
7 9 8 8
8 8 8 7
8 7 9 6
9 6 9 5
5 18 12 18
