100
2525 1
2400 5
300 2
120 60
60 90
236030912 39
23187815 5973
131315465 9869
167716500 2486
232221107 9872
115908552 6000
75335466 8257
71957799 2072
122049486 7011
211081452 1061
161518678 3272
66876058 2011
108583588 8848
187647662 2322
216103756 9197
203014311 5080
229606392 9423
88772531 6493
85899084 3682
130788010 7579
58015174 2396
89028451 8592
148861715 6376
9476070 6706
41269338 4882
179107050 1803
122488354 3187
82804413 7296
109606181 4090
231659326 8797
157191611 5490
6621284 7746
62196915 9706
109230008 6996
28084099 8739
82159344 9425
67599369 8367
184071477 2122
66034108 6309
43941360 8091
988521538 15
408131700 2196
246516388 7280
558202981 1690
187937642 7567
803183203 609
624129846 2315
947199880 2452
261478423 163
675437014 4165
491737017 3281
955113099 4689
425693167 9309
753753230 5638
468843852 3201
857867639 1835
1000000000 100
53 49
23 79
99 3
1 101
22 80
6 96
31 71
73 29
57 45
45 57
33 69
40 62
49 53
62 40
78 24
65 37
17 85
85 17
61 41
95 7
80 22
28 74
86 16
66 36
58 44
88 14
7 95
92 10
96 6
20 82
74 28
34 68
25 77
3 99
60 42
83 19
75 27
69 33
37 65
84 18
8 94
91 11
32 70
43 59
42 60
46 56
51 51
19 83
26 76
56 46
10 92
11 91
97 5
63 39
94 8
18 84
87 15
81 21
16 86
4 98
50 52
21 81
59 43
71 31
36 66
77 25
2 100
44 58
89 13
24 78
72 30
98 4
68 34
76 26
67 35
47 55
13 89
5 97
9 93
38 64
12 90
90 12
55 47
52 50
93 9
39 63
100 2
64 38
70 32
30 72
29 73
27 75
79 23
82 20
15 87
54 48
14 88
41 61
48 54
35 67
1000000000 1
999999999 1
200000 100
9826 8
5769 7
7612 8
6936 3
2745 5
6625 3
5000 9
5601 6
4930 6
478 8
1832 2
6791 8
4526 9
2293 2
4213 8
2608 3
5473 7
3366 2
9956 1
3584 7
9590 7
6315 5
7805 4
2409 10
6416 6
7847 7
3347 7
4655 2
7959 8
61 2
6038 6
1077 9
9955 7
9840 2
9811 7
1613 8
5055 2
857 7
913 5
1951 10
6354 7
6048 10
4862 6
6526 3
8809 3
7796 10
9216 3
2804 6
5677 8
1011 4
5787 5
8529 9
6262 3
6833 3
9587 8
9397 4
751 3
1324 7
7751 4
6321 6
7555 5
684 9
6863 6
1827 2
3298 2
3012 3
8606 10
5783 2
7918 10
5553 8
7263 4
6841 9
5084 3
5001 4
2746 4
4595 5
3128 8
13 10
7414 6
2974 4
3464 10
724 7
3953 7
3356 5
883 3
4473 7
8778 3
9833 5
38 9
9701 2
6470 4
6484 4
5733 2
4490 10
3545 2
490 6
3434 8
460 10
816 6
823 7
431420132 33
289783205 1838
419576217 2202
290851853 865
137642090 5391
195551648 671
8736038 2048
312874002 5344
128093106 9520
133276097 2149
47816333 4362
378184898 4048
288856907 205
301947633 1798
258048573 1153
55689109 9785
11262635 9513
45354729 7252
91466221 5089
226134577 3540
363564458 7290
339975477 2070
240241743 3533
315628221 2366
84443030 9646
198217372 7901
388328173 3501
268907626 7722
369767340 7680
368178881 285
168741067 2262
87918979 7246
156950309 7066
357352107 8834
397392466 1
124333464 4311
465354795 1
428330952 1954
216869593 54
3504651 325
83154821 6233
80210838 8681
105764012 3154
119014695 1927
118829212 7810
30038215 8582
123407028 7534
92137024 9405
166238484 6939
52223667 5225
99526866 2248
92090596 2450
146417653 1661
65813777 5661
200195926 3931
180844907 9430
154845334 3400
39639861 5422
35182083 5735
78050891 507
32080213 5974
170253537 348
1871691 1289
111599619 8206
165450845 1000
57761295 7655
151472667 4231
52141470 4081
129704441 4700
205901030 2598
138491454 7701
160406987 3398
42164207 9293
186086503 8019
95617347 7507
1951332 5736
63259673 5472
182555145 3020
208925424 6038
25420968 4006
11532777 4116
170536823 4431
95055815 8191
80078333 5235
86984235 1960
169007042 1554
178956297 6216
167521100 5911
23970256 6084
114676840 153
142590985 5552
210539609 9482
144253108 2853
58270398 100
39457480 476
15177186 6581
7560210 702
12208363 7151
25138098 3546
12703277 8761
41262658 2290
8908514 9654
55168243 2157
33751448 6700
4322901 1850
52344551 9875
27169574 50
25070378 4729
50107402 3878
34287045 3152
57156195 5291
14503280 683
43794248 421
17925549 1716
52587305 2196
18355943 3041
28982367 426
42011477 5287
6591614 7688
23686577 2345
28592225 3976
30774311 4322
23882993 8998
36853048 1262
55005839 4108
24516479 9427
37805504 3033
53444070 3062
40981956 8230
3810677 5154
48866859 3933
29336939 1980
37515684 8349
10567795 8025
18795933 6529
18801983 6886
23937702 1223
13319559 2585
6755469 2787
9832456 4375
4277423 2279
38307328 2237
32966161 1083
49114327 99
58123078 9429
30781604 3892
28342243 1403
25035336 2327
11324286 8625
56697395 2890
41284902 611
51396141 3221
53954851 1443
50585599 6570
31894096 4390
20542244 1627
51690025 1631
13975198 1972
17290311 1904
4761124 8386
33230041 1007
40836674 4105
27996909 1097
20835878 3744
42126499 3952
46983743 2605
46561240 4772
40374993 2820
29570186 5934
40014740 7047
39597719 3429
27186934 7132
39051505 8426
32128210 7898
42709793 604
33730620 7493
24455502 6778
30096115 5498
56561966 7753
13868115 1357
15253959 5463
34624385 8070
45160852 7348
34564183 6387
10191421 9150
39348752 1067
34177438 9217
12165558 3229
13837139 2587
50309675 2283
55104983 5932
35333140 1637
19085002 575
4148805 2729
901697860 1
891990957 100
970222967 21
120777259 8824
350011124 8376
865989658 394
485374271 6354
704377298 4793
651052733 6569
768172828 2958
900092310 2093
696253881 1654
214565895 6265
942401646 2765
714528223 7295
726934533 9243
796189994 6839
163581607 2298
223657966 6125
582258166 1623
807438336 7991
571247867 2580
545113885 7510
897397891 9695
893582312 23
258381876 6545
236885688 6421
139483968 7121
593380909 580
125913232 9850
452602984 3749
168162336 1260
698670935 4520
758461018 4558
186824922 4144
440973140 7687
526453107 2633
774086137 9256
302154062 3971
345641042 9420
239244880 1
797467923 6487
524172532 9671
280087848 1971
249238700 4100
752690158 8902
782831426 4707
703452256 5015
86067066 46
43718064 9527
51425457 2745
57593611 7748
51409137 5563
27902198 2399
73552061 6049
56884487 7658
60076139 1046
50383794 5119
19713973 8674
24556181 1858
50609051 1722
16216680 8716
51126151 6134
20071223 7311
73931576 5115
11692503 8119
56449226 6275
83662511 5395
63613430 9679
76743546 1641
9111545 1708
59100625 4128
85385016 3303
28295922 5659
56401461 1280
77658671 3251
41317365 9878
21469925 6249
4495777 7438
45886216 2287
60255877 7426
38659015 1788
48021431 1137
29604859 1088
58633207 9570
42321614 8601
33370388 2525
13135801 7013
3646540 5037
21015945 2946
49774733 3146
42037963 9916
79692414 6445
42117151 3876
70260689 8267
237345798 7
93538389 4801
29358419 1544
187533558 4188
217754117 8349
231828499 2459
174524803 4135
2677441 275
861716630 1000
387606742 7028
463331537 5900
396521494 2545
568521741 964
87561840 5191
795288662 1785
281320609 2996
193800378 9485
558452403 7624
291170541 7936
832883490 7607
325174498 5136
433829294 2475
585126030 5647
337939503 4075
818323153 3935
67711735 997
609833318 7278
76881148 1133
51558246 1253
155932143 6153
317956204 7595
161029024 7307
834193215 4433
478383039 3857
508994705 7903
374591334 6784
516601830 8089
758021035 4627
619424523 7478
532504966 9126
838374829 8910
82859992 6768
26131524 6639
768706644 196
103032821 3675
347301282 9486
555219328 9301
172498428 1009
722906665 8469
125685376 9824
519413927 4914
519097494 715
279259804 3091
232760340 809
816783387 3911
395717472 5869
426922145 2188
327733022 1580
175845016 7871
697910969 3922
277258838 1436
28196843 501
490100379 4315
790352762 5350
820443444 435
273943373 105
699691189 5515
732704344 8877
716026749 7949
626640262 2655
734284373 6882
601245514 8217
671467677 6598
526837896 3792
575667057 4863
147805423 1095
83851499 3308
494425346 168
798906801 3853
485443093 8164
200801913 9519
358942627 975
510028185 8743
377510305 971
752906944 2946
812193797 5354
122851789 8715
82817634 5570
196762326 1200
159110862 7651
615633806 7386
106916836 8485
761149812 3946
801603316 2830
403111291 4184
341694419 5554
820668504 71
281561327 7991
490652636 1718
665154425 2210
646269302 7063
218866270 3647
554975068 8226
812497363 1462
672665141 7358
237463656 7820
483653446 9155
713264930 6159
318957007 2950
266908223 3428
568167223 4546
762513889 3326
507729494 2310
82402526 1331
81832851 1004
797986696 8988
390272020 2904
769579661 5033
290713376 3495
480546828 3213
518562228 4322
341083236 1409
776447829 567
596930337 8013
676322643 1631
688207208 70
93522331 706
815015417 7047
546197374 84
445307336 8061
29995459 5534
451018497 4341
266890248 4578
729769787 7156
58679682 5242
132439556 2755
562394656 8389
710870248 9050
14311925 5404
28524014 9360
16515453 9817
365191439 4049
859333593 9053
426756142 486
167491702 5695
335075307 3358
16595337 2454
22164412 8286
59638123 755
240587109 1314
646137867 3080
295784722 7248
721879885 4750
704984609 6069
181566037 3150
298425838 429
6522100 6340
686282620 8464
713112304 2251
245303506 2182
290383551 1618
728470741 4465
721160701 7785
334911783 7084
817733490 8350
132145360 9269
541065067 6202
585001112 3314
261850302 6379
225353908 4808
68878911 4598
397184031 5977
638839612 6139
380129889 5792
227291088 4362
473248315 8981
289956868 6781
420341217 1524
851597916 3706
624123944 3754
240867134 8728
578187387 9198
568678013 1986
618928936 4630
539092265 5667
285524825 3367
470293730 1821
71443088 1388
158793489 7590
852344624 6894
357836156 6450
294699584 6791
535219540 4902
781480345 3012
353051524 5488
794522964 1810
771796633 9488
802550699 5283
318026055 827
410810780 296
286671882 6807
670193935 7830
439984530 5090
600745280 7728
575886951 699
431051457 7212
444792894 1947
623312213 380
532547349 1197
30466298 374
222350002 4340
382271121 6018
816165685 5088
706634696 146
49638871 4447
301097956 6079
154660578 5268
380783525 3002
727394839 6667
484807757 7056
398662796 9382
197738624 5432
686203180 1960
704186346 2041
384212559 5241
260566439 8836
346271206 1923
216716662 5969
105957059 2853
357418894 3954
600423125 5504
607978907 9050
497464556 2889
316224137 5065
172139455 5619
837241282 2088
554119968 476
328619912 737
721738120 6751
682009808 6686
745625113 4273
798002103 6105
205792760 4389
392023486 59
43420341 4339
754845971 1546
186184859 3688
215117548 5144
274576628 2015
21703371 3560
561131986 5250
68798343 2501
485308741 2536
344486122 771
510766938 6437
377058060 6103
29329107 1733
547512413 7322
68444834 7446
187307783 467
576523861 3534
808128691 1820
577950479 2644
627836833 821
369001867 3358
487942560 9041
553992208 1533
763795139 8840
76105275 4247
159140161 1585
361835400 24
310063526 1824
162499399 2081
772288800 9314
274845828 9130
494520856 2336
231797357 6827
615625953 892
369155740 8109
24589957 7579
537958375 1314
242797449 5540
778764807 6835
856589052 7893
141361080 2378
748640540 9610
459309405 6507
414340757 165
454854549 101
285829493 3031
430468070 8107
569479139 873
742753750 2066
89594907 6903
74383229 3649
10296224 5033
785085711 9702
30060762 8065
76413469 6894
569726660 1979
304871407 472
633095652 6862
198770775 9432
399943877 958
437856525 8137
499081087 9528
847172478 1487
846377443 1581
611233242 4579
634877320 9776
238939234 5406
200438534 404
597349832 6169
731653531 2768
599496144 7252
583343993 5377
297165628 734
416141204 8592
166725277 9080
469414717 2405
482744278 7633
601675466 1559
3324993 3255
680493919 3477
38145040 6391
722807651 8385
720465035 8126
425592485 4570
649828709 3798
3458577 7348
52799488 4857
853546631 6828
35367243 5042
75717237 6905
215561927 3364
795103842 2350
96439118 5573
346581161 5766
551946522 500
244289711 8773
816007862 7142
823242913 9405
637221788 296
13942411 8987
209462289 572
584159786 7338
46567855 8871
755252391 9897
443222626 4299
682979861 5646
723785325 7817
145859850 2325
486535524 7745
154689938 7612
234216063 9811
19722582 7429
445462503 4358
560952808 675
670162111 7528
15422277 8681
275876363 5627
438374003 3787
765952453 431
561833011 2743
517523978 9666
489399842 5330
659708575 3948
658774699 6983
154525456 6584
705604619 4123
815183436 7826
644628642 4550
769566011 4141
631050612 7777
529479682 3914
121669085 3944
266589692 8458
337076838 2776
747439787 644
738790220 465
561192823 8107
724631840 7990
144869463 4696
307357394 9780
773033191 4804
616567111 5644
724906822 2631
813174971 1319
691179424 5246
589585950 9983
234240844 5336
377361244 2968
310994920 5938
73232838 6675
347573231 8152
28669093 8746
535953010 301
372796853 3782
387662472 5062
753592613 9870
176690028 8930
209629396 982
593063662 4519
597076184 2703
251517774 2067
222953783 2589
5278695 151
294032691 5183
231796052 4819
80163834 1902
632534354 7797
456326016 9450
741719472 4380
648870119 1712
71311664 7350
705717263 7538
373622162 8122
366114210 4293
371622540 4330
72143253 4761
58014159 8400
169170547 9354
512303212 524
202578750 1115
207375698 8493
51420633 2208
419961415 6934
117853780 3844
659325423 5337
192068032 569
573842884 1932
342690788 9878
355964231 4599
5983726 714
592522197 4134
204454409 4762
601968040 2971
307997956 1876
181253710 1578
268511796 2735
578772154 9205
389875810 1901
63920739 7450
509383150 5936
232640777 2211
388123033 3329
851893552 2046
519830135 7419
812422541 6457
700319227 3950
73612983 9934
402406928 6691
711646193 8294
363333572 6509
745882130 3607
678087067 9626
37313031 7341
787045110 3633
325333417 4947
290094664 6802
394141349 2178
811201863 6953
532331693 622
295230145 7192
154068704 521
464660245 501
326122849 5606
22518031 224
799796363 4807
361936033 2492
325054753 6491
838156340 5558
270554925 4384
265152293 6202
148762077 8272
501635459 3286
741883062 9753
777156283 8625
630375446 1735
175832569 6460
400359655 1889
279748384 1872
279111763 6875
354817292 5960
401898542 3524
542613493 5913
355703719 7728
798881469 1052
372579122 8832
499562907 5678
312824283 2066
719455441 6353
104798984 7476
443208926 2756
351247879 5939
774724469 8715
17430124 5340
282497242 6864
68104651 9537
392751181 1801
90059203 9238
604118055 2592
852556300 2553
517967853 4653
622794979 5400
801798529 2366
528231083 6227
359429492 2754
131553087 4454
226750769 8702
834603982 5193
128130584 2852
729401278 4653
769430537 3798
664678667 7447
459473763 8307
200990696 7431
612942388 2993
177538451 5571
384676622 1136
517234601 9393
606745805 7562
319964059 3380
480046219 4742
626208160 6168
268313360 5208
791711553 5340
208884686 1711
608709445 9448
111300570 2570
684072083 4644
624242187 5094
564639684 2006
58420309 1341
353028715 3622
225396805 6352
746171885 6479
739527912 4817
206003746 9502
645120363 9569
35935423 8121
566874343 8170
627294561 1495
114632838 4558
57974019 2436
446918973 8583
655020081 8129
112740105 2515
351554932 7812
141845703 7889
208917869 3015
413227889 7268
99901841 3666
141544744 343
60255707 4955
267482275 7514
179630686 454
46142708 275
704127644 874
255867671 3326
677079900 3664
694304748 6649
200621150 1256
41440449 4304
667271825 7601
224237484 8375
372638363 7857
554555990 7683
686036261 2015
183444750 7254
512403010 6789
824760562 166
512973748 4629
174435404 5286
534828908 3824
41302868 2837
38829357 2768
766114656 7570
566889399 1467
853687659 9514
502706277 5060
712551251 7524
318113713 5441
99187223 7652
233003944 2836
47916756 7125
671308180 8387
286290675 5345
104515078 2099
452949757 9784
410022977 5182
263915869 1105
416521560 8733
544264064 8225
821400663 1286
465975624 2247
71071644 3208
242763089 5065
132945564 2997
31220906 7104
184889455 8795
532454812 8075
860460879 4409
14714426 3378
737008392 4211
538420383 6023
788956859 2639
256209459 1924
529304318 8127
354525109 3118
582194248 4981
35515723 9758
744197330 3271
294427648 8430
506407608 7774
562470370 4148
513399985 2336
214400412 8287
552804148 2247
770329760 2711
854010649 2450
415575978 6823
672546503 275
664897200 2337
165489750 5766
497422450 540
24832403 971
839105338 1189
369418092 3028
436837469 1720
162757393 6410
49385837 9520
651538085 5607
522934683 4294
696417165 1059
356511816 5096
836597564 128
604357141 9123
278778916 4729
415038643 6319
465028353 3241
611152672 4953
626805498 9217
170659377 4916
345862103 9611
260118769 5073
540911320 4460
702424099 4357
419381421 1324
408289631 7197
437902351 45
196477342 3369
66536156 7629
730275249 4712
170739758 4709
549351148 6986
820135009 5248
559465387 8413
158719021 4347
860183013 2095
150543173 306
604508184 2594
471815448 2411
64906999 3897
698974627 4330
663402160 2559
531517881 8548
147640776 1781
429656059 563
47716137 4229
753970950 7551
705801130 7891
848356970 3722
148636933 7052
151609686 636
856493142 8240
515596733 3473
522254451 2408
856545507 2248
342350658 3097
537257663 4403
803330001 9267
439567235 4185
388683404 2686
344757928 7330
286849318 6968
41893717 715
795400647 1770
569218918 2603
792587385 5776
289746786 6318
372792508 188
208589148 8579
358708014 1370
263586459 6902
128850190 9634
464756183 5396
664118888 6082
701926571 7975
261862442 7333
520167010 5718
326850762 4603
213466779 1621
53402708 6632
456125151 4825
757449605 5554
570261200 8074
464517005 8855
540878427 1136
101266027 2469
747035177 9218
803303611 1805
323896722 7028
609648765 7714
830536248 7043
772711165 3443
117922310 1588
578652781 1897
260519615 3933
168604162 3644
316509438 6512
743755015 4265
790593685 366
45638005 4286
395530678 3162
330051348 1728
106438259 8547
9276538 6296
674885520 1505
575939906 6636
593306277 4872
185460158 2757
441225008 3060
283531514 3715
368965074 268
415465063 6785
217599556 4503
552429124 1490
409197140 8595
424945381 7230
476179911 6644
82178731 1439
31317914 6125
832444735 7910
651054055 5499
838330399 3421
759948507 1465
794773609 3239
218044956 6880
413014471 4566
786905442 7746
63942974 5098
552207206 3021
235487334 4378
822593550 1998
431239577 872
308556116 6290
178037981 566
501812530 9550
686122955 1487
527214801 3391
690804790 6985
310541525 2547
70142109 7143
258710929 9505
596801892 2092
524983121 1659
780974456 6173
724703453 6920
718583737 6653
485673208 6465
776333960 450
23260915 8414
301582180 4994
762289367 4432
754645272 3642
275712282 4336
562293926 1146
555042550 5799
589618243 5522
329134989 9215
478605069 9766
158498164 6801
655079847 656
724034152 8126
720389099 59
795287859 3177
116143439 2118
605472474 8103
125814875 7374
147570868 222
172283254 2060
56113604 5137
332530759 5203
239917920 6123
857833915 6771
64516204 8161
98601982 9845
495636655 1068
227014254 7858
258797186 707
335627703 1334
435719337 8347
143839170 8713
494996872 6316
42042621 510
117410994 1407
174368999 9556
57414381 5408
561936237 4695
548265208 8256
254404875 8638
274422798 8442
789262644 8292
17659280 2838
675233467 8061
525898915 9709
596740681 7086
397533572 2021
45213002 7914
826120285 4950
599695855 4729
691276203 7332
809738432 9205
40563537 9990
761895660 307
675504473 8422
298472159 6944
171193791 7459
729263085 9404
643483429 9761
218495838 3998
304684874 2024
113989628 7335
61166170 9421
250667732 2853
246931247 1450
466955828 5844
303795974 692
110914486 8921
758293213 6468
624404873 2988
244928280 9910
236226672 3034
218354277 7430
772563447 4365
524495055 9723
355127453 6252
278316887 1541
228111705 3590
577830933 6926
644037558 2101
7078675 9924
142120129 8474
804134878 355
304605917 9061
582233047 5577
859591894 2183
359517269 2009
480686927 9619
726504733 3262
603560282 2728
297579911 7858
492657821 6129
498719579 2949
580870912 7115
199131037 9240
852511420 3068
188148599 7814
130141885 6745
814723079 8711
170169178 3025
415804214 71
86772375 7154
397612305 4994
258014531 4250
501189293 4481
432441798 9657
267359486 7312
218036677 7226
840758921 8756
204435605 837
485353344 9567
40152049 5347
6510116 6687
155585659 41
124885120 8036
131306394 2819
562133345 3115
2175386 5553
476488076 1149
763603631 6393
292395893 6440
704524483 9761
52610734 9657
441030534 7102
112793803 3238
710215425 8272
54790701 6990
760815816 5931
245984479 6679
849304843 9141
627478828 1171
67774507 3693
827837282 1003
306507197 2744
555092500 6451
724789767 1296
758698049 7861
211611153 4225
645675050 4073
628979860 1074
711898133 3121
740722344 570
145475870 4589
47836094 6430
293575459 8470
769144393 9337
850713159 7643
276979378 9005
234656308 165
773761189 2035
814005039 5940
6203627 5606
623579847 2639
91570201 2629
90412545 7035
847950696 5533
589063867 9419
814242223 8828
168930243 6421
118818649 7536
713211624 5177
528226140 5511
89464453 8340
105936045 8769
373381097 2525
287669353 3450
438027092 4896
17617446 6955
492573815 5068
306390075 3021
155235737 6879
400145937 5762
305374157 6244
234863239 5873
312512697 4795
331104666 3304
743827500 184
236164644 7383
849907041 6042
176017146 5751
185926763 5237
356233788 5436
446963751 9501
241314826 488
39068852 7564
403855637 5595
578879641 2417
519402654 1381
379291262 425
683833517 2008
668437957 5583
352271274 3905
660708853 9746
610049517 9539
453320081 4767
821528158 399
812930916 602
53586685 3754
695557174 7208
716114988 2619
794660927 5016
362331584 3097
29282269 3524
640777061 9845
175596127 6741
381517236 5221
777147762 3694
322918294 6650
200446116 9782
415513101 8279
416145767 6931
68385201 3329
518279378 3950
113319315 439
670358337 1815
731563566 1953
303269164 9599
735284972 9786
724717629 3390
686788684 6343
558455528 218
458801462 9403
826694798 9762
481608837 2121
786428414 6682
715221781 9532
506979581 117
44308748 3761
741294305 3134
587134771 6405
517695614 6436
452287347 5294
605717910 3322
385337062 8028
689037574 9642
305652782 5354
674573374 2706
616400038 10
117179017 6187
420997901 6382
135401191 2498
193075028 4721
371785967 602
418350502 6943
4284365 4950
321342400 6760
153499893 6807
95099454 6573
865022926 44
584598072 2541
773536652 3944
1688134 3047
252184701 7899
651883669 6162
105043880 9162
140622517 7703
475108400 2158
201626748 9791
315258242 7220
256530270 4152
676987580 3485
671589850 6250
632676020 7869
548093152 2411
180435992 3479
487373701 9688
394058049 6457
322126922 426
298225638 3329
364084799 4235
846905503 1736
357582685 2492
261006158 7126
153996631 9921
366097162 8300
538278959 6159
91544059 9474
211101967 4251
447694515 1901
713320794 9056
703219828 9015
615974110 8966
130940630 7463
17207609 6927
755272066 5357
107487066 3418
860490078 9345
817726018 9933
159783692 1455
858426364 6981
507871034 6862
514078675 9755
702028343 1691
343198624 12
237026620 8245
158818409 387
200665942 3751
61633892 2280
332306507 6836
51337120 9136
196489176 488
272850075 4718
215741831 2151
78754809 9714
179653121 4100
154017070 8967
78603179 5
49323105 7485
73759958 4879
10378984 3110
24467428 4595
11238069 4553
582236250 5
296841941 7090
458762694 2454
492328542 9617
40474198 4994
149143568 4187
256257307 9
99169961 2451
207669180 6101
56908255 6705
80186816 9274
224144151 6349
224612995 7267
157779188 1152
219063731 436
33668314 5585
669056258 30
538178428 3153
172709327 4126
597064059 2207
450670659 6198
474515780 1691
247450958 8003
13635086 8112
553365965 4217
205440853 8855
412817975 8244
152908721 2375
295287839 4736
208293247 1811
506092851 3378
467927075 4281
630556973 8977
14737011 1584
550163474 8020
340777297 5896
305203559 7341
132217309 9504
387041694 1424
466163711 8983
129360923 2019
6743165 5852
581075378 6066
657971529 1245
540326402 1096
192450854 416
223893016 8356
349086897 100
175311199 7209
177945550 1647
104013847 7908
39913977 9664
282906885 4256
237952995 9818
131411603 9687
296491350 7216
312594337 1709
157181627 9092
197611923 9595
132629642 4389
287349439 7209
73577480 634
114933260 5364
272114316 6776
91781403 2160
10831903 6371
199475289 3608
118729962 3902
135180841 5539
101415051 7740
46015779 7704
67590917 3765
230209297 1734
17554385 4419
291727872 5189
262713920 4673
338075176 3703
50338939 6549
250809901 3932
107637894 6305
273044697 4692
114042025 5315
295214729 4760
137186009 7582
131961367 7813
186168726 3239
333800652 2682
152922 5854
178076414 2771
153009712 997
270427224 9595
59812080 9526
179291974 3179
195526887 4233
109437381 6090
338189455 8603
160668579 1166
114346491 5537
11281643 3623
51881949 1864
287467600 4237
173122277 2504
287602193 3140
260057027 3757
133409984 5621
63657821 129
110653004 7334
55470068 1410
70726597 4478
182247718 3319
253189986 4997
293724313 1720
186437464 9075
15223770 4687
280886049 4037
43671472 2789
193228366 6929
188609176 4796
217329949 9565
91650048 5496
161893617 8811
93881691 4697
79984929 4686
124890165 4742
171348047 839
231022547 7978
316712679 411
232303214 9784
118076232 426
113472921 9254
93354435 742
80714674 120
344122281 2725
318421006 323
313401559 5765
144965857 968
244820015 8788
49213017 448
150169911 5776
227604370 6386
89527001 5724
107933068 1212
336526376 611
63931872 7610
250530069 5760
117726471 3015
4988081 2685
174391447 9582
200000 100
9946 2
6432 6
9786 8
5523 3
8575 7
9587 2
7916 3
1048 5
1600 6
8464 8
8311 5
6982 10
3937 2
7807 8
6916 7
5933 2
4984 5
7838 5
8598 4
1381 5
3559 7
311 5
9152 10
6038 7
6838 7
5828 2
9813 10
5031 6
419 3
7822 6
1568 10
5582 6
7633 3
858 4
583 7
8226 5
332 4
6087 2
905 5
5224 7
5347 4
9850 7
2304 4
1425 10
5412 2
6762 4
516 9
2218 2
3870 2
1172 4
3688 10
5621 8
3280 4
3512 2
5000 7
921 6
9106 3
7210 9
8944 9
2760 8
6544 8
7480 2
6332 6
1132 4
7310 5
2456 8
9947 1
9478 4
535 2
4120 8
8366 8
6706 4
7393 5
6009 6
5960 10
7819 2
8482 9
6426 7
5354 7
9422 3
9412 10
3420 6
5638 6
2841 3
9318 9
991 6
819 2
2869 5
127 5
7263 8
5408 8
661 4
7067 8
7682 4
9701 2
5323 7
2098 10
9206 4
9377 5
1103 5
607724112 100
130339030 6369
433623061 5534
158730091 3941
464742923 2132
189530992 7331
552030663 8335
149225077 6168
10607243 7689
129775315 5785
564580644 5706
490062702 5231
241022796 8533
120670344 4476
133332932 5101
140187949 7047
175594667 6717
436039289 6872
230500476 7752
422909019 7570
190955319 3331
544783038 9960
182576291 4482
387258397 9061
291016532 7012
170432156 5839
220661651 2368
114584557 7702
269607011 8293
250263451 8503
161247607 533
95998168 1126
300053705 9173
10395337 5932
196465167 5450
227392226 1057
454037342 7881
20413627 5659
294476025 2347
105036327 1086
366707531 8694
343473959 7302
397612323 9684
87078400 6745
284089928 8911
198167107 5445
379486693 489
8070559 8528
543190049 9734
23592272 9415
232849520 6457
298884196 217
440265873 9011
347814242 1036
57157761 3565
539626114 972
250004333 5774
295688197 9291
526350971 4774
584137927 7865
605054163 4201
16666960 7171
410924668 2734
374514620 53
60222576 6853
309170480 6782
236575812 8190
24281893 2251
453436800 9661
595971801 4626
133481832 2709
369119868 5500
462962011 3748
446374720 1646
261608825 4261
433884312 979
201875567 7217
431810534 1278
59519927 3561
255979757 229
433618746 4506
344675239 5628
550632514 2023
364122346 6674
259688790 6297
130151838 3043
324266690 6472
559186095 6218
571549100 7979
238936911 5780
167180085 1751
290078806 6894
88210352 3343
259903505 6472
276971344 3668
554361346 6142
92304796 4903
575256787 8290
114802419 7253
583971799 9002
390401923 3170
355986489 17
30646525 621
96768482 7994
173956651 3967
209294449 2448
349166169 6419
108037077 1421
308397420 2207
316810768 8663
169817536 9612
301790616 4547
142234007 4989
79110249 1047
265923302 9725
314654720 3301
274113939 7179
125339537 5359
1592120 5524
200000 100
3502 8
4890 7
2306 2
9688 10
5250 4
6720 5
7431 2
7219 3
611 3
6985 4
518 3
5568 6
3818 3
4450 5
2061 2
9966 1
4671 3
7771 6
4600 10
5304 10
2244 5
8261 7
4581 5
6918 6
9812 6
2043 9
1836 2
8297 6
4025 8
6148 2
4192 4
3856 3
5619 8
555 6
646 8
7059 4
6478 2
295 9
6403 8
957 5
2915 2
2781 2
9446 8
2800 7
6189 8
9255 7
1711 10
5449 5
926 2
765 2
8833 10
4174 4
8171 9
3816 7
5000 3
4857 3
9668 10
208 5
8526 2
4953 4
6077 10
3693 5
8654 4
2826 5
4880 5
9965 10
2969 8
9132 8
875 6
1174 2
5162 4
1371 5
1357 8
4072 6
5095 3
1290 5
7448 3
1706 7
1042 8
1333 2
2678 9
81 2
3838 8
9792 3
2546 8
9444 9
4527 3
5108 3
6999 10
7309 4
1389 10
5989 3
8721 7
7706 10
5883 3
9681 3
7229 6
2490 10
472 5
664 6
200000 100
561 3
7950 8
6027 2
2749 10
6812 6
9139 9
2411 10
4592 3
3675 4
4820 5
3021 5
6367 4
8265 7
6514 6
4011 2
1829 3
6799 2
2994 9
2897 4
6253 2
3136 4
3552 8
6961 6
2454 5
5917 6
5828 2
3479 10
6937 6
5702 10
2545 3
3475 4
1865 10
9000 8
9448 5
2259 5
5518 9
468 2
7627 5
7520 6
4207 5
7400 3
5000 5
1879 7
7725 5
7333 9
6230 10
5610 3
5991 9
4329 10
1547 6
6038 3
1917 3
7412 8
8707 4
7623 3
9876 7
7471 3
3801 3
372 9
2589 4
495 5
9268 9
1451 3
8925 2
8308 3
3175 9
316 4
831 6
9346 6
5556 4
7913 3
9395 9
1944 2
5491 3
2283 10
1265 5
4884 6
6376 3
4796 10
2387 10
4112 7
3212 7
7306 7
8873 9
4512 8
9877 1
2525 3
6013 6
5513 9
902 10
8753 4
786 7
6789 7
182 10
1221 8
537 10
1784 7
1857 4
4508 5
8113 5
962451094 67
248619492 1673
788491554 9921
380104912 8768
45280678 102
662073496 8347
916394850 2364
46100948 885
662901179 8688
439917661 852
155781462 4356
113662890 2522
751175839 7186
670810090 4979
779646397 644
255161186 9156
632829376 8265
550791536 6123
763365472 5855
171189434 977
782197486 4745
150454981 7691
204555835 127
515130699 7894
206073268 2811
712875509 1779
396040776 7711
458727344 7849
284884283 548
255875327 3680
849297586 8080
569275614 2952
698207449 6559
517138169 1150
137099803 8467
348549132 7613
396427829 5331
400297192 6468
285078073 1997
763758850 2212
907502568 6066
281805340 8903
444889597 31
71568636 2973
428382172 6947
930266032 672
534532798 7918
362472906 1705
723126517 7053
277534407 9538
514981060 1266
393267599 8473
694673327 8371
161769485 8126
514906105 4183
849365291 9110
173954113 8727
686159967 2535
925651048 7315
954909990 4299
341489694 7103
677579712 5637
383280556 6388
136646502 113
590165906 1984
952380075 4948
33303909 6331
199217691 9885
200000 100
6371 9
3578 10
1896 5
9674 3
6357 2
1622 2
882 8
8987 4
3314 7
3213 9
3907 10
9994 2
5263 2
5410 3
1811 2
8218 10
1444 5
9458 2
2095 5
2209 3
9859 7
4551 7
9722 6
6912 7
2305 10
2461 5
3065 7
1995 8
5381 7
2412 2
7339 7
2238 2
5077 5
7895 2
4680 4
4208 2
4383 9
5323 9
9529 4
2702 7
6367 6
6389 10
2253 10
4007 6
6604 6
9995 1
2764 8
3472 2
7376 4
918 2
5054 2
7325 10
7047 4
6135 3
4463 2
9310 10
2596 10
1099 6
3635 2
204 4
7109 6
2793 6
8272 7
7152 10
6439 3
5000 8
1577 10
7536 4
5098 6
3656 9
319 2
8564 4
2977 4
7424 4
2091 10
4072 9
4817 3
2513 3
8393 5
4108 7
7787 5
19 10
3443 9
6546 2
1906 5
112 5
8724 3
5519 7
4311 4
5569 2
8666 9
186 9
4168 10
4557 2
807 7
7600 10
2962 3
2643 8
6113 4
3299 9
1000000000 1
1 10000
200000 100
6436 8
1952 4
7380 10
9343 8
5220 4
9669 10
7208 7
4077 6
3992 9
4909 10
610 6
8056 3
5000 5
6269 3
7020 6
5184 3
6905 7
1839 2
7918 5
6809 5
8974 5
2922 10
7058 2
9405 4
9525 4
1208 7
266 6
2692 8
1578 8
1329 4
9597 5
8094 3
3920 3
318 7
9326 9
4831 4
433 9
4273 6
9824 5
8048 9
3325 9
9670 3
9446 4
1583 6
969 4
8507 10
1994 7
7844 10
9126 10
4577 4
1076 6
4063 6
6878 3
443 10
1090 2
5382 6
855 10
184 7
5750 7
9899 6
9912 2
1719 9
9913 1
8129 9
8609 7
7957 7
3522 6
9807 5
2546 8
9130 6
95 8
6125 8
5157 6
3756 6
3486 7
606 7
5631 4
3511 3
8742 2
5054 8
7477 4
9033 4
1656 9
3531 5
6547 5
2573 6
5237 10
4284 5
6342 7
7403 8
767 10
7687 3
8833 7
8305 2
5082 10
6841 2
7541 5
7887 2
3518 5
3254 4
502342674 12
390448796 7026
152023428 66
403573269 5709
385216851 9318
134036723 2258
161445682 5111
253817065 7974
46868280 4394
41294151 958
182019820 2755
124029101 651
29560056 4464
227539882 6
31969728 1182
186858641 31
23427942 9644
124285411 946
226992029 5932
9291371 6057
2 1
1 1
12931378 6
12551519 2291
2816049 2835
554829 1401
3947844 7180
10104501 2278
1241526 5558
763386294 22
16527633 7032
170207756 6563
194397219 5254
571668050 2706
98820335 7690
761837443 6647
358693925 7449
712978546 9423
725910848 2284
316977029 8786
109569986 1597
391657012 8856
582948971 7698
369053473 3624
142580352 4993
144765267 7622
247311245 5283
514078004 186
578810558 4926
411706896 2863
134640823 5379
540138503 713
658038945 100
552257239 9045
470746175 6453
299435375 7675
298735600 7436
18606629 2256
238497047 6943
95716873 3126
148498461 2924
322911525 286
114157620 4465
343894178 5448
313376293 916
89219729 7745
454388382 9473
286569944 8357
292560211 8519
343466921 1912
378578112 9131
613541597 4435
599032114 6264
107392215 4671
240751055 1924
266501319 2417
102169062 6083
472042772 7259
564324001 6473
173793302 1243
114095414 2073
387215529 5952
456147601 3342
547713460 5609
493184826 8404
575928928 1322
100915117 587
98805657 7741
143206014 9595
192864400 6308
588232455 3542
594301908 9645
232682460 1412
80591148 1376
426301077 8199
573119061 3885
406004911 4466
23643084 8747
295865978 8954
384810367 9294
432469792 7372
298508966 9815
461849750 2084
95803189 8974
267385899 1719
113998801 6526
355808702 2770
440517437 7766
302197492 4924
605573201 8714
416232115 8057
96037906 9696
577792124 7313
297819761 6848
608595993 3740
479517806 3272
98884093 4331
641667357 4715
68672393 7085
39188024 4061
551531681 913
254937306 8818
298603385 1919
157058850 6537
178648415 5218
566663411 3327
457707893 2392
196376383 4787
104867048 2674
637976265 6708
202712243 6057
314741064 3665
350484798 5516
155350301 6231
549840764 1383
20488491 1265
340144457 9046
625745711 4908
31342278 5857
53605443 6096
85823149 1333
77151581 3433
604122292 3863
264118935 3592
386090672 4175
6878636 3754
541021682 8241
539775254 7959
32351517 8112
562172555 9372
353706723 3087
59480842 2672
365963155 3450
895185285 7
294397815 8335
881110894 4674
790355984 7153
130256312 9948
680880226 8734
355019063 455
786433432 705
1000000000 100
941000000 10000
947000000 10000
945000000 10000
981000000 10000
954000000 10000
995000000 10000
906000000 10000
940000000 10000
973000000 10000
959000000 10000
904000000 10000
963000000 10000
974000000 10000
976000000 10000
934000000 10000
991000000 10000
953000000 10000
983000000 10000
986000000 10000
968000000 10000
988000000 10000
993000000 10000
928000000 10000
902000000 10000
911000000 10000
927000000 10000
982000000 10000
922000000 10000
935000000 10000
912000000 10000
908000000 10000
956000000 10000
903000000 10000
915000000 10000
967000000 10000
992000000 10000
989000000 10000
933000000 10000
929000000 10000
964000000 10000
944000000 10000
961000000 10000
920000000 10000
949000000 10000
998000000 10000
901000000 10000
937000000 10000
910000000 10000
955000000 10000
958000000 10000
971000000 10000
977000000 10000
966000000 10000
932000000 10000
909000000 10000
957000000 10000
960000000 10000
987000000 10000
950000000 10000
925000000 10000
938000000 10000
997000000 10000
996000000 10000
994000000 10000
969000000 10000
939000000 10000
985000000 10000
979000000 10000
978000000 10000
972000000 10000
984000000 10000
900000000 10000
952000000 10000
919000000 10000
913000000 10000
946000000 10000
914000000 10000
942000000 10000
924000000 10000
921000000 10000
916000000 10000
962000000 10000
965000000 10000
999000000 10000
948000000 10000
951000000 10000
923000000 10000
917000000 10000
980000000 10000
907000000 10000
975000000 10000
918000000 10000
926000000 10000
943000000 10000
970000000 10000
930000000 10000
905000000 10000
936000000 10000
931000000 10000
990000000 10000
523558135 27
8077661 2020
300925598 4077
27740857 4456
208965039 4815
493720369 1904
239215339 3654
434807540 8595
161793563 8889
361874212 2659
56465368 5857
392321768 3432
16460021 1404
296107883 4280
133777157 7032
211390538 5789
342014465 9388
479083158 165
238618461 3604
323547425 189
250523433 7261
11422620 6930
127555332 9464
357253939 9177
303776492 8779
362978380 7258
157037352 8630
60919436 2249
834169500 20
391221669 443
587949281 2127
300001076 8516
565003905 8727
606266443 8015
461634719 3962
79709092 8036
345999167 4394
163695463 4625
831077643 8300
43152122 56
358575742 2550
71738454 3740
821763078 3226
77625705 3046
319347303 3184
150990476 9862
228901847 9254
297996275 9117
129577904 739
671307303 100
1148542 5344
273163214 8562
170008690 768
180109527 8862
124904286 2419
81730458 4808
221609200 6461
516619957 7978
52857476 8462
625104534 3432
662320560 3822
196293702 2892
638812720 9877
359704226 4759
658179600 630
244617854 1471
313512707 9609
77338841 1040
343370959 5502
498567283 694
427219806 7667
386098280 7389
296991669 8896
588590402 114
264247468 8445
153859137 4882
383860060 3078
101752760 4661
614385230 1961
217070036 9398
143048192 3771
528027387 313
393595056 7952
383461677 8026
116494374 2864
325015883 6211
498091129 4355
27344840 3890
592385158 3032
53013463 9108
378884940 5780
3511804 2997
52441477 2233
50965673 9793
117068349 9259
52897548 959
425393081 884
131056580 6638
537570426 318
304540826 4733
197414587 6
430893839 3101
609411580 5488
81062029 1608
165803396 7548
224596533 2362
485814243 6513
172572408 1992
253945288 8798
421809398 6354
189989642 3213
506807412 5470
39771151 9370
8666452 495
80867105 2233
482315119 3559
13701220 6848
268944514 5590
553376463 7512
562193820 5596
160397564 2246
234279927 3001
251752130 4758
34964907 6305
93924769 5306
538020544 4620
493731416 1171
351176767 4308
449041056 6455
89020939 5361
327131602 199
299403406 4203
386245673 8931
600200422 1878
604025778 3193
350618590 436
215839914 7619
508396377 2337
231914264 9435
242518728 4731
95079913 9623
247843205 1341
448841555 1855
64360986 8521
363815819 9972
380670040 6035
275137973 232
528454687 8200
139874012 4362
217755 7499
200000 1000
7368 8
4327 4
621 6
704 8
4326 3
8114 9
3184 7
5435 3
561 4
3263 3
3953 9
2596 6
8834 4
92 6
278 3
6598 4
2853 4
9081 6
6564 3
7998 10
9039 6
8076 7
4299 3
2036 7
3982 6
8538 4
475 5
7064 4
5696 10
2176 4
36 2
2516 10
4106 4
579 6
8754 5
1239 10
8653 10
7803 2
4931 8
4283 2
6376 4
1070 5
8216 10
181 10
1527 4
6348 6
506 2
368 9
4802 10
3158 8
9511 3
5016 3
9868 2
9103 8
9715 5
8634 5
2054 3
9748 2
4667 9
7113 10
3991 10
8926 7
7928 4
4162 4
7152 4
1785 3
603 6
7319 2
6483 10
4639 4
2454 5
7128 10
3409 8
2821 4
7781 10
8416 9
5088 9
189 9
6551 7
5201 3
4098 6
4650 3
4893 2
7431 9
7355 10
1848 9
1366 6
2369 7
8425 8
8899 7
7658 8
3457 5
5697 4
1251 6
3161 9
2651 10
473 2
8614 7
1213 3
699 8
5876 10
3996 9
466 2
6444 5
8362 3
2142 6
9745 2
2173 2
7204 4
3188 9
5115 3
6840 4
6884 8
5321 3
9781 6
6655 8
6618 6
476 10
5523 5
9767 4
6504 6
1269 6
3661 7
772 2
5684 3
5138 3
8443 8
4930 5
5614 9
2128 8
1243 7
4340 6
695 2
6354 5
6567 10
2079 5
2820 5
2021 2
4164 7
3917 9
2860 3
5111 5
9728 3
2933 10
464 7
9577 3
7546 7
7258 2
1097 5
3959 3
2889 10
5853 4
5880 3
7951 10
1670 3
3031 5
7988 7
4429 2
5431 9
7625 3
3566 10
7838 3
5732 2
3247 3
9110 7
8466 8
2849 3
6614 4
3364 6
895 7
5135 6
4795 6
1774 7
2422 5
8144 8
1867 6
8929 7
8665 8
2478 4
5023 9
5783 10
1662 3
8085 9
8903 6
5734 9
9275 5
9261 6
9349 10
4050 8
8133 6
4944 2
5607 9
1386 7
6416 10
4401 3
6274 3
5427 4
6970 3
6418 3
3630 3
6232 8
1209 5
7563 9
5454 9
1116 3
5669 5
1846 5
6021 4
1656 5
9483 6
8164 2
9642 3
5336 9
1139 4
2420 5
9015 6
6761 7
6200 3
1121 8
2008 3
3911 10
1624 5
2078 4
1911 2
9645 4
4309 9
8717 10
1983 9
3333 3
9355 8
1564 8
4525 7
2605 6
5953 4
624 3
8603 2
6310 9
5381 7
1106 5
3174 7
1423 4
6610 5
3502 5
5946 4
926 10
489 2
2231 2
6671 7
7304 10
3242 8
8108 10
5105 8
1301 5
1992 3
2994 8
5024 4
2508 9
347 7
1751 7
8856 5
8677 5
6835 2
2360 9
3932 8
6938 6
323 6
2039 9
8766 7
3204 10
5742 5
6443 6
5993 6
2317 2
888 6
7765 5
1277 8
3084 2
7398 3
6130 5
1398 7
2326 6
8695 6
8581 6
8905 10
6633 2
2490 8
8547 3
6510 2
4731 4
3625 6
1000 10
1595 2
2893 6
4661 5
3868 6
3455 8
1449 10
6745 8
9974 9
7876 6
9479 2
2560 8
8302 10
5784 2
8494 3
9850 5
3804 4
9594 4
2257 10
4674 9
9672 10
7790 2
3445 5
7978 10
2228 6
122 2
685 8
9725 2
2986 8
7832 9
2519 6
883 4
1761 9
4518 9
9134 4
6204 7
2879 10
708 8
1361 3
9198 2
9036 8
2970 4
7383 2
9763 10
235 6
4365 4
5197 8
5353 5
5042 10
1602 8
2999 5
843 3
5830 9
6717 3
1113 10
9023 8
2624 6
6747 3
8055 3
5763 10
5012 6
4856 5
8505 7
8607 10
8238 7
4710 6
7920 6
5149 9
6880 5
7965 3
8951 10
6883 4
1416 5
509 2
9244 6
9931 7
8983 9
1205 5
5390 10
5249 5
5646 7
8232 5
9400 5
5505 2
8971 9
4307 6
2939 2
192 3
555 7
9565 9
4041 10
2135 10
6113 2
5000 9
2780 7
4997 4
2282 9
4974 4
5029 10
9160 4
4182 4
2278 8
2239 10
266 10
9926 9
1393 7
2368 6
903 4
8912 5
7396 4
3588 10
5300 8
6534 2
6808 10
5574 5
432 10
5992 9
7607 2
6814 2
1923 7
4736 4
53 4
6038 2
8035 7
3228 8
4684 5
3806 7
3818 8
7028 9
4550 2
438 8
5154 9
7362 7
6043 10
5278 3
8743 5
6357 7
462 9
613 8
5337 2
6185 5
1407 6
8148 4
7221 6
4388 10
7095 5
4173 10
2713 9
3061 7
8266 3
8588 9
1225 2
5345 7
3412 2
2953 2
265 2
2774 2
9280 2
9544 7
7954 2
7667 5
5347 8
2088 8
3169 3
7990 4
6035 6
7689 8
9993 2
5211 2
4638 10
7342 8
5998 4
5603 4
5788 6
34 10
856 3
2850 8
3678 7
4752 9
4990 6
1154 2
9528 9
2180 3
3674 10
8590 2
4929 3
8781 6
1369 6
7762 5
916 10
7139 10
732 2
2754 6
5283 7
1579 4
5956 5
5619 7
3518 2
5446 7
7404 2
8465 6
6092 8
3623 3
3351 9
5238 3
2984 2
7768 10
3354 4
1126 9
1189 5
9325 6
5046 8
6781 3
2866 4
3472 8
5664 4
6039 10
459 10
2758 5
9215 3
5175 3
1265 7
4059 2
6162 8
5502 9
1443 4
9998 1
6429 2
9247 2
6279 4
7810 4
4426 10
2214 10
3603 10
1587 9
1124 6
3575 9
981 4
7676 2
9199 10
3833 4
199 7
5324 10
6295 10
5773 5
884 3
7220 8
515 4
2557 10
4184 2
9909 6
9606 4
2652 2
823 10
5480 8
4863 3
2546 8
5363 5
8018 5
829 5
5485 5
9835 7
9476 6
9799 6
3340 3
1664 7
3294 10
1628 8
3321 4
4779 8
795 7
474 6
8624 10
4696 2
578 5
8272 7
7702 5
9474 4
4553 6
3453 8
2569 2
7705 9
253 8
3680 6
264 9
8290 5
2736 9
420 10
3016 9
3223 9
9432 4
4387 4
7374 8
9977 3
7850 6
366 3
7833 2
905 2
7710 6
6612 8
9175 3
7229 3
2315 6
8720 8
2672 5
1435 4
577 7
3713 8
8837 7
3498 6
50 3
2614 2
7294 6
9237 5
1600 3
4456 6
1940 9
9386 2
1651 8
389 10
8378 8
7094 3
5482 2
4967 6
2223 9
279 10
4580 6
6237 8
8741 5
700 7
6456 7
9210 4
7532 2
6471 10
1615 6
3422 9
809 2
852 10
5061 3
9480 8
6816 5
6260 9
93 10
2267 10
6454 2
6256 10
2854 9
8399 2
7102 2
990 2
5565 9
7449 2
6247 9
5320 3
3636 4
7328 9
4374 8
6068 6
6856 4
7236 5
8149 7
2769 3
7111 3
2185 7
4349 5
1598 8
1240 2
5573 4
9104 5
5228 3
9885 5
5995 2
9954 6
631 6
9566 6
4337 6
1565 3
8675 8
7554 9
8846 7
7354 2
244 7
3423 10
7618 7
8934 3
5942 5
2562 8
4978 7
9296 2
7613 7
2534 9
441 7
2381 5
6 5
3123 7
2247 7
5552 8
6687 9
959 7
1140 3
8323 6
5651 5
2535 8
4383 9
9522 3
440 8
155 9
6422 2
7255 8
208 7
2366 8
9997 7
7642 3
150 4
3960 9
8657 4
1427 3
1262 10
8809 2
5379 9
2619 8
5334 2
7251 5
6894 7
9576 8
3741 5
2499 5
6990 5
5864 4
2387 4
1077 2
969 6
8949 10
7428 4
8712 9
8095 2
3605 3
7234 4
2923 2
1528 2
9026 9
9607 5
7309 10
3195 8
1414 7
5687 5
4819 3
3729 9
5579 5
8421 10
112 10
8118 3
9968 4
380 7
9240 3
3190 10
7777 6
9333 5
7726 6
4786 6
8274 10
2629 4
2266 6
1091 4
5011 9
4976 4
6108 6
2816 6
7828 9
7829 6
7811 9
6860 6
9812 7
3337 6
936 6
6370 4
1551 6
9811 2
4637 3
1635 6
8409 10
1167 6
3681 3
4043 9
3788 2
9404 4
2785 5
5191 9
9939 9
6079 6
6573 5
7379 8
7885 7
2480 6
5598 10
8049 4
7046 2
4971 4
1333 4
6971 5
6734 5
8970 3
6146 6
200 9
399 10
2124 3
7002 10
3771 6
3131 5
4959 7
8881 2
5168 3
8437 3
5106 8
7565 3
3386 5
8790 8
7997 2
5178 6
9083 2
4074 3
9988 7
7943 2
7566 9
5751 2
3784 4
1093 5
2053 10
4678 6
6888 6
2172 10
1913 10
7336 3
9283 4
6864 4
3526 7
720 2
5095 3
8368 3
7067 5
7488 10
588 9
9053 7
4020 7
9538 8
3471 7
2287 8
9497 5
9327 7
1924 4
3291 6
7643 5
4133 9
1890 2
7460 2
26 6
5678 5
10 9
8418 8
5835 4
2570 7
7617 5
9321 3
1312 3
609 4
7137 6
7422 3
2985 2
1159 6
7252 7
6984 9
2749 8
7330 6
7437 5
9343 4
9271 6
400 5
8878 10
1259 5
528 2
3230 6
4544 4
5126 4
1951 3
4535 8
5658 10
2114 5
80 5
1721 7
3352 7
2834 6
4398 7
9230 8
2554 2
1592 5
7550 10
8625 2
1821 7
165 10
612 6
3059 3
7739 5
4206 10
6398 6
2348 6
2712 6
1905 5
3113 10
2804 7
392 10
1584 10
3596 2
3366 8
4698 2
4812 5
2561 9
7140 5
1022 7
5585 6
7149 10
727 4
176 10
8767 3
745 6
4289 4
2575 6
5386 7
2527 4
3210 4
3896 3
9912 7
1389 2
1995 5
9289 3
9958 4
8122 4
1582 4
3241 3
8327 2
2901 4
7858 8
9273 3
6955 10
9427 8
6255 5
833 9
2628 8
3559 9
9978 3
4576 3
1472 9
5254 2
6819 2
4251 7
3652 3
8771 8
6319 2
1455 2
3380 10
3984 6
7203 9
8165 9
6539 4
9446 7
7996 4
6338 7
8560 6
6879 2
8217 9
880 6
8159 7
2183 4
3046 4
6591 8
5860 2
4379 7
3706 10
8262 10
9755 9
1362 9
1463 6
7030 6
764 9
8021 8
9900 6
3923 8
7879 9
4399 2
6406 4
4353 7
4390 4
7278 6
540 4
7401 7
4616 10
2912 8
344 10
8620 2
6537 4
1036 2
249 7
4761 8
1599 2
3112 9
7805 8
7694 3
2555 9
9975 4
2746 8
2525 3
947035649 1
316582588 9335
200000 100
3619 10
358 4
9387 9
6882 4
900 7
1361 5
4107 10
8979 2
2182 9
3497 2
9178 7
6586 9
1863 7
3238 4
8036 3
8365 8
2662 9
5093 4
8148 4
9182 5
8974 10
8615 5
9108 2
204 5
7247 2
8020 10
2426 2
4895 3
3330 8
445 2
6537 4
4750 7
5499 2
101 9
9949 1
4984 5
3210 4
3531 10
406 2
3310 5
6831 2
8867 8
4910 5
4379 5
5459 2
1799 2
7864 10
6052 6
9707 7
8679 5
8351 7
2743 5
6047 5
9355 7
7558 2
9948 7
562 5
2927 2
103 8
9364 3
8447 8
6183 3
3478 5
5691 3
3469 7
6122 8
7264 10
2091 2
7053 10
1231 9
1725 9
9193 8
1356 5
1153 3
3174 8
5441 6
8094 3
9026 2
4076 6
3822 4
5000 10
7760 9
7452 7
4790 9
2212 6
577 5
7030 9
851 4
5217 8
1763 6
9463 3
4149 8
7401 4
5290 3
723 4
4079 8
2267 8
182 6
5730 2
2478 4
469802877 100
248050672 7296
345149991 2191
199508435 181
391686191 840
58345014 8256
40112705 4904
81329331 8229
398579718 2078
87447805 2145
339269081 5256
98683349 4492
223088493 894
283581350 2616
3314052 3898
122309734 2125
56486901 9510
364532563 943
357534901 5064
152071247 9238
95037544 4587
241313139 1125
434844465 7886
253165737 9615
459465783 2047
131967579 2541
359890545 1313
266944774 2169
439249610 8334
198995122 3381
98864116 189
354104431 8327
330795600 1940
9993521 7579
386452445 3123
126231505 5165
357898392 5316
381445665 326
393168271 4699
89275471 1735
307867086 3015
276840641 8608
98191862 8204
114385117 9152
12677090 6607
240124861 2456
76911382 6562
247605049 9004
24059979 6677
88452069 6920
441341147 2199
444284803 6568
296208990 5336
357723820 8376
35293821 4767
31152272 9461
66836357 1463
361907705 2549
329494579 9006
342453535 4726
105796544 5068
80874219 9143
24085235 3217
458221318 9478
192723694 6600
354752111 6630
346383352 6144
361842132 7655
463114090 3725
159230850 3333
55813087 4308
469216706 5838
461025032 3501
22799219 9712
6234903 2125
172460974 7305
222132263 9414
185099164 9657
325037464 4145
342454144 3864
206756040 4078
433281057 9595
351945259 3463
208318372 5235
285599436 3941
213070682 2253
107838160 6780
425504801 9832
170368558 7293
331667216 4867
447657797 5261
171958560 5397
328723183 4098
390978009 9277
107350090 6238
31094454 1051
227747760 2866
382909627 1636
44552990 6335
153701752 4256
251484124 1896
442358376 21
418049441 8820
136458311 237
353493646 366
166166686 9613
406839807 643
394777915 3104
379013204 2406
281692263 7520
61223998 3386
187184559 3169
175847759 253
254383856 8167
70457535 4958
306095896 7658
434713545 349
143246170 4668
27285142 4473
15831286 2227
412330006 7783
65362846 9111
159522765 9389
42522770 39
21797745 7713
2677938 731
40142861 1840
27554984 5568
33214520 7857
20287365 2475
13256216 7748
7025867 2743
4403195 6807
31039803 7482
38859524 4219
13393063 4122
19223800 3131
4871513 9550
30159924 2914
24208221 8663
17910719 8252
22202042 77
18522212 3323
36494010 935
14971958 8041
24834751 4314
33588434 3062
16795614 5946
5653502 7430
7678646 6549
19823467 4233
28575218 9346
31821498 281
12260903 6201
17095143 8007
34845570 1551
40170066 3749
29825869 4730
21033257 8162
11479835 5046
24051046 3081
26460552 9099
7667599 2638
1000000000 100
12345652 26
12345578 100
12345663 15
12345590 88
12345623 55
12345672 6
12345602 76
12345585 93
12345606 72
12345667 11
12345634 44
12345632 46
12345603 75
12345638 40
12345640 38
12345625 53
12345628 50
12345629 49
12345611 67
12345599 79
12345653 25
12345659 19
12345622 56
12345676 2
12345644 34
12345656 22
12345593 85
12345617 61
12345592 86
12345673 5
12345666 12
12345674 4
12345662 16
12345619 59
12345598 80
12345609 69
12345671 7
12345605 73
12345626 52
12345651 27
12345614 64
12345650 28
12345621 57
12345601 77
12345615 63
12345654 24
12345670 8
12345658 20
12345595 83
12345610 68
12345661 17
12345581 97
12345597 81
12345664 14
12345655 23
12345675 3
12345668 10
12345577 101
12345630 48
12345616 62
12345646 32
12345636 42
12345641 37
12345607 71
12345660 18
12345624 54
12345669 9
12345591 87
12345645 33
12345642 36
12345639 39
12345582 96
12345647 31
12345584 94
12345627 51
12345587 91
12345579 99
12345580 98
12345588 90
12345604 74
12345665 13
12345583 95
12345620 58
12345618 60
12345586 92
12345643 35
12345608 70
12345594 84
12345612 66
12345649 29
12345596 82
12345633 45
12345657 21
12345631 47
12345648 30
12345637 41
12345589 89
12345600 78
12345635 43
12345613 65
200000 100
7632 10
6825 3
6136 7
9593 4
456 7
5236 10
6932 8
9706 6
2279 4
8790 4
9470 5
6016 2
5000 6
337 4
5807 3
7547 7
8236 5
9630 7
1422 8
9248 8
3876 3
8835 3
4135 3
8687 2
275 7
9383 8
7140 6
9295 2
4808 9
131 3
2700 2
2197 4
7252 7
8979 6
4644 7
5356 3
144 3
3338 8
1528 9
8794 4
2921 10
3091 8
1363 8
9235 3
6292 3
4922 6
7193 6
6331 4
2159 7
2742 8
9602 9
6987 3
5350 5
1257 10
7058 8
6338 7
7770 7
3700 10
1239 7
5683 8
5684 8
286 5
3992 8
3754 6
135 9
6153 3
8639 6
3374 5
5876 3
2922 4
146 6
8036 3
8057 5
9195 4
5307 8
6359 8
9782 3
1674 9
1988 8
2031 9
1330 6
8940 6
5512 5
5784 5
7798 4
1452 4
2528 4
1504 3
1786 8
9783 1
9460 2
7476 6
2556 3
3404 10
5652 6
2665 9
254 10
7420 4
3983 6
5233 4
666804257 6
457755229 822
87276766 1650
646456537 1918
220029559 8469
630550141 7358
17782257 5894
466436218 81
388121842 4279
18894001 9251
243731765 7885
389907610 1297
247727664 6996
441837901 1090
138892848 3992
395337317 751
246893464 3627
222334902 3881
169530223 4224
42393181 4261
238907437 1843
415398664 3685
278617595 9303
201727402 1255
308984121 3392
285276604 5567
458677582 3936
373083599 7748
25358302 6241
115996290 7423
57510668 3022
398774611 8662
85225547 6354
75048926 3157
221289702 2197
15926658 8989
374635622 6494
395939806 998
271341019 3229
211006215 2251
166747549 2565
355668002 7145
332592943 9788
139914094 4197
193186458 1042
462613024 9577
33570062 4281
306178122 7781
378782662 6664
414269777 2666
358607667 9075
65877454 138
303325282 9659
405252246 6108
242713489 8153
8098247 2617
401725164 67
319643272 510
422744965 3079
182621247 7620
380129466 7491
153264880 6552
191065067 9810
290861587 1363
264351642 2011
21846371 1278
339069707 8434
126966802 4943
362824608 9991
31099457 3182
58959561 594
338440387 93
463541995 3444
99643488 6410
429385279 1347
451310609 581
95780693 5185
30637121 7264
388155029 1843
30380257 659
317424171 6523
415912808 4928
177965757 9732
50084694 3086
309216794 4941
129040216 9559
425752581 7733
214892175 48
157237919 7817
1000000000 100
999999968 31
999999971 28
999999902 97
999999961 38
999999957 42
999999903 96
999999927 72
999999976 23
999999978 21
999999986 13
999999979 20
999999988 11
999999958 41
999999975 24
999999914 85
999999933 66
999999984 15
999999919 80
999999966 33
999999962 37
999999907 92
999999996 3
999999955 44
999999904 95
999999908 91
999999934 65
999999969 30
999999980 19
999999925 74
999999994 5
999999950 49
999999982 17
999999983 16
999999963 36
999999909 90
999999991 8
999999935 64
999999954 45
999999900 99
999999923 76
999999901 98
999999931 68
999999973 26
999999941 58
999999951 48
999999898 101
999999945 54
999999932 67
999999952 47
999999917 82
999999990 9
999999912 87
999999967 32
999999946 53
999999972 27
999999899 100
999999992 7
999999970 29
999999926 73
999999920 79
999999913 86
999999922 77
999999959 40
999999916 83
999999977 22
999999943 56
999999929 70
999999937 62
999999997 2
999999960 39
999999956 43
999999985 14
999999928 71
999999924 75
999999938 61
999999987 12
999999964 35
999999905 94
999999911 88
999999939 60
999999944 55
999999948 51
999999930 69
999999915 84
999999906 93
999999936 63
999999981 18
999999953 46
999999989 10
999999921 78
999999918 81
999999993 6
999999947 52
999999995 4
999999965 34
999999949 50
999999974 25
999999910 89
999999942 57
999999940 59
954447413 49
807628321 1056
17236185 8011
871317405 9885
510868849 6116
898132788 7720
170211319 3811
375939291 1201
791004169 8877
490306609 4167
783433382 2864
386474821 3925
581916046 3240
209601375 8117
667268489 7117
805229917 7811
554292504 7907
14864137 9751
605896610 8795
599409937 2368
442737201 4349
122306990 9228
669504110 2029
816978880 6765
556238944 4374
833235271 15
414189408 7390
724421577 5887
33078010 8764
421950674 9936
666490640 6164
55410284 3755
880004369 4609
199998893 8890
531697456 9797
907676071 1311
739588780 5641
782960354 1608
706931308 2750
223450085 7736
603211428 7249
715525942 5431
529856340 6651
9111254 8987
948745229 6988
526738238 3614
162999783 454
750436486 8938
417344088 9005
293559756 3046
756453250 5
708240992 6210
82293452 4673
175977669 8248
103304256 781
503178343 4659
840780285 37
169313415 8557
259590678 982
676429833 7719
172667320 4648
64031159 4792
385238025 5629
320538412 6223
685698302 9997
687004554 5039
717301914 7483
77760882 392
218411598 8522
638073761 5117
422250894 6287
834881017 4082
823982128 5078
681481146 9925
697654854 5922
702219821 6579
211784387 4937
89719792 4678
471335486 2839
745183672 1395
778565228 5791
7069941 2796
238555465 4997
303652042 7040
750691440 9688
667322154 4241
593382067 748
648125776 6573
748133403 6060
651971341 9031
274571288 6406
687087254 8327
124129178 5156
39181722 3303
14691886 2
5505642 5498
12787631 7299
544439223 32
434844528 8522
471129423 4257
455433560 6729
391565924 5314
95548024 8080
271803196 7460
473296322 6597
147904306 1266
108102990 2430
493131746 3636
368471900 9513
135038889 3674
81177121 3764
107010749 6826
165873066 111
240957555 7209
324176432 6790
113035310 9610
180552796 1981
296869321 2181
444013076 1738
265294722 2261
112429977 488
514521881 180
418421486 3618
323620351 4588
68825048 7635
437297574 5730
510435406 7695
267554659 4481
153000521 8959
12468454 670
997231398 12
435458733 6262
346940272 3063
258477676 4446
436465930 4070
672862969 914
94630079 2654
797323630 6861
861714437 3377
629691202 1503
164088859 7292
976418748 2368
331215381 8322
898996137 1000
776982575 9245
500730968 5856
511463138 884
895796489 7839
530692939 9789
12512191 2879
622743751 9673
78866923 127
180783191 9831
120006231 9812
274767652 4028
358556413 5008
789220211 3833
194477703 47
648140041 711
837768838 5153
319002253 900
430617588 4109
223695565 9302
676197835 6288
622425544 8985
421992474 4006
551555311 8080
168246030 4970
147938178 922
789330924 449
594895774 8244
303707373 3277
95941232 4746
143560496 511
77455369 2066
180928584 4366
656674150 4432
645179251 3336
735498930 4066
234522238 2749
578310673 4450
84466251 2974
28164435 1862
128677417 2221
15544565 9102
532600941 3181
693905459 4206
599251506 3592
321057229 1170
511587922 511
754491418 2242
891647059 7882
579762802 2089
839515447 1482
103664172 3782
74252185 4195
569741921 1615
678348436 4478
519696549 3762
704520929 9000
141951433 5526
307161462 3491
633434353 9105
191442694 1786
282936680 3438
716407230 6392
194496033 8713
434445341 1516
302588791 5480
820451707 329
141332106 9882
43411218 4292
555057476 5729
157066267 6979
598660616 159
20579313 5920
267643069 3986
21313618 1189
784628197 6012
503089586 3001
44885750 657
18431497 4277
262539858 3974
338663639 1043
589456354 3085
52995448 8958
371349149 1795
328403331 671
328194515 6873
210571939 1903
773770812 639
342342570 3778
802279585 746
545720117 8512
582592207 6154
478434639 9250
694388122 516
531625131 9006
144746070 5109
793571569 4508
297414366 2043
630493967 6639
264332408 7328
79794501 1937
647510507 9013
713153371 7626
549331482 5295
841642743 8814
298006878 9237
467801522 786
374798879 6366
490201284 2801
675490240 4431
365601156 4324
491648606 6698
517585595 5247
471947546 5711
279012344 6585
354537930 6764
583508970 5015
245634355 7014
765567969 3542
392638189 5996
600860160 9406
411781267 3688
214238369 5046
729962367 4699
406561889 7421
788589207 8145
283509972 1666
753839486 57
226369096 3355
74138428 4045
844541733 7055
770029023 5350
572567177 3188
143412450 1296
64611447 1963
285107846 801
672999466 2457
84921287 785
695535088 9142
562082563 5217
706117158 4575
387578197 1602
886628832 6367
577497271 3839
38955504 2697
693373909 887
35301557 8618
205243486 5981
818788870 1862
82753311 5687
773748670 4024
443469710 258
625621680 3957
229275978 8478
557929468 9446
47469356 5189
564522844 8136
44371576 7051
482708436 9247
69903979 2194
279181202 2688
566760240 4078
470782 8600
5647258 2498
220320507 3257
444459236 3995
557663570 8804
119049498 950
173536341 3928
624035751 7854
742453946 4824
649889438 5764
604185603 8653
597354114 2045
200947708 449
125509247 7655
707711114 117
22957723 523
820095542 1515
283724380 2714
483631170 1172
869577206 1920
815612536 928
10034614 3668
387072834 5110
527086512 8034
399568911 4715
137240664 7179
641677391 4160
219537995 4327
136916224 8731
833080279 712
104347733 6900
622759822 1817
134807822 3517
791692668 1375
406548767 2201
713295592 8798
882529087 9964
604818741 9009
292582259 3147
640049194 9761
386932965 5312
380047180 6408
575501139 6589
725665238 212
684213858 8766
271345420 6487
171301982 224
67109834 1798
272167452 4258
168577029 1042
423588407 8475
581457782 9630
492090349 927
353247166 5532
649375965 5036
875886367 2017
39202785 8616
9689000 928
256254865 5648
898230854 6098
291889450 1948
557352625 8731
302879445 2837
203066684 1290
776025598 5426
398318523 8116
305058715 780
85085981 815
575539298 9085
235558407 6487
80895897 9834
309106343 1976
1326007 3642
668314173 8103
558208137 1418
370609282 217
224346924 7186
600350102 2423
880174227 6571
327358017 8212
339718121 2327
215058767 6294
302396673 2197
43138992 4983
29057144 6500
284068576 2929
741364242 8708
550969664 965
38676989 4958
174519144 8961
628313849 4718
416784060 6060
572367944 6508
863984319 5692
572269899 2118
896926883 2250
823432497 86
240687762 2589
530847903 5377
755682633 1677
347776311 3506
257725394 1245
665544446 6061
310420030 4108
587596544 8429
740588256 5198
221839853 4008
175281952 8378
152663023 183
313055660 6196
839775081 9597
291607699 8673
127456890 3502
167890036 442
343110489 1385
64233012 1057
203524264 6837
159864249 4500
848069475 3655
676279360 6285
123590094 6964
197941840 5092
799968462 8658
545291534 8541
742684919 3331
237190724 3833
543294594 7424
482317421 7321
78205652 2071
577089090 5151
304958397 1325
432079442 1040
620229237 5114
498219581 7723
203836824 4124
59915301 5801
608863897 9809
415269960 8294
718214496 7247
1442378 5431
143705732 9309
529019300 1680
85701282 8514
856555464 2915
198145487 3990
65910148 7557
894248518 9403
710308902 7953
246771064 2688
490333396 3690
199627661 398
537317218 4733
796844879 2383
129713103 3840
368749513 4131
74465546 6678
466031907 9219
681502554 4083
856438112 2165
664364189 8173
196281781 3658
791224509 9518
747655164 9595
153003347 9357
835728544 9378
543397753 3309
625047123 3718
893655690 1402
637200627 4935
168408927 3601
38013379 4884
830706510 4855
759667021 9624
370406886 9750
302505178 7487
83381715 9090
850921700 3541
114739721 5537
62663861 2570
403255664 6152
759622536 4577
290173509 9255
23094746 981
294369754 8393
122950039 7728
193674930 5817
48945582 5881
666677240 5300
166690245 1209
33422115 2349
342989140 3511
21677968 6942
367825743 3037
399207408 76
494041436 4731
603288640 323
584327357 6406
11912583 6244
283283095 1928
305049239 647
142619769 9781
834169178 6135
429602007 9325
751438535 4366
575217312 5124
503425818 2608
809526704 1046
624079835 8339
427278880 1162
159391197 9699
107426330 6945
290773456 7669
391514888 2063
820455761 7596
4730507 8369
544144556 6191
132883327 2954
461435964 6309
5253773 5148
486214597 8096
137612066 3241
868178117 2024
231402809 1648
587644460 1067
829553328 3791
522275042 2474
736528703 785
166818589 5160
257986570 7145
752857765 2562
878507489 9769
30070956 2931
540334817 434
479883335 3222
28807175 5113
242913293 7763
174385561 6564
797040471 6206
413731242 1547
532763039 8739
294784369 1164
567427243 2796
518676755 1537
653746361 6067
144978535 6626
777240333 5473
506884902 3365
535952129 6757
365786594 1695
5690774 1609
600209491 7901
145381056 7689
100735344 5866
868633835 5022
742498556 4131
424098449 639
157844389 7237
833349009 4801
460148887 6063
402550023 4396
230171445 8402
177182741 7308
109137626 4456
349126062 8937
646225461 9396
434965913 8134
478030269 7693
441205914 7194
411747492 9562
203138320 318
615531036 5797
870310683 7759
777311554 3684
664589074 6745
830502901 6352
648581616 9024
395195052 9455
32190194 4563
110015863 2722
1549937 9606
126939982 1596
560827809 9769
575633741 6410
876965513 9631
733207349 7515
91786603 5072
732312092 8287
516736254 5715
108751554 4465
270196022 3991
5023969 8634
605084388 7327
564298277 3810
78427275 2282
194096020 7540
372274609 4317
221971959 3956
526231087 8684
856959343 8367
542051293 8457
590594651 1173
249868428 6848
257152194 7792
721181560 7431
233801343 2938
432877442 1328
626447649 2516
161277719 1837
221762708 1957
21170659 1491
154278983 8851
631196599 8226
734335730 2950
720387386 520
790388112 8220
372177697 7919
513869928 6993
675196151 912
678873777 8068
166857305 1147
605230258 3371
468713009 225
697235927 9750
649461131 2574
149977094 3502
7215323 3819
25165518 6348
560769042 1630
765084546 1718
58991275 3260
648308396 4830
69124032 9863
133471868 7038
251616605 2278
243035105 2878
187204979 7257
407800135 4925
820798394 3018
771766083 3800
430395362 5448
285289829 7373
405907841 7964
798349363 4008
510651542 3830
31937781 6160
650372193 3502
662141677 6938
167977656 4235
439925793 9114
447623607 8690
322834265 2142
717351986 9370
177172742 4750
298879887 27
795918851 5111
322118855 2054
478745480 8999
862218357 3385
654741160 9949
1125590 5319
349843035 277
445091594 3887
375296259 6452
82544243 8044
281325106 4340
279300886 7997
786407375 982
752333033 1089
840458569 3306
121149963 1196
332937690 4455
42258021 9769
185188803 5084
82712774 9479
209603144 3476
631901820 7637
446513965 2533
739303277 476
350789336 8457
634092476 7906
450281845 6623
627398829 1245
274953077 1078
327972094 4502
292364086 1230
143267523 1156
200431630 8260
292743362 3311
178288718 7994
802318296 9031
354582330 5674
603904472 2935
667791751 9795
403353090 2521
193059572 6321
253434668 6394
230108533 9823
112900631 4416
609928486 5907
510490433 4538
629341240 6373
320650018 416
337374920 8774
869244016 7719
802561115 8725
832072803 4410
643914833 9262
796733453 2374
480203322 8532
175055779 99
785669607 5058
405698535 8024
404450339 2958
686545154 9151
859479057 2207
341517397 6194
649722050 6882
465903672 8593
793118143 449
364689728 5302
543228524 4088
855476305 3792
513796107 2845
79067621 6349
30052797 9794
101205331 6821
678848525 9088
233467210 4886
451221360 7190
369369278 6428
710931826 84
140059224 7688
44117621 8858
224818698 8687
9422854 6046
807400816 531
499466807 1766
265436133 147
870612623 1461
567912846 1244
596459337 3697
834827164 6393
859439580 1647
477555701 2524
502661389 4842
609257652 4032
129427205 4726
882095147 7440
61033070 116
179791989 396
639904004 252
719034384 7122
708129960 3250
507251399 8237
773263717 7102
698109833 9451
59779177 2102
372588200 7297
187469346 5636
452994372 397
685117016 7231
63440865 8105
755276774 808
117629075 2821
422809144 5191
530082822 5624
481568502 2792
786953051 9539
396985797 4183
180909051 9982
618580356 1656
799831889 8374
803459822 6122
511069018 7109
581736098 6179
183274535 3222
500913683 9630
528949889 8971
884801090 2037
542585798 7123
371478460 1620
577254877 6063
776931495 3292
275878476 640
417796995 526
838955222 4762
42668426 4261
326303518 4562
22599435 5482
839611459 6656
278341299 9807
182160686 8967
866817011 4733
334412146 3548
569246689 8554
400844666 4955
104473091 5226
749631355 4257
146953265 5676
19036383 2728
64876683 3072
464609916 2380
717004057 6409
117760164 2634
655997485 2608
121973777 1233
240941329 7746
737020117 7159
89153707 6051
780778807 8824
231255158 8540
605564295 8830
50406599 7102
152620052 2324
109575317 6686
145607173 4370
62631735 5816
508126064 4288
501694576 6336
786665484 197
508348938 4822
670145389 3924
782202119 4723
309769318 4516
433507056 6542
274381708 7742
10176913 4571
223833050 6087
517246527 9263
93301578 7926
793776358 2864
437199029 6944
858708584 5885
379580161 4607
185016555 5724
17610604 2404
195221641 4345
145823570 9496
628626118 603
3269704 9116
547179550 1007
88579724 4760
393130708 8426
351622101 3094
730625347 275
828575961 3371
819842665 9771
139961353 597
358322555 6203
842303029 5815
85716190 8667
405637882 6891
721550756 1600
152740569 6791
655446627 2757
526045912 8731
104365831 3998
315274792 9280
129256891 6398
428336282 8160
552366084 7374
542244928 7346
17419885 7125
618175036 9032
650976612 670
356168521 156
635678270 9296
608090361 5533
380594551 4821
649828907 3414
566437720 127
445842599 901
393765820 516
793271939 4109
369291035 7012
777492212 4461
279765494 6525
340714169 2661
121361836 7761
738225588 5891
159174858 425
298087335 5540
705806355 8252
1999687 4035
627519037 6705
176226601 8265
671786935 713
238004723 4220
821124270 4372
222378573 6051
691948642 7381
613287373 1106
143251167 2642
566915121 5279
677599777 5839
774862432 8244
55121508 8408
291776947 5688
860921516 5339
737260084 2443
482985570 9603
619603107 9557
608297759 166
661816676 4527
170078135 931
502757671 9195
487761616 1071
794609345 5065
766184806 749
7217603 2710
601802922 908
754257582 9600
178666785 1738
468568388 922
52453779 6220
1890710 9379
806733030 6810
690782037 1463
599367314 930
362183245 5172
781009900 4081
616050895 8259
4066244 8875
822060132 9239
784242015 6540
761978291 9225
305689005 4333
593004357 1629
222052479 1299
208818992 1573
9424918 3156
332513668 623
607161022 4581
589298926 9670
789886514 6927
128797247 3246
694823901 4702
238480683 9897
326517899 1032
178564628 6399
130329822 5777
631875480 5906
724289255 4727
434973196 253
260434823 3951
873572779 2076
63349480 6871
42288168 8507
386426812 3591
421585480 7534
384102479 6707
708161515 2309
314696427 1449
853881076 9837
124856063 9349
257302515 8081
318697291 6381
303916543 3669
876786133 1602
699242692 8876
297411097 3302
219164286 9504
731934584 6771
409202948 1761
709909728 1840
804339923 2593
805502856 7576
852280954 4230
229275215 5668
475846909 8851
328320697 8198
509182102 2996
234963355 7487
654612129 1874
722364815 539
540129024 7984
713777648 7770
575399820 822
21074818 7216
675448664 1570
836891411 61
279630247 4889
137082006 7705
714208521 4388
555928224 8785
367031333 43
799491355 8340
482041744 5812
279167851 6909
516286320 1979
315166957 298
147653595 8259
164362504 1944
224098402 8555
249395287 5350
818911441 9524
164298435 7141
423594243 4465
157357403 7982
94396053 2560
703317301 5180
390123393 239
648383095 5272
552311122 4754
414153007 8361
849278073 5793
141192376 2998
783758099 2128
655633640 7082
43495601 7089
343260991 1440
196367779 7189
866242330 6352
524066603 2363
344360138 9529
572439799 8852
861956321 804
504117653 7537
626076524 8099
755836547 742
557508060 3133
188937491 5140
248914740 1222
435628354 263
25753633 7039
460568705 1923
535739728 5949
685107291 8162
851517370 1665
304896421 6113
58785854 7619
651785483 7182
844850700 8867
684682021 9661
769769026 9014
268834601 7383
608684886 1078
862569413 7048
577175571 1211
610498603 5896
2357720 6598
270536930 3071
764226248 4978
515718985 8632
470476571 9453
874126654 3246
807449786 9593
129187341 5064
748990552 2358
199064159 9489
702165254 7759
249072801 1711
226803445 4261
697928898 5866
353737746 7964
574505736 3231
797993206 5796
98552005 8012
607288054 5872
162069108 2082
204641867 2329
535616288 919
544354114 8097
661317606 6726
808758457 2632
441473927 8071
16425682 769
548078840 6211
441675538 929
533310419 562
244329941 1851
379766664 1106
722385547 3871
781373875 1444
755530247 4256
866183733 417
889333124 85
315418828 6056
622161526 3284
22120307 5107
594952029 4369
329571994 1430
357497400 828
878813722 6527
27493468 9352
265527389 3107
631493878 5482
273021040 9412
567687934 8369
261121194 1276
531087565 6676
837675138 1837
484701772 2201
878905753 6875
356164105 9409
609337517 3237
479061285 7920
424440259 7772
439054477 5166
589103288 875
526188987 5375
536493341 1423
894984104 5944
21437809 4968
317234032 1583
121249919 5443
281079212 4599
394480956 9493
183109035 7323
179796753 4436
582261579 3311
801227907 8763
561691108 9564
769665965 8286
49077237 1086
454275899 1277
703298311 8219
695102470 7846
881386989 6552
312616192 7004
744637501 8954
867529098 4368
883148931 1201
774116173 8760
803489888 2806
975684 7983
452209598 4416
772630946 5444
849522326 8333
400936077 2976
874778691 9793
355402420 2628
438563884 1428
783001700 3585
158832571 8902
280365476 8133
402153290 4729
468726326 7138
814850595 6283
926791961 100
26322004 8973
221496543 4959
766715945 1761
794532013 2793
248198957 3820
804635252 9543
864112786 244
452311751 2589
26265561 5525
660652072 5178
277622409 6205
108712232 4896
335910190 6871
292003699 3354
673163558 482
439686959 1205
308065252 9990
125723912 5535
568319366 858
790641659 1066
314985169 3870
166465325 7506
310396038 6054
295480819 2257
223762798 2739
343901317 4914
615838025 7086
732537119 1931
444259891 915
595261882 9404
124970007 4339
177876546 5144
805529861 7804
696971139 8741
540920492 1608
648227884 4453
164164971 3413
921665358 3899
495802742 512
209972155 2652
882213459 2593
156614653 3662
653887121 2424
590357155 1530
122248508 7796
353176906 1559
11345509 2592
19014093 2624
759530818 1664
128230217 44
49329441 453
558713669 8775
543772908 546
863808749 603
260802437 8477
504366847 813
305215999 8343
190734430 3990
635657733 1851
335545961 2423
283403024 3920
42308426 1534
300128428 1603
42960782 3659
557781632 4042
5533241 2569
833756514 685
452016012 873
374203396 8359
8873321 3409
407470124 5186
117890457 5289
564020517 357
518694763 9432
168595544 9488
852812140 1166
118113803 7803
131761151 3380
119502158 6562
776027465 263
47358851 3313
634903116 3225
885928509 2042
912035788 6388
223317413 2554
690524322 9451
745725504 376
925547345 9580
191566364 2074
285394347 8560
333639331 6116
310589276 7989
173817410 3075
819082190 4127
461458899 8388
375261769 1938
728883492 7681
782492256 3060
890674178 7463
8976058 2435
471436590 100
133082639 1531
105285229 8884
166304436 4485
431849482 2449
84240928 1848
28084954 8988
278037247 9992
449136480 3284
227630967 5590
97300622 803
426416148 1685
465795969 4856
20325499 6296
108002198 1665
97479846 4256
20737581 2313
270170268 8739
352304484 9954
116126590 8706
161852854 2795
73486939 3929
24756934 9480
46011044 752
55297921 7110
36274745 5326
390153824 1111
114330499 3657
317751646 562
425230396 3830
79956031 2292
89571099 404
73038662 4083
223282500 3294
36154622 8632
469326864 9261
165082528 4425
22482349 7582
325460833 9521
398970245 5426
332602597 2757
319060855 4876
210535735 9783
4853003 2298
227164274 4291
232238045 6596
245060483 2879
48421546 8913
333992749 3185
466013889 1176
91985740 9158
23750289 6897
196469036 7218
376983895 3631
263829096 5792
380559323 4162
30540321 3631
207121445 5393
52722738 1561
75552652 803
313775334 9582
36143341 6788
439400477 3797
162946402 9377
35222604 7212
152106974 9986
72999870 2098
279966338 8377
84491482 6143
230015769 9853
60161930 1754
47821564 2235
290812222 6770
220494721 2439
6447170 9899
326570511 2328
124575594 9549
50568546 2384
324596929 440
86724565 4079
39403394 7857
430319325 78
90327852 8109
71209459 5089
57952383 6230
380212966 5053
365072844 5801
437506619 8226
389866767 8664
151296053 3401
386684143 5708
363191572 7227
121743123 5366
451766676 3428
330277721 3499
437952725 1184
391824914 3283
101234219 6993
323916477 9078
209731846 5988
371565083 2223
727866787 16
335920252 3986
576078663 2925
644749681 6722
445042130 2249
170031653 3390
166617759 4010
31051877 3976
15064360 1673
311690564 2219
140652207 3921
282652743 5830
664397759 3323
422857457 8048
707895470 7458
675161981 4177
243545088 6951
668883511 92
564794440 1612
123006849 6666
387605917 4274
202096329 1038
398149602 4144
490290377 6079
319428032 5678
234812395 5054
283941262 2619
632264666 7545
51693430 5057
173565256 7316
491569557 7181
368589110 9202
60125548 7710
361314692 3524
214722499 808
585179166 4553
523721995 4308
340498569 8759
465731171 24
106300512 8678
475312328 2399
403536017 9194
530683196 6970
177578273 8587
164382476 2882
114645222 528
487837072 665
238099057 1870
2809768 6885
417880869 9140
143899911 2008
331807819 5167
405656287 3722
111266049 6342
308069633 6406
589601139 2050
170616241 5853
458029504 2594
491535997 9926
145634140 5241
333156320 5867
468010899 7345
411197905 9351
427600445 1210
519837549 2179
599922114 3007
381306744 3835
36473687 821
298045086 5925
488987367 8705
337779296 9081
518802936 9663
399497373 8413
385051410 2025
603663701 7964
57749417 5774
194539063 482
519039627 6531
331820380 6299
159391207 2782
271343593 5132
262134436 6994
324459676 7406
106212162 1136
322624845 3108
136566582 832
193317124 9882
247653871 1132
120468658 9759
13542064 9348
321772484 9668
361997167 8576
221900136 4843
144893324 9396
657930211 4780
287725946 4360
325065873 8338
444769714 2685
660232931 179
172433031 4019
124824103 3614
584517521 4268
598461689 4734
547968156 6896
172515244 1854
319194341 3042
456505383 548
442670812 1679
339859678 2809
146784009 2397
596999372 8
442841762 4879
437011274 8759
98990934 8400
301858661 3067
590977860 1969
523468722 3342
344546176 3361
560238576 9993
265227979 40
210928081 560
260469248 3867
243245248 7237
205558157 2503
7280714 1283
54160426 2287
162948344 8396
137821786 6865
140185675 4445
71805747 2194
21117228 8997
43167860 515
93823980 2257
152134655 5609
188514692 8753
140988630 5133
159521299 9308
226980819 539
10040331 3478
201952619 8245
19236519 1183
55585230 9845
227175871 4081
252775592 787
87328085 82
82397074 5432
181113082 8689
209747048 8972
115311639 1910
254854933 7282
210536310 7928
21374517 6940
219271308 7233
52717260 2348
66079383 8595
98298933 4011
240518176 2278
257206732 8171
214448616 22
53917233 8207
289328472 50
12629874 552
189500476 4896
225987901 8912
244703599 9518
237854544 1066
3586392 1508
281074832 2101
12445203 802
68316815 9546
159357783 9082
210811953 6930
114922541 8985
145582386 6686
280559936 6773
153376856 7082
79958548 7798
30889475 4245
258746490 9713
106792041 1838
268652804 4761
40066020 7013
190395051 173
190698239 9027
178937547 1285
287759677 1652
24550546 9981
89725013 3553
167388304 3688
159599446 3211
38674718 4835
257127487 3689
283195576 4886
184404435 4820
119746894 6149
168977625 8394
81439485 8261
226175356 1546
16345500 6923
277133933 6577
264045578 3944
13228395 488
210561562 6523
152158473 8851
261959651 1749
254072886 6787
155218143 3125
4022596 8292
118791628 123
52646759 4765
192413454 442
629719688 100
93938401 9934
564391029 7635
174669996 3203
557105300 4206
186535534 3461
91412358 4724
180853584 3310
436223060 292
516382311 4203
587787070 2556
580026289 6856
350804809 8581
37259514 1872
585119191 9741
143968273 8793
205084313 8431
292236291 8189
276647355 9801
168941518 7614
447615808 8797
441048844 4851
566612920 8175
357699499 5160
453961703 9891
472517205 4262
347509029 516
405624417 620
48393050 6685
173777299 3883
449422956 5843
574853580 4518
188164656 6745
516039024 9780
494499646 4681
461730696 8050
152180333 2077
319334658 769
386052342 2546
135721257 6150
153976560 2661
116940461 8746
369064141 3671
510554748 6107
282402778 2576
247897194 4108
552657921 5318
33836261 5179
355844655 9288
389818487 6609
297764814 7438
36330636 9673
345475418 5602
359223402 8224
276314358 9813
5286215 7339
350600355 7616
290875454 914
210940494 1925
10072572 1970
449055213 8314
9189502 7393
167100471 6817
79648753 2914
516509435 4033
245672431 8509
507992788 8886
201506668 4060
371732393 5048
48147892 8142
310910174 9587
158137472 3574
277987448 3306
433364907 2738
265673234 93
513017222 5138
517331022 7731
613744397 2220
600116354 9374
135581062 5934
41050334 7152
105762986 5499
521379485 6319
495940478 9876
492948465 5039
53766933 9264
295046615 7678
519512823 2161
29905036 7924
141802749 7648
423618397 5459
262250486 3449
304526611 5589
33208646 8123
402743879 8532
374949335 8809
2958827 1218
212854874 4794
150178409 8143
217300967 9639
34831234 8114
1000000000 100
999999960 40
999999912 88
999999964 36
999999955 45
999999981 19
999999963 37
999999909 91
999999989 11
999999939 61
999999934 66
999999921 79
999999924 76
999999961 39
999999905 95
999999913 87
999999958 42
999999947 53
999999974 26
999999911 89
999999970 30
999999965 35
999999988 12
999999962 38
999999976 24
999999998 2
999999925 75
999999932 68
999999956 44
999999990 10
999999901 99
999999930 70
999999941 59
999999919 81
999999917 83
999999983 17
999999929 71
999999994 6
999999926 74
999999992 8
999999967 33
999999943 57
999999937 63
999999938 62
999999951 49
999999933 67
999999936 64
999999906 94
999999968 32
999999987 13
999999980 20
999999975 25
999999969 31
999999916 84
999999900 100
999999902 98
999999942 58
999999986 14
999999948 52
999999973 27
999999914 86
999999918 82
999999977 23
999999985 15
999999959 41
999999978 22
999999903 97
999999935 65
999999979 21
999999993 7
999999904 96
999999950 50
999999966 34
999999972 28
999999954 46
999999923 77
999999996 4
999999908 92
999999907 93
999999940 60
999999899 101
999999997 3
999999971 29
999999949 51
999999915 85
999999995 5
999999922 78
999999927 73
999999946 54
999999910 90
999999945 55
999999991 9
999999931 69
999999944 56
999999920 80
999999984 16
999999953 47
999999952 48
999999957 43
999999928 72
999999982 18
740882246 3
237027249 345
296753898 4376
299281444 542
195741727 30
113980418 7715
65622970 633
7592180 8560
146054507 6642
81417494 2091
86367633 9565
7781040 3405
92394371 1824
32574252 7115
50558621 8930
37280913 6828
96572431 1295
20610938 6373
67738502 739
109421025 9524
112049432 2019
64186076 2423
67668128 1489
167163122 3351
97360926 594
147678746 7776
135887935 3097
140170198 5587
104839010 778
156291778 234
147055066 5058
12508617 855
37522433 457
17648265 1085
131291997 2415
965464911 100
298188221 3084
488078752 2142
935945677 2916
738960741 1423
556300640 4999
533061713 5451
921934242 5502
618373478 6602
387375649 6687
180411725 4915
78051506 6076
354436846 3819
163166675 9235
960902528 1308
707665690 5162
680543834 2090
493268992 4660
317081251 144
704223045 1122
776746051 1701
308961922 7698
490637675 6125
298842423 7376
285629477 1586
787210054 6498
836882865 8672
385250110 9010
355135324 2556
468147423 8488
902026897 2873
68962995 3623
175282581 8854
685691306 7372
98557644 644
719885964 7233
238756456 4810
686185943 5285
512329358 3891
747111086 1443
102060886 2894
440256496 9684
439453692 2681
912376473 1723
741643798 5626
712596869 5076
765219104 9428
708190898 7558
281520985 543
365907973 8492
852103223 2357
183991484 1267
731900504 6786
271043130 6204
554508156 8358
57474031 5090
528233979 7101
584738537 5515
192137190 865
621074859 6317
337786176 7551
794555736 3428
707685716 632
696337576 4873
652784493 797
925045407 269
54833889 461
103214462 8401
232204842 788
120205776 8707
547184834 2542
435742808 6943
12354286 5600
635357149 331
32280623 1912
105942945 6799
716099227 2721
579503093 594
12115309 9157
545270983 4609
381455034 2240
870184813 4737
152479669 8639
803193940 7283
134076947 2337
485556704 8075
522929982 227
362675085 6191
753605823 9628
156632096 1374
845160182 4458
195195933 9776
950314563 735
85312725 9901
394050240 7242
587436396 9738
666691598 22
656296630 6593
267328993 949
352351648 1106
788600177 1642
825830177 35
727196424 1389
8817832 7614
176736539 1246
653084419 3213
88149590 4010
779709274 2976
502992511 4251
311560280 8587
370043092 7449
311083329 9496
460469025 3320
16631880 4299
104188833 4416
230093887 4240
708665914 9230
102451977 5012
42320146 5831
288305400 5752
560034115 7479
558543635 3314
31239210 2059
512537128 2438
273769767 3291
680798350 3257
128044715 9065
714473569 9391
161711389 1536
111612221 4510
404821883 2193
13174571 7393
235911365 2494
571131603 4715
267490981 3137
537534866 8881
640215413 9825
200000 100
1476 5
9944 4
9855 5
7855 3
9521 10
4167 5
3541 9
226 9
7979 4
6505 7
5255 4
5736 10
6607 10
1951 9
5891 2
8555 7
6374 6
6696 3
9621 9
7442 10
7638 7
6666 2
9945 1
6497 9
6814 7
6857 9
4823 4
7249 9
4321 3
1151 9
1392 8
8875 10
6278 10
6834 5
8771 5
2269 8
3465 6
8484 8
8497 8
5159 4
6671 10
177 6
9306 6
4154 5
3095 4
8447 9
4060 2
2420 10
5913 3
9486 4
8853 8
8584 3
5788 4
9035 9
9260 2
6360 6
1495 4
2070 9
482 5
4482 8
584 9
2855 4
3859 4
7202 7
5000 2
7626 10
4559 2
6892 6
6992 3
6430 4
5205 6
100 8
2380 2
1900 3
5288 6
8261 4
2441 10
4249 5
3068 2
3857 3
8913 5
4788 9
6199 8
3616 9
4153 8
9450 5
7803 4
8378 10
8085 2
6296 2
260 4
6571 10
1940 5
1615 6
245 9
1282 10
5577 6
9403 3
8553 9
3915 2
200000 100
5980 3
9135 4
5000 4
8359 3
901 3
7706 8
1943 8
8387 3
2964 6
6194 2
257 8
1340 4
694 9
3476 10
346 6
2748 2
2354 5
6107 3
387 6
9340 6
715 8
9963 2
9838 3
8850 9
8506 7
4299 10
6877 9
7314 2
2148 10
4304 9
8928 10
2569 2
4778 2
3201 6
8024 6
714 8
7330 4
617 3
5051 6
3943 2
9480 3
4241 7
6574 9
3525 7
3617 10
1555 7
6712 9
4498 8
3860 9
9855 8
3884 5
2725 4
9964 1
5747 2
437 3
1149 10
1188 7
6749 6
527 2
8269 6
5179 5
3164 7
987 6
3781 2
774 2
5393 2
8820 4
451 7
4226 2
9847 5
2187 9
8530 7
9274 6
8299 6
532 10
2418 7
6927 8
866 3
2938 8
5233 10
3259 4
3484 5
3623 7
5677 7
4348 3
3996 5
4673 8
6490 6
3978 2
6965 10
8958 6
2004 6
1203 10
2294 10
7377 3
9052 3
6144 4
1332 6
7913 5
9378 9
154974920 6
111283216 3369
112694212 3206
75003036 4105
126640104 2077
62755448 4572
74930352 7762
838577045 41
641119942 9359
407922638 7493
742016951 920
51784847 5229
670129994 2349
407457116 3593
222864936 8800
420424346 6610
58876375 8483
657710002 5221
69820239 3913
451096834 8526
196440847 4487
228116508 6847
43787185 5694
23219229 4333
326570096 4568
326431738 1125
574197721 6055
808009235 6147
306430822 7737
362725715 4045
258236580 5626
145208523 587
167493343 9741
114960439 6180
635037616 7591
339139793 5216
490708330 4661
738292737 8304
267536931 9660
319047187 3393
703576349 1946
23092091 9742
296114263 8845
626688764 9540
89827718 8962
410594835 3649
197413413 9387
329476002 8443
629646437 8363
149543395 46
64999067 153
7376548 4836
89690071 5225
3932653 7213
60767102 3043
85307861 7869
144164300 9310
39735659 402
43341621 9491
27292414 9506
62774902 8256
101914241 749
50826197 493
114693558 7298
146447193 640
1061748 9717
141008274 9951
123389516 6636
107579836 2751
120821913 2299
124673701 4277
110351760 2116
85069706 5636
88804027 828
74365581 3195
101135361 2986
78654555 3309
35041272 7453
147155429 617
35634169 7384
78226314 5461
40717959 6239
90664719 8186
134760085 9265
121243589 5225
112330668 313
131766504 5954
141307804 3845
95455414 8998
18765574 448
24039926 9625
80655154 176
34477946 7224
131773105 9969
36721980 8450
80815750 1536
1000000000 100
999999949 52
999999966 35
999999907 94
999999997 4
999999993 8
999999903 98
999999931 70
999999991 10
999999975 26
999999961 40
999999969 32
999999955 46
999999915 86
999999967 34
999999940 61
999999963 38
999999946 55
999999926 75
999999982 19
999999957 44
999999977 24
999999921 80
999999980 21
999999959 42
999999962 39
999999990 11
999999972 29
999999922 79
999999973 28
999999930 71
999999933 68
999999909 92
999999965 36
999999904 97
999999968 33
999999984 17
999999906 95
999999913 88
999999956 45
999999941 60
999999950 51
999999995 6
999999971 30
999999910 91
999999944 57
999999945 56
999999916 85
999999988 13
999999934 67
999999979 22
999999981 20
999999935 66
999999900 101
999999917 84
999999987 14
999999923 78
999999958 43
999999927 74
999999976 25
999999996 5
999999938 63
999999978 23
999999999 2
999999914 87
999999947 54
999999953 48
999999954 47
999999952 49
999999905 96
999999964 37
999999936 65
999999925 76
999999989 12
999999908 93
999999918 83
999999948 53
999999942 59
999999911 90
999999992 9
999999939 62
999999902 99
999999974 27
999999943 58
999999919 82
999999912 89
999999986 15
999999901 100
999999929 72
999999998 3
999999920 81
999999983 18
999999960 41
999999924 77
999999951 50
999999928 73
999999970 31
999999932 69
999999985 16
999999994 7
999999937 64
559863333 60
263031557 481
267223223 2070
544077194 4805
237074360 8729
23103522 2871
146119793 4805
424650169 7496
411315733 8240
373942261 4259
465772944 2061
301476776 8193
458061961 524
152037551 8636
507892265 309
160142834 5602
242940412 8412
166231028 7452
231963997 7777
194509099 4097
160295373 9425
321270360 3525
348310909 2204
170473071 7813
7838363 868
291821473 3449
283460619 8769
441153125 5892
533389342 1301
420823149 8520
41456588 9459
90079309 566
499777470 1164
42135969 6883
465127073 7664
467471770 2522
12793259 6586
421754435 1908
554283163 3399
445315605 3378
310721901 438
348483562 7814
162503285 4507
217291777 5950
5223258 9527
366741483 339
462156325 2080
307377603 795
253052715 2432
506608783 9273
549936874 8921
17482552 2164
104902598 1660
302532418 8107
389623949 7244
233792198 4298
478219163 6965
437313994 614
57868991 9434
454205976 6631
235286243 187
1000000000 100
927000000 1
987000000 1
938000000 1
933000000 1
988000000 1
936000000 1
970000000 1
998000000 1
940000000 1
910000000 1
939000000 1
937000000 1
929000000 1
957000000 1
911000000 1
920000000 1
952000000 1
944000000 1
915000000 1
951000000 1
946000000 1
907000000 1
985000000 1
924000000 1
989000000 1
993000000 1
909000000 1
955000000 1
991000000 1
904000000 1
908000000 1
925000000 1
961000000 1
941000000 1
900000000 1
945000000 1
960000000 1
948000000 1
990000000 1
964000000 1
986000000 1
949000000 1
923000000 1
930000000 1
921000000 1
956000000 1
917000000 1
972000000 1
905000000 1
902000000 1
953000000 1
978000000 1
918000000 1
996000000 1
906000000 1
975000000 1
916000000 1
971000000 1
965000000 1
974000000 1
977000000 1
997000000 1
935000000 1
983000000 1
928000000 1
919000000 1
932000000 1
943000000 1
947000000 1
950000000 1
999000000 1
914000000 1
968000000 1
934000000 1
903000000 1
926000000 1
967000000 1
922000000 1
969000000 1
982000000 1
942000000 1
995000000 1
954000000 1
913000000 1
966000000 1
992000000 1
979000000 1
981000000 1
963000000 1
901000000 1
958000000 1
962000000 1
973000000 1
994000000 1
984000000 1
976000000 1
959000000 1
980000000 1
912000000 1
931000000 1
823246229 57
422159501 4237
119320555 3256
418043786 6736
516437221 9220
642878422 3688
256500176 9115
64197969 3233
786635198 8219
150709598 2728
163592295 217
651218036 4821
437372841 7716
600531627 4943
762392042 470
595123428 9712
444869555 1521
406387397 5312
235405191 7306
520326258 3763
73798665 1898
215497459 7713
501193714 6040
102244157 9737
597546070 7294
260507113 2170
271949363 4278
208366613 7359
597514033 6472
666361100 566
88444014 9035
36096337 5583
398451343 7702
483604579 928
452700817 3115
579087430 980
213896741 655
167653919 504
472242726 890
238409246 2720
247334821 5872
263081769 8881
375565933 8697
112204448 1368
566057509 4161
649715206 7721
181036536 9605
742835463 9546
651524866 4819
521961868 4592
28541713 422
480693936 3448
308310554 2566
156289189 7024
357105067 4002
95560546 7414
195749935 4359
647343374 2754
764865987 8
397860255 3475
70030271 3659
189825629 3126
336551344 7763
672930470 9734
672843720 1205
343535387 1374
649279800 4700
166689710 54
52491001 2374
138391139 2053
32535850 5659
19570745 5803
633251 3259
22762413 7812
92371877 2437
141907834 6806
121785021 3888
23295648 3343
76555114 5949
121212097 7100
26372534 5525
624334 701
91460750 8821
39576262 1054
143757440 7414
129439140 5117
10125056 70
124120925 7714
43674680 9282
90963053 2734
23100913 4237
59582680 8083
107169172 2035
15259767 8189
94807867 9385
31526450 8748
24337712 1287
141446297 6094
123908603 8893
34261978 9200
105145832 8431
71044380 8124
102145122 342
127031891 3515
134614398 6487
164050740 1479
151061204 3544
44336429 4942
15983516 8928
92483966 5393
69742409 1303
6727495 224
22601134 2431
44172067 3138
145253611 7981
4974759 9893
118745830 6482
127105772 8648
18145308 2047
33679542 5673
68801432 3907
88357796 5722
859196423 1
454271841 9310
573858606 55
554200383 7041
258406144 4872
234694636 5846
445587155 5369
552941496 6996
182064390 6857
277466165 9508
57480458 7271
168140606 7951
362898308 8788
286199045 6872
170279586 1999
376685119 913
142473381 5315
302465180 3488
398352840 7787
176414356 7634
67343068 6930
158636991 2984
253901706 8761
393798671 982
285592468 5435
568892065 3115
191524923 7856
482790122 4681
178173316 3352
152800441 4479
456884979 2867
134711393 2956
403918831 221
229059182 9043
268873275 4959
307498465 9692
62710514 3108
30121216 3248
66201280 5121
396176617 4685
132807090 3746
231208835 7847
179902573 6717
551557259 6682
470888215 8319
317973523 4066
249993215 8396
54645849 9558
40454448 4559
479078213 7547
572464414 4000
479827677 8776
3031626 8974
122355649 607
553563139 9880
240099838 1758
88683962 3192
112781060 3815
1000000000 1
999999999 10000
1000000000 1
1 1
635146495 55
539756882 8807
302638255 1387
134799564 4994
511034529 3546
230299123 9666
604476002 35
151507036 4430
316915208 1565
480228538 3632
401273451 4827
234300813 2291
53404656 4023
20491130 5458
463540905 7636
267832831 8908
338772127 8095
421077335 692
330469968 4610
482108117 1269
83480831 470
280581527 6538
318445673 5838
265803605 1390
506515322 7662
91168659 5593
84298330 5833
390918952 9870
576856815 8374
308006886 6702
51916644 5662
41642179 8845
411318133 5580
502691610 8036
22985420 1688
324001353 8409
543746087 5612
314657812 284
112648366 1792
52564801 4822
367234995 4889
102200202 9230
72145952 3025
517142990 6296
408519454 9304
66633855 3424
529325407 5180
437154794 407
266798927 2002
23793508 9954
295300830 6794
42865323 3412
628657882 5007
473790222 549
499151885 9564
463196783 7331
2 1
1 10000
283245523 47
103287992 9268
149074140 8685
126291726 8532
265649231 5122
136583924 57
58354947 3936
190984969 428
67302775 1216
259290592 8408
221134991 8720
39757430 3963
24610788 9675
26060240 1409
151364296 6495
281666813 3371
85336060 9018
277191109 4159
229472694 7441
118176924 3767
247827490 788
146278732 4851
20651216 1443
106952842 2777
117681246 3944
34884089 1961
41459718 688
38913355 10000
271772038 2577
235231910 896
272551610 2511
236444283 7294
63379309 9066
246608831 365
166352188 3876
166283781 9438
262275479 7799
31652431 7359
274868351 8923
149212850 2619
263345323 6809
188752228 318
214668021 2313
7059689 2275
215562253 3155
89390402 4904
163615787 6391
72894180 1003
298121515 40
113788115 6465
229019191 5897
62597588 769
185266312 6531
130341867 8411
180729254 5176
215081019 8175
137259797 8982
190871314 4366
139276202 5026
209156671 4868
180600977 9690
5814216 9659
232945850 4213
201236810 2114
131124192 9772
694771 6020
150951054 5522
131503608 312
271505836 5554
51182520 4580
219842610 9118
93259258 8996
219628138 4875
150971887 6514
225946196 3714
85791183 2362
88380154 7931
180706540 7314
30453167 1944
94165977 860
247932400 398
260658986 3831
203866822 88
229872380 8981
285511251 9569
198237145 5876
173933100 2144
62225947 7088
285611305 5092
865111469 4
520614771 9284
679112353 8812
776315844 7505
401524144 9163
1000000000 100
2400 833
2000 1000
6100 10000
5600 357
3200 625
6000 333
3700 10000
7300 10000
8400 238
4900 10000
9500 10000
6200 322
3600 555
3000 666
500 10000
4500 10000
1900 10000
5900 10000
100 10000
2900 10000
1500 10000
1200 1666
7000 285
9200 217
4600 434
6900 10000
1600 1250
5100 10000
9300 10000
4100 10000
8600 232
9600 208
7400 270
10000 200
6600 303
9900 10000
8800 227
2100 10000
6400 312
5800 344
400 5000
9800 204
2300 10000
200 10000
4000 500
1800 1111
700 10000
3300 10000
8500 10000
9100 10000
3100 10000
2700 10000
9400 212
5400 370
8200 243
9000 222
800 2500
6700 10000
600 3333
8100 10000
4800 416
2200 909
7200 277
5700 10000
7700 10000
7600 263
7100 10000
7900 10000
3500 10000
4700 10000
6300 10000
8300 10000
2500 10000
300 10000
3400 588
5200 384
6500 10000
4400 454
9700 10000
1100 10000
3900 10000
1300 10000
5000 400
2600 769
7800 256
8000 250
4300 10000
1400 1428
1000 2000
5500 10000
8700 10000
4200 476
6800 294
3800 526
1700 10000
2800 714
7500 10000
8900 10000
900 10000
5300 10000
175342482 20
13890497 9037
130646698 5313
161854284 5295
48605407 7963
63825323 3714
168224236 6189
70204792 7888
94984117 1807
97514990 8044
23453168 6790
3654336 2535
82183722 3407
134533396 4711
46350168 3791
163226613 1652
24494606 2121
125868134 5925
57531677 2762
99935165 7562
23814589 5804
267567767 79
38851432 5169
164303035 3090
63512509 584
57115802 7620
175642579 2166
222721252 2502
93296920 7775
203811209 2287
238617987 8300
112890626 3510
178386800 6171
123256113 5547
29266072 6414
86230969 5964
222107444 637
169538265 4426
24346510 8489
48325435 4748
131299412 6820
128436984 5831
142596091 8388
238824709 2141
194808376 6629
146639707 7263
8526342 1909
109103791 3007
233292910 8472
156439246 920
146983274 681
106785723 6845
44699962 9086
140294370 8126
234661749 6953
73243819 4792
250212127 8653
78309703 7962
149623743 9502
194600638 4331
149451010 939
168605383 1933
170598719 6460
47775583 3889
227317519 527
124996287 6513
210048975 3392
111959852 2682
73765567 8637
120089527 3225
30759923 4671
185041361 4789
253713432 6259
159891447 7595
230435049 9139
191911568 7953
189748998 3370
7489208 8305
262435595 2027
152374073 7361
79487554 7095
185060881 2707
51958425 9861
109588667 716
263904155 2038
40943303 6298
235645611 4032
12548267 631
10317356 8014
5718772 412
245675405 2945
251193199 7441
141623375 5598
107371203 948
80155206 1145
184809435 8864
119911881 1899
130693899 817
58978561 6634
254289407 566
77205646 4267
