99
2525 1
2400 5
300 2
120 60
60 90
134481443 1
119367054 613
607165530 1
113626003 6643
836743938 1
135409016 7172
996995473 1
288779935 7715
881280265 1
120611093 4338
258739158 2
123071449 1209
122066424 6183
11069876 1
10668068 8748
489622316 1
325205043 5928
247652857 1
78730053 4517
802034218 1
272234818 2828
500598357 1
132768428 9424
1000000000 2
998000000 10000
999000000 10000
1000000000 1
999999999 10000
1000000000 1
1 10000
271427632 1
87481839 4157
81147445 1
31257464 3630
191404423 1
149609448 8386
267410551 1
120449351 4421
682841796 1
674266653 317
141130804 1
75201440 7488
411441461 1
884585 147
504682801 1
94647660 1669
702329212 1
159136919 812
967091781 1
324240624 1896
573631620 1
277830800 7123
290328980 1
129860132 3734
563791565 1
518221200 9941
881069548 1
473287239 5292
850753176 1
108386524 2551
308868539 1
298223667 6879
212617583 1
186109737 7568
1000000000 2
100 10000
200 10000
177466337 2
47056626 107
54614792 3143
216557646 1
39305360 7569
200000 2
5001 1
5000 9
1317064 1
311219 369
44245926 1
19650232 5885
190030018 1
88139875 9671
135242380 1
57432530 6780
1000000000 2
998000000 1
999000000 1
1000000000 1
999999999 1
557466057 1
98485845 1129
811075590 1
737416652 8414
1000000000 2
999999997 2
999999996 3
506865226 1
175908005 3430
306323356 1
198799943 4815
2 1
1 1
319771751 1
42542348 1500
317778216 1
41247048 9953
208617180 1
131117824 2561
722694109 1
417478976 854
450709942 1
255724499 71
505106915 1
119243259 5791
589573849 1
24884183 1455
1000000000 1
1 1
1000000000 2
2 2
1 3
456724495 1
214372834 9294
330606586 1
329014288 4200
39591182 1
27482268 8334
1000000000 2
999999999 2
999999998 3
992644862 1
399913813 1548
577092000 1
314958468 9660
210681557 1
171136157 3270
580967220 1
142031305 3254
1000000000 2
12345675 3
12345676 2
331250146 1
304346320 9227
57984027 1
20020029 7383
705814032 1
580775266 9593
808296711 1
583974202 2685
446980879 1
138724471 6151
991527059 1
689290697 5456
728402762 1
675299191 2227
480829188 1
340918429 2422
702581266 1
479414406 117
288929514 1
7045315 9014
416062471 1
30685991 8674
271640615 1
74807201 3046
680794760 1
413967993 5024
397116299 1
328604622 617
311969117 1
268275483 3078
1000000000 2
999999998 2
999999997 3
602820095 1
460352511 9160
482123579 1
1852824 6370
21900592 1
15456096 4022
25959315 1
8512907 9733
285255459 1
6573339 7160
638599430 1
195934630 4688
619657720 1
274517707 437
2 1
1 10000
823780392 1
636022139 4892
485274917 1
95847803 1499
617287633 1
100450829 1121
451965216 1
398848790 6957
824369657 1
392013885 7089
303410389 1
265692777 5959
856277304 1
659652366 8035
732710544 1
300194550 6872
