20
19 253 145 -149 222 404 364 -309 -104 320 -608 520 -1 -745 1121 -503 -478 988 -403 -259 190
10 11 2 -2 9 16 13 -20 19 1 -24 19
13 -144 210 -90 265 66 -235 -186 -6 166 336 -71 -734 -74 437
6 8 -9 -2 -2 -20 10 19
20 1000 1000 1000 1000 1000 1000 1000 1000 1000 1000 1000 1000 1000 1000 1000 1000 1000 1000 1000 1000 1000
0 1
19 -66 -13 -96 114 471 -36 -364 -352 -1275 337 128 -148 233 -221 -192 1096 -1196 107 262 -273
11 -6 -11 -24 -25 7 18 5 4 -22 17 -3 -13
1 1 1
2 1 2 1
4 -225 -81 135 -144 171
4 -25 -9 15 -16 19
13 60 -4 117 -39 365 240 157 -362 -535 -112 361 355 479 25
3 10 11 19 1
2 1 2 1
1 1 1
8 -60 312 -112 -120 0 52 544 -40 -288
1 -20 -16
7 184 276 -178 -710 -163 747 920 396
2 -23 -23 -18
2 1 0 -1
1 1 1
4 360 216 -522 378 -108
1 18 -9
20 -20 1 1 1 1 1 1 1 1 1 1 1 1 1 1 1 1 1 1 1 1
1 1 -1
20 1 1 1 1 1 1 1 1 1 1 1 1 1 1 1 1 1 1 1 1 1
0 1
6 -247 225 123 -362 421 -199 39
4 -13 5 18 -13 3
3 0 0 0 1
2 0 0 1
9 -98 126 -84 -154 -14 154 308 154 126 -98
0 -14
13 -69 -210 288 90 30 285 210 -333 -342 -318 -261 -174 -18 -168
12 -23 22 8 -2 18 23 -22 -23 -22 -18 -15 2 -14
20 1 1 1 1 1 1 1 1 1 1 1 1 1 1 1 1 1 1 1 1 1
1 1 -1
16 98 -469 646 -524 140 -363 383 -1080 -136 71 -176 130 -360 -289 191 214 525
12 -7 22 -3 11 20 15 -19 13 19 -8 8 -9 -25
