100
2 5.0000 99.9000
30.0000 99.8999
20.0000 99.7000
1 23.9431 99.9000
6.7854 99.9000
2 0.0007 72.2964
99.9996 72.5699
99.9996 66.2333
2 100.0000 65.1586
0.0001 65.1587
99.9999 65.1586
2 0.0001 0.1000
0.0001 0.1002
0.0001 0.1001
2 99.4808 76.9326
99.9999 76.9326
100.0000 76.9326
2 0.0006 27.6220
99.9996 48.2706
99.9992 6.9734
2 99.9996 78.3377
0.0010 78.2221
0.0002 95.3286
2 39.6575 34.9454
87.4179 34.9454
0.1718 34.9454
2 99.9994 37.8179
50.3769 37.8179
99.9997 23.6379
2 99.9990 49.8462
0.0005 30.2286
0.0001 50.0472
2 0.0009 14.9575
99.9990 93.4488
99.9998 14.9575
2 0.0007 86.6931
99.9994 69.0681
0.0001 86.6931
2 21.5977 14.9668
0.0002 14.9668
0.0001 14.9668
2 99.9998 91.1489
0.0008 77.4395
99.9997 91.4269
2 0.0001 77.2831
0.0001 97.3911
0.0001 57.1751
2 0.0002 54.3650
99.9996 54.8674
0.0005 12.1297
2 99.9998 31.6028
99.9992 25.5817
0.0011 37.6238
2 47.9420 98.8561
16.5641 3.6061
94.4814 3.3058
1 10.0000 50.0000
0.2000 50.0000
2 0.0004 67.6226
99.9997 81.4992
0.0007 67.5426
2 99.9995 69.7054
30.9112 87.6796
0.0011 51.7312
2 100.0000 88.3983
99.9999 88.3984
0.0001 88.3983
2 0.0007 19.0691
100.0000 53.0970
0.0007 19.0691
2 0.0003 24.7651
0.0001 20.1239
99.9991 24.7651
2 0.0004 60.2007
0.0006 60.1152
0.0011 75.7000
2 33.0274 99.9000
34.6316 50.1762
75.5445 35.1494
2 0.0009 39.8194
99.9997 85.6050
99.9998 39.7621
2 99.9995 16.6120
0.0005 16.6120
99.9994 40.1331
2 99.9995 63.8753
99.9993 63.8753
99.9997 64.8269
1 4.1729 36.6050
62.5888 34.4141
2 0.0009 64.8093
0.0002 51.9955
99.9993 77.6231
2 99.9992 75.1215
99.9997 84.6723
99.9999 75.0414
2 21.3597 42.4248
3.9806 12.7209
55.9914 42.4245
2 99.9991 40.5455
0.0011 25.0813
0.0009 56.0097
2 59.1081 96.8236
85.9566 98.5488
45.9915 93.5993
2 0.0007 49.0217
48.9359 47.9517
99.9991 49.0217
1 59.3840 1.3982
38.1197 1.3982
2 0.0006 58.7734
99.9996 71.5603
0.0004 58.7734
2 0.0010 13.3949
0.0005 69.6378
0.0006 13.3773
2 99.9990 74.2672
0.0004 61.4464
99.9991 87.0879
2 0.0001 0.1001
0.0001 0.1003
0.0001 0.1000
2 0.0007 35.7302
99.9995 35.7302
100.0000 49.5738
2 35.2125 5.3586
40.7513 8.7954
48.4766 2.4695
2 99.9991 3.0995
99.9995 3.0953
99.9997 29.9715
2 99.9992 79.0200
99.9998 79.2389
99.9994 63.8115
2 0.5512 0.1000
77.9737 0.1000
49.1025 95.4085
2 99.9999 92.7870
0.0005 64.0332
99.9995 92.7870
2 0.0007 88.3307
0.0006 41.8567
52.4837 89.2106
2 99.9996 38.8197
0.0005 38.8197
0.0007 93.8662
2 0.0006 35.3948
0.0004 71.8475
0.0009 35.3948
2 0.0011 98.3768
0.0002 98.3768
99.9992 95.3395
2 79.1943 31.4280
96.2818 4.7841
68.2987 2.5240
2 99.9995 83.0348
0.0001 59.5707
0.0006 83.0348
2 99.9993 53.9558
99.9997 53.9558
100.0000 47.8009
2 0.0009 46.9825
99.9992 42.7667
99.9995 51.1983
2 85.4285 74.3463
99.9999 74.3463
100.0000 74.3463
1 64.3618 37.9103
39.0866 37.9097
2 0.0007 49.2843
99.9992 40.2089
99.9997 58.3596
2 99.9997 0.7146
99.9996 0.7137
0.0004 60.7371
1 60.2397 27.3216
42.2036 37.4475
2 100.0000 91.5999
99.9997 85.9209
0.0001 91.5999
2 0.0001 31.0877
28.0680 47.8750
48.4812 14.3003
2 99.9999 26.2164
99.9992 17.0066
99.9992 26.2164
2 99.9992 1.2648
0.0004 1.2633
99.9991 91.2941
2 100.0000 75.6127
70.0263 75.6127
27.0364 27.7990
2 72.7670 0.7963
64.3766 8.7215
21.7639 8.7215
2 99.9999 59.7894
0.0010 9.5650
99.9998 59.7894
2 0.0006 35.1794
100.0000 35.1794
0.0003 57.0575
2 99.9991 44.9823
99.9998 47.9713
99.9991 41.9934
1 68.0110 99.9000
20.3904 99.9000
2 100.0000 65.1587
0.0001 65.1587
99.9999 65.1586
2 0.0010 24.4764
0.0007 24.4764
0.0010 56.8240
2 58.5871 92.8914
0.0009 7.6487
99.9992 92.8922
2 98.0850 0.1000
25.1523 91.0982
34.7577 35.4815
2 99.9991 84.6386
0.0011 84.5460
0.0007 94.6251
2 99.9996 3.7189
0.0007 3.7189
0.0010 93.9116
2 100.0000 88.3984
0.0001 88.3983
99.9999 88.3984
2 0.0010 42.0087
0.0007 68.1456
0.0001 15.8718
2 0.0011 67.7047
0.0005 67.7047
0.0011 6.9987
2 0.0006 13.7452
99.9999 7.1967
99.9995 13.7452
2 0.0001 33.1079
99.9996 56.3762
0.0003 33.0719
2 0.0011 41.9824
100.0000 41.9822
0.0004 34.7018
2 100.0000 55.5549
4.7469 81.7306
15.2469 29.3793
2 0.0004 44.3558
99.9999 85.5067
0.0003 3.2048
2 0.0002 6.7589
99.9996 38.3305
0.0002 6.7600
2 99.9999 81.7160
0.0008 94.9089
75.1811 81.7160
2 0.0002 86.3751
63.7313 86.3751
0.0009 97.3882
2 30.0000 65.4321
0.0001 50.0000
100.0000 99.9000
2 0.0010 42.1179
100.0000 42.2622
99.9999 41.6475
1 26.9732 55.0600
72.7670 75.7813
2 0.0001 68.1782
100.0000 78.8091
0.0009 57.5472
2 58.1512 50.4083
85.5790 50.4094
1.6355 68.9551
2 99.9999 43.6311
99.9996 43.6311
0.0010 10.9766
2 99.9995 28.7422
80.3785 0.1692
99.9999 28.7422
2 0.0010 65.6048
99.9991 65.6048
99.9996 30.1832
2 99.9994 79.8756
99.9995 79.9690
33.1125 22.5099
2 99.9998 44.9488
0.0006 1.6677
99.9997 44.9488
2 99.9996 15.3518
99.9991 0.7948
0.0008 15.3518
2 0.0007 97.2098
0.0005 52.6335
0.0001 98.0382
