100
2 0.0001 31.2261
23.0186 38.0386
10.8664 24.4136
2 59.1081 96.8236
85.9566 98.5488
45.9915 93.5993
2 100.0000 58.5800
0.0007 59.1078
99.9994 10.0845
2 0.0001 0.1001
0.0001 0.1003
0.0001 0.1000
2 0.0002 55.2793
0.0009 1.8568
99.9994 55.2793
2 99.9996 42.0653
100.0000 42.0653
0.0005 0.9479
1 57.8116 8.7290
20.9341 8.7290
2 99.1933 25.5057
42.2133 25.5068
25.5150 64.4288
2 0.0001 77.2831
0.0001 97.3911
0.0001 57.1751
2 0.0009 40.5332
0.0005 18.6027
0.0006 40.9247
2 99.9992 41.1335
76.0306 24.0059
0.0002 58.2612
2 46.3273 99.9000
64.5738 95.2312
58.7388 99.9000
2 99.9993 39.8689
100.0000 51.0030
99.9992 28.7348
2 0.0010 20.0046
99.9993 19.9838
99.9993 98.7029
2 0.0011 21.2765
99.9996 21.5134
11.1103 21.0395
2 99.9994 34.7706
0.0004 56.1097
0.0002 13.4315
2 0.0009 90.4954
99.9990 90.4954
99.9991 78.2675
2 99.9999 95.2748
0.0002 73.8432
99.9997 95.2748
2 0.0002 99.6642
0.0009 99.8008
99.9994 30.3466
2 100.0000 75.6127
70.0263 75.6127
27.0364 27.7990
2 0.0005 11.9312
0.0005 11.9143
20.7616 14.7160
2 99.9993 83.7746
0.0008 43.0179
0.0004 83.7746
2 0.0008 21.0829
99.9998 21.0829
99.9996 56.3674
2 99.9998 80.2845
0.0009 20.6275
0.0008 81.0219
2 100.0000 65.1586
99.9999 65.1586
0.0001 65.1587
2 40.4768 72.7472
28.7089 80.2841
67.2635 63.9404
2 0.0002 51.0029
0.0007 34.2811
0.0004 67.7248
2 5.0000 99.9000
30.0000 99.8999
20.0000 99.7000
2 99.9995 9.4064
99.9997 97.1088
100.0000 9.4064
2 0.0011 20.1839
99.9992 20.1839
0.0010 37.1197
1 83.6629 97.6710
85.1711 97.6705
2 99.9990 60.2765
99.9994 15.2006
99.9999 60.2757
2 24.3654 4.5449
84.1778 57.5658
63.3832 53.5839
2 99.9998 25.9006
0.0006 59.0152
0.0007 25.8626
1 82.9736 0.1000
75.6576 79.3704
2 0.0009 7.6529
0.0007 7.6529
37.0691 35.3560
2 0.0008 65.2440
0.0007 28.3075
0.0001 65.2440
2 100.0000 91.2714
8.5480 86.4129
58.5831 96.1300
2 99.9996 97.6069
0.0006 90.5586
99.9993 97.6069
2 99.9993 51.8216
99.9994 43.8038
99.9992 51.9294
2 99.9992 28.0530
99.9993 28.0530
99.9998 72.3559
2 0.0007 54.1362
99.9993 54.0576
0.0007 95.6070
2 99.9997 11.4835
99.9994 31.4504
0.0001 11.4835
2 0.0006 74.1829
99.9996 97.2793
99.9998 74.1829
2 99.9994 34.9712
99.9996 34.9722
99.9997 35.5540
2 100.0000 88.3984
0.0001 88.3983
99.9999 88.3984
2 3.7431 94.8172
96.5827 71.4427
24.1581 71.4427
2 99.9995 34.8760
99.9993 34.8355
99.9996 72.7347
2 99.9995 28.7422
80.3785 0.1692
99.9999 28.7422
2 0.0009 56.6417
99.9992 97.0589
81.7864 16.2245
2 99.9995 56.0496
99.9997 30.7098
0.0008 81.3895
2 99.9996 72.9204
0.0003 72.9204
99.9999 37.6441
2 0.0009 8.6544
0.0007 8.6415
0.0009 50.8258
2 16.9762 9.7230
0.0004 7.3281
99.9999 9.7230
2 99.9997 40.4973
99.9996 40.4973
39.2873 67.7979
2 99.9990 63.6920
0.0005 75.9526
0.0002 63.6920
2 100.0000 37.4471
0.0008 75.1309
0.0001 37.4471
2 24.1461 84.7807
100.0000 84.7807
99.9999 84.7807
2 0.0005 37.5321
99.9994 74.1409
99.9997 0.9233
2 0.0010 64.7908
99.9998 68.9262
99.9993 64.7908
2 2.1845 99.9000
9.7281 99.9000
87.4606 26.4791
2 0.0006 37.9623
99.9993 38.9255
0.0007 37.9623
2 99.9998 44.9488
0.0006 1.6677
99.9997 44.9488
2 0.0010 75.1331
0.0010 45.5581
34.4283 75.1331
1 94.9591 99.9000
35.3784 75.7407
2 0.0005 96.7646
99.9993 78.5169
99.9990 97.5622
2 0.0001 0.1000
0.0001 0.1001
0.0001 0.1002
2 0.0011 36.6623
0.0006 36.6125
100.0000 76.7325
2 37.2114 12.1924
30.8889 12.1924
5.0023 12.1924
2 99.9991 76.2955
99.9998 35.7772
0.0001 76.5941
2 100.0000 10.1405
99.9996 10.1275
0.0007 57.2266
2 99.9998 39.2848
100.0000 3.3809
29.2097 39.2848
2 100.0000 88.3983
99.9999 88.3984
0.0001 88.3983
2 0.0011 32.7471
92.9293 31.4918
99.9994 32.8221
2 58.4381 15.6358
8.4135 96.4144
61.5365 4.5914
2 0.0005 51.8213
0.0001 6.4563
99.9997 97.1863
2 39.5456 90.6930
0.0002 90.6930
0.0001 90.6930
2 99.9992 32.9998
99.9998 32.9998
99.9998 26.9452
2 0.0011 55.6696
0.0011 55.9693
0.0005 9.3805
2 99.9990 40.4589
99.9991 56.5375
99.9998 40.4589
2 99.9998 74.8457
0.0008 74.8457
0.0007 23.5594
2 99.9993 16.6715
99.9996 16.3052
0.0005 17.0378
2 0.0009 8.6209
0.0008 91.0810
0.0009 8.6209
2 0.0009 39.4896
0.0010 39.4896
0.0008 25.9966
2 100.0000 65.1587
99.9999 65.1586
0.0001 65.1587
2 99.9993 25.8319
0.0007 29.8869
0.0001 25.8319
1 10.0000 50.0000
0.2000 50.0000
2 99.9990 28.9031
100.0000 28.9865
99.9993 14.3420
1 35.7496 22.5037
69.7618 20.0147
2 99.4808 76.9326
99.9999 76.9326
100.0000 76.9326
2 30.0000 65.4321
0.0001 50.0000
100.0000 99.9000
2 99.9998 59.2916
99.9999 59.2250
58.8560 63.0321
2 0.0004 27.6540
0.0008 60.5596
96.7730 27.6540
2 9.8381 47.7254
33.5365 32.6476
10.1468 21.1434
2 6.9413 55.4439
12.2519 6.9184
65.9502 55.4432
2 0.0004 21.4082
0.0002 21.4082
99.9993 82.8878
2 46.2084 0.1000
95.2774 27.7019
13.6555 0.1000
2 0.0010 80.9791
99.9992 80.9791
0.0008 15.1566
2 0.0007 59.5779
99.9998 21.8915
0.0009 97.2643
2 0.0011 72.7604
99.9995 64.7189
99.9991 72.7604
