100
100 500 10
0 1 63 2
32 5 99 7
0 10 58 11
7 13 99 15
0 18 81 18
22 21 99 23
0 26 77 27
9 30 99 31
0 32 76 33
48 36 99 38
100 500 10
25 0 61 122
53 217 54 256
29 141 33 460
47 236 51 498
81 147 99 214
79 76 80 348
73 13 74 289
66 296 75 316
13 118 20 431
3 214 4 436
17 151 10
1 58 13 115
14 57 15 64
1 16 5 56
7 17 10 35
9 133 9 138
4 139 12 140
9 116 15 128
4 4 8 15
16 113 16 136
10 39 13 43
100 500 10
8 331 67 342
36 117 39 160
57 112 73 315
79 198 90 445
18 11 19 91
10 210 50 317
73 35 80 81
31 2 68 49
44 389 64 489
75 205 76 352
23 110 4
10 1 20 106
2 19 3 35
3 76 6 91
8 13 8 61
45 124 9
3 5 34 34
39 62 40 113
4 54 19 61
16 40 28 50
26 59 28 99
39 32 40 52
12 40 13 44
28 115 42 123
0 31 1 35
53 102 6
21 94 41 100
39 50 47 81
7 9 16 68
22 7 34 56
18 33 18 62
4 69 6 99
96 471 1
0 134 95 198
32 250 1
0 3 31 26
100 500 10
59 4 64 486
35 5 52 417
85 118 86 208
9 356 11 483
70 110 78 124
89 64 97 187
14 298 34 399
76 403 94 423
7 132 10 208
55 68 58 162
100 500 10
83 37 99 450
24 82 62 447
49 58 69 60
14 350 16 475
67 153 68 443
68 71 77 88
18 1 18 17
18 414 23 424
3 54 13 167
29 10 47 28
54 459 1
0 157 53 168
64 247 9
21 137 23 180
40 27 50 203
26 100 29 163
12 2 19 44
35 92 39 176
6 113 11 180
30 49 35 74
58 15 63 27
5 63 23 64
59 89 1
15 67 51 86
65 453 10
0 75 10 75
19 75 29 75
55 75 64 75
9 150 52 150
0 225 10 225
15 225 25 225
55 225 64 225
13 300 56 300
0 375 10 375
13 375 23 375
62 340 8
8 41 58 224
9 228 56 238
12 265 59 322
3 21 6 104
13 5 20 30
40 243 61 253
14 239 29 264
32 2 39 26
8 353 4
0 96 1 184
2 49 2 96
3 7 5 96
6 7 7 30
100 500 10
25 266 56 393
81 148 91 383
45 1 62 63
38 3 43 48
63 130 94 145
2 325 18 328
92 211 95 294
43 155 78 183
5 48 19 238
28 178 32 243
20 97 9
1 33 14 63
5 83 10 89
0 16 13 16
15 67 16 89
0 19 12 29
11 75 12 87
17 87 17 94
5 67 6 81
4 3 15 5
22 84 7
0 16 2 64
6 10 8 23
10 1 16 49
19 12 20 26
4 4 9 9
5 43 9 60
16 60 20 79
35 99 10
7 27 18 87
0 0 28 7
19 22 21 96
6 11 6 81
29 48 32 89
10 12 17 25
24 38 29 40
0 89 12 93
2 16 4 59
1 67 5 68
81 286 10
0 46 13 46
25 46 38 46
68 46 80 46
9 93 63 93
0 140 13 140
22 140 35 140
68 140 80 140
9 187 63 187
0 234 13 234
16 234 29 234
64 414 5
43 43 61 74
35 35 40 229
4 176 17 204
41 211 53 281
30 101 32 362
64 414 6
51 97 61 231
11 122 42 259
13 67 53 88
1 273 6 383
58 58 63 93
43 204 46 257
95 347 10
0 57 15 57
30 57 45 57
80 57 94 57
16 114 79 114
0 171 15 171
19 171 34 171
80 171 94 171
11 228 74 228
0 285 15 285
22 285 37 285
100 500 10
11 38 16 191
20 201 22 302
74 331 91 451
9 331 36 367
67 45 98 191
41 222 55 327
17 180 19 260
1 184 7 497
52 397 69 496
72 11 88 24
8 14 3
0 0 5 8
6 8 6 8
7 6 7 8
89 385 9
2 73 77 361
15 4 80 46
82 130 88 225
52 66 56 69
33 48 46 57
79 182 81 379
31 362 43 371
50 367 77 380
4 44 6 60
10 10 10
8 0 8 0
3 1 3 1
1 2 1 2
6 3 6 3
0 4 0 4
4 5 4 5
7 6 7 6
9 7 9 7
2 8 2 8
5 9 5 9
91 9 1
0 2 90 3
69 42 3
23 17 45 37
20 11 31 15
1 28 18 32
10 10 10
2 0 2 0
5 1 5 1
6 2 6 2
8 3 8 3
3 4 3 4
0 5 0 5
7 6 7 6
9 7 9 7
4 8 4 8
1 9 1 9
100 500 0
64 356 10
0 58 10 58
18 58 28 58
54 58 63 58
11 117 53 117
0 176 10 176
15 176 25 176
54 176 63 176
10 235 52 235
0 294 10 294
16 294 26 294
92 296 4
10 184 53 251
51 21 61 147
46 83 48 147
85 137 88 277
10 10 10
5 0 5 0
3 1 3 1
6 2 6 2
8 3 8 3
2 4 2 4
0 5 0 5
7 6 7 6
9 7 9 7
4 8 4 8
1 9 1 9
100 62 0
47 42 1
0 10 46 17
55 339 10
0 53 9 53
15 53 24 53
46 53 54 53
10 109 46 109
0 165 9 165
16 165 25 165
46 165 54 165
9 221 45 221
0 277 9 277
16 277 25 277
85 194 3
66 68 84 84
5 95 41 153
17 29 23 71
10 10 10
3 0 3 0
9 1 9 1
1 2 1 2
0 3 0 3
4 4 4 4
6 5 6 5
7 6 7 6
5 7 5 7
8 8 8 8
2 9 2 9
100 500 10
62 278 92 399
7 155 30 491
40 18 43 235
46 69 90 257
37 390 59 437
54 266 78 267
31 409 34 464
84 420 93 426
36 249 38 287
46 369 58 379
93 46 0
97 343 7
9 162 39 186
51 46 80 226
6 197 20 255
12 45 22 120
33 268 59 311
41 238 56 251
4 312 32 313
24 269 5
3 214 14 235
1 55 5 160
11 46 19 98
9 47 9 158
19 118 22 262
87 65 1
0 13 86 17
54 416 1
0 410 53 410
10 10 10
0 0 0 0
2 1 2 1
5 2 5 2
9 3 9 3
1 4 1 4
6 5 6 5
4 6 4 6
3 7 3 7
7 8 7 8
8 9 8 9
100 500 10
0 1 75 1
11 2 99 2
0 4 90 4
10 5 99 5
0 8 90 8
11 9 99 10
0 11 97 13
31 14 99 16
0 19 72 21
39 22 99 23
28 24 10
5 13 20 19
8 0 24 10
1 21 16 23
1 7 2 10
27 11 27 13
8 12 21 12
21 14 23 17
25 9 26 11
5 1 7 11
5 20 23 20
100 500 10
0 1 63 3
44 4 99 5
0 7 86 8
24 9 99 10
0 13 52 14
33 15 99 15
0 16 83 16
42 17 99 19
0 21 93 23
37 25 99 25
38 180 1
0 57 37 71
80 341 10
0 53 13 53
22 53 35 53
67 53 79 53
17 109 70 109
0 165 13 165
24 165 37 165
67 165 79 165
16 221 69 221
0 277 13 277
15 277 28 277
10 10 10
3 0 3 0
5 1 5 1
0 2 0 2
4 3 4 3
8 4 8 4
1 5 1 5
2 6 2 6
9 7 9 7
6 8 6 8
7 9 7 9
100 500 10
0 1 79 3
42 6 99 8
0 9 75 11
0 12 99 14
6 15 99 15
0 18 72 18
43 21 99 22
0 25 91 26
2 28 99 28
0 31 62 31
54 15 10
12 3 42 4
21 6 39 7
2 5 20 6
8 11 9 14
20 8 46 14
21 0 39 1
46 4 49 4
10 1 17 2
0 4 1 4
3 9 13 10
9 399 3
1 91 2 272
5 264 8 364
0 3 3 7
100 500 10
0 1 63 2
29 4 99 4
0 5 99 6
17 9 99 11
0 14 71 15
37 18 99 19
0 21 69 21
24 22 99 22
0 25 68 26
33 27 99 29
7 252 4
0 38 2 113
3 38 3 93
4 21 5 93
6 93 6 117
100 500 10
0 1 50 3
48 5 99 6
0 9 73 10
17 12 99 12
0 13 84 15
35 18 99 18
0 19 79 19
46 22 99 24
0 26 95 26
47 27 99 29
83 407 10
0 67 13 67
24 67 37 67
70 67 82 67
17 134 72 134
0 201 13 201
24 201 37 201
70 201 82 201
9 268 64 268
0 335 13 335
25 335 38 335
83 72 5
36 35 55 45
49 5 63 8
27 1 43 29
63 64 81 70
57 23 71 59
79 100 10
14 12 43 60
68 45 76 81
44 33 58 64
0 69 19 95
44 14 59 15
3 28 10 49
21 69 40 70
72 29 75 41
26 77 55 82
37 0 42 8
3 472 6
0 147 2 231
1 277 1 452
0 6 2 121
2 266 2 396
1 234 1 259
0 303 0 315
10 10 10
1 0 1 0
0 1 0 1
2 2 2 2
3 3 3 3
6 4 6 4
7 5 7 5
5 6 5 6
9 7 9 7
8 8 8 8
4 9 4 9
65 348 9
10 163 19 182
8 11 37 60
0 95 64 159
7 257 29 318
10 201 40 234
4 192 5 215
4 243 5 307
55 226 63 344
45 260 50 265
100 500 10
0 1 92 3
29 6 99 6
0 9 78 9
39 11 99 13
0 15 94 15
34 18 99 19
0 20 61 20
10 21 99 22
0 25 83 25
37 27 99 28
75 455 10
0 72 12 72
15 72 27 72
63 72 74 72
9 147 59 147
0 222 12 222
14 222 26 222
63 222 74 222
10 297 60 297
0 372 12 372
21 372 33 372
81 266 8
57 216 72 220
7 35 53 120
61 177 67 204
12 121 17 226
9 165 10 241
24 139 35 263
53 228 70 261
60 35 67 73
62 266 4
6 46 26 47
22 28 45 38
4 157 53 246
12 115 53 137
46 193 1
31 154 40 164
82 261 6
12 59 35 66
20 123 65 142
10 99 62 119
52 9 55 46
79 11 81 137
7 220 60 254
25 314 6
10 53 23 81
1 186 23 313
1 146 21 155
1 176 9 178
5 102 8 138
16 170 20 178
100 500 10
42 11 53 478
1 49 25 70
61 210 76 341
78 231 84 290
63 5 86 151
26 294 34 455
93 105 96 410
19 218 22 381
6 122 14 126
78 299 87 366
22 263 7
12 208 16 235
10 0 16 174
17 28 19 215
2 223 9 248
14 240 15 251
0 47 4 199
1 1 4 36
39 66 10
7 23 25 50
8 1 35 19
7 56 30 60
26 44 31 44
28 23 32 36
37 5 38 9
33 34 34 62
2 10 3 53
4 39 6 65
38 39 38 50
100 500 10
11 285 29 472
46 387 80 492
49 68 92 71
83 133 91 492
32 339 34 389
47 102 62 174
42 286 42 408
21 11 75 18
0 152 3 468
75 173 82 183
41 470 8
36 181 39 184
4 36 24 395
25 164 31 331
32 453 35 453
36 365 38 441
10 398 11 423
22 23 25 35
38 283 40 310
10 10 10
7 0 7 0
5 1 5 1
2 2 2 2
4 3 4 3
6 4 6 4
1 5 1 5
0 6 0 6
9 7 9 7
3 8 3 8
8 9 8 9
91 496 10
0 80 15 80
29 80 44 80
76 80 90 80
12 162 72 162
0 244 15 244
25 244 40 244
76 244 90 244
19 326 79 326
0 408 15 408
16 408 31 408
88 299 10
0 48 14 48
17 48 31 48
74 48 87 48
10 97 68 97
0 146 14 146
23 146 37 146
74 146 87 146
10 195 68 195
0 244 14 244
18 244 32 244
21 270 9
5 152 19 202
1 18 20 129
3 2 13 16
7 205 13 205
10 263 13 269
14 211 14 224
6 230 18 241
3 242 13 256
4 132 20 144
10 10 10
9 0 9 0
7 1 7 1
3 2 3 2
6 3 6 3
8 4 8 4
1 5 1 5
0 6 0 6
4 7 4 7
2 8 2 8
5 9 5 9
83 21 1
0 11 82 14
100 500 10
0 1 77 3
44 5 99 5
0 7 73 8
28 11 99 12
0 13 60 15
43 18 99 19
0 21 78 21
7 24 99 25
0 27 76 27
31 29 99 30
79 172 5
28 55 29 123
62 22 72 40
38 124 43 139
20 63 20 79
3 1 18 100
88 149 2
34 5 77 10
2 15 21 117
59 300 10
0 47 9 47
18 47 27 47
50 47 58 47
10 97 49 97
0 147 9 147
16 147 25 147
50 147 58 147
7 197 46 197
0 247 9 247
18 247 27 247
10 10 10
1 0 1 0
2 1 2 1
7 2 7 2
8 3 8 3
9 4 9 4
6 5 6 5
5 6 5 6
4 7 4 7
0 8 0 8
3 9 3 9
72 54 10
51 0 70 16
27 4 28 30
15 37 55 47
54 28 58 36
7 23 11 32
29 14 35 28
66 22 69 25
36 16 43 24
22 3 22 3
18 22 23 34
63 270 10
36 51 46 152
58 78 62 218
47 167 48 218
19 250 20 255
21 77 23 182
3 137 5 215
49 107 50 255
36 235 43 240
7 260 17 261
55 153 55 250
11 464 3
2 111 2 139
10 158 10 218
1 73 1 427
80 438 6
40 136 42 275
51 68 52 166
45 207 70 296
3 45 49 46
55 313 73 381
0 221 31 280
51 318 5
0 16 20 303
21 16 23 232
24 16 28 214
29 16 49 264
50 230 50 264
37 419 5
0 16 31 126
32 126 32 401
33 126 34 342
35 81 35 126
36 81 36 396
100 500 10
39 237 66 476
37 59 90 133
87 257 95 420
21 48 23 247
17 152 19 183
11 290 27 407
79 153 81 161
81 294 84 424
36 210 69 210
1 73 9 97
15 57 1
0 9 14 11
100 500 10
3 5 60 319
67 298 73 358
72 145 84 288
5 364 24 474
94 135 97 255
74 352 90 366
71 399 73 404
86 447 96 477
3 329 44 343
51 444 68 472
10 10 10
0 0 0 0
7 1 7 1
4 2 4 2
5 3 5 3
8 4 8 4
9 5 9 5
3 6 3 6
1 7 1 7
6 8 6 8
2 9 2 9
44 400 1
0 22 43 153
