100
1 1 1 1 1
10 17 1 7 1
2 100 100 200 1
20 17 3 23 100
10 999999 999999 1000000 1000000
2 1 1 1 1
3 1 99 100 1
999999 1000000 999999 1000000 1000000
6 2 30 21 19
7 715293 203534 13527 895394
10 60408 548252 29523 983366
7 7 6 30 12
1000000 201569 927008 1000000 830552
1000000 210627 357977 1000000 63776
4 20 18 5 29
1000000 928345 609308 697049 802112
10 10 13 17 2
1000000 482608 713600 356585 42239
1 1 1 1 1
7 5 4 10 7
10 513044 600097 999983 802386
1000000 235354 133421 999983 499452
4 10 2 21 1
5 30 11 13 12
9 13 14 20 19
938 537158 453215 1000000 382824
10 4 17 13 6
100000 999999 50000 1000000 1
2670 862945 9647 403037 789742
4 25 25 8 20
6 8 22 8 28
7 28 17 8 17
5 34872 105079 398225 89240
9 1 13 27 2
8 940190 626692 57790 318759
5 9 18 17 23
4 7 17 26 7
10 438052 927804 110882 741939
1 340242 154932 1000000 246897
5 29 23 15 9
5 20 13 14 25
29943 285873 877845 454236 980235
10 22 1 5 26
6 4 14 21 11
1000000 559371 984679 999983 27892
9 331902 261220 261725 65909
6 13 20 30 10
780 334121 493432 999983 68361
5 837780 252281 365990 642988
6 20 8 27 10
5 749602 373192 347932 404517
7 14 30 29 5
3 500000 500000 1000000 1
9 4 19 11 13
2 455560 329589 999983 734597
999999 3 5 3 6
8 11 12 24 1
9 452199 100945 274064 524395
4 11 11 21 1
4 607598 55478 310424 133688
10 518809 640440 297881 145617
6210 697276 441297 999983 156090
2717 293300 444673 1000000 830085
6 735300 130385 906047 126489
8 12 21 8 1
8 5 4 15 9
8 15774 608812 758420 812241
58526 101305 870353 194849 930148
8 5 5 13 5
294 193901 411135 999983 487208
8 17 27 8 10
8 93807 531204 508941 500451
5 929856 514259 411399 188970
5 13 7 22 26
1381 661646 662271 338447 369057
4 863026 593357 502174 798423
6 13 18 14 24
1000000 646874 690039 1000000 366125
5 30 22 21 25
8 15 16 21 2
10 27 12 26 10
8 22 18 13 23
2 477424 414341 1000000 114860
7 4 11 12 13
2496 218152 910182 467012 645635
1000000 87602 205330 942851 932274
1000 9999 500 10000 1
242 618408 200856 1000000 632492
10 29 29 7 25
7 27 4 13 15
8 21 20 11 22
1000000 564050 898475 999983 959346
9 194167 452969 477518 553728
10 15 18 7 2
411 607452 341797 999983 545894
9 8 1 15 18
7 12 22 17 20
7 377013 749641 168559 321536
229 744596 737744 1000000 712235
43936 555993 967141 1000000 839048
