99
1 1 1 1 1
10 17 1 7 1
2 100 100 200 1
20 17 3 23 100
10 999999 999999 1000000 1000000
2 1 1 1 1
3 1 99 100 1
9 552800 454253 905615 367025
9 7 30 27 9
4 14 2 14 24
6 727152 551182 999983 737419
6 25 28 11 29
1 403711 169966 468948 164415
165 537445 219028 1000000 262319
8 8 20 11 4
9 22 23 20 22
6 930713 549837 721660 976271
1000 283358 385314 1000000 402630
1000 170467 157186 602387 760291
1000 866124 43234 582299 748749
999 3 5 3 6
1000 946097 221815 999983 902719
1000 642798 369110 19812 858889
8 3 27 18 3
15 520979 220106 999983 422328
10 22 13 9 21
1 987418 988526 999983 170247
3 483106 559338 1000000 577522
9 316837 763551 529346 346233
10 12 29 22 25
1 627129 197274 979010 191482
17 816529 727971 999983 550452
4 2 13 26 10
9 775259 533511 1976 787805
10 20 23 22 30
9 2 21 8 22
6 962050 651733 199898 872033
8 245424 440611 663822 942481
4 28 8 27 2
7 210703 726378 782717 42619
4 934043 503276 82983 597136
7 15 1 9 27
3 500000 500000 1000000 1
9 443880 90018 304583 424640
7 21 2 17 7
7 2 10 15 30
4 1 6 6 26
1000 659664 592040 999983 675284
5 837780 252281 365990 642988
8 14 30 15 29
10 28 1 30 21
349 842143 372165 413037 729873
1000 414087 82949 1000000 751839
32 642362 882108 999983 259104
1 752186 230468 952208 840582
4 11 11 21 1
5 317079 243112 75537 297452
5 28 13 10 16
12 207891 212473 657199 827164
7 19 16 5 16
8 989834 433451 999983 636179
1 803740 415181 999983 881566
7 162322 820302 24506 402859
4 20 29 22 29
10 345176 987455 706174 30143
7 17 2 29 17
10 394333 695468 234870 860822
9 889781 786591 942097 594670
5 10 16 10 25
6 560197 185776 444674 588537
108 213799 934088 1000000 130088
4 10 2 21 1
9 748894 61545 1000000 200841
5 12 18 5 24
10 6 27 20 14
217 238715 932303 1000000 333642
6 971834 954443 479884 959885
7 7 11 6 6
4 7 13 29 23
1000 960779 731155 999983 905573
6 21 4 8 27
1000 100071 968354 1000000 372038
5 4 20 26 11
1000 9999 500 10000 1
2 485379 25595 726802 924076
8 30 26 6 10
3 908209 509995 1000000 141978
8 10 18 5 10
10 5 13 9 21
8 30 8 23 11
4 472526 958602 1000000 653475
3 257952 888375 409847 782011
9 14 22 9 12
8 5 29 13 9
1 1 1 1 1
5 22 9 10 24
4 4 21 15 30
5 18 30 5 29
6 1 18 10 25
