100
622 776 738
512 512 257
38 215 19
1 4 1
581 945 37
1 5 1
479 317 656
490 356 629
45 56 35
1 3 5
664 475 423
247 287 209
5 5 5
178 885 54
458 831 370
686 240 107
1 1 1
791 750 769
516 95 24
716 744 814
832 142 140
342 875 132
1 5 1
35 525 859
580 942 956
1 1 1
341 684 32
554 86 371
4 1 1
107 707 69
771 446 237
732 464 461
2 2 3
4 3 3
589 165 786
633 947 158
4 3 3
1 4 1
912 175 679
704 198 525
366 876 941
7 8 5
1 1 2
303 97 92
944 787 395
680 653 659
513 513 257
4 1 3
1 1 1000
272 669 144
219 8 42
624 584 168
373 332 195
763 277 79
628 275 129
718 146 132
289 204 248
513 513 2
1 5 5
231 708 618
512 512 513
3 5 4
493 595 352
1000 1000 1
3 3 4
734 644 415
169 538 872
660 464 26
103 143 88
699 600 262
4 5 2
872 406 612
160 431 132
875 262 602
998 615 293
20 162 1
245 180 712
513 513 512
512 512 256
3 5 5
4 5 1
611 578 404
953 719 910
365 135 113
513 513 256
600 297 251
714 908 237
1 4 1
90 95 689
5 3 2
512 512 1
512 512 2
17 416 988
610 910 596
836 877 268
869 970 395
513 513 1
951 113 834
3 4 2
195 339 875
