100
2 3 2
1 1 1
2 1 2
3 2 3
86 3 86
92 5 92
82 2 82
2 59 2
42 11 42
14 7 14
3 3 3
1 42 1
80 6 80
51 9 51
1 77 1
5 21 5
4 4 4
100 9 100
76 5 76
3 31 3
97 2 97
1 87 1
1 12 1
55 10 55
17 8 17
10 18 10
10 5 10
44 2 44
17 3 17
79 6 79
60 10 60
14 15 14
97 8 97
78 5 78
2 2 2
51 2 51
21 2 21
4 3 4
1 2 1
5 5 5
3 1 3
91 3 91
100 4 100
4 2 4
30 3 30
16 1 16
100 2 100
4 29 4
73 3 73
12 1 12
1 86 1
22 10 22
1 100 1
98 4 98
2 39 2
1 4 1
35 2 35
55 1 55
71 2 71
2 4 2
3 4 3
82 1 82
6 20 6
3 23 3
12 16 12
83 2 83
39 7 39
9 6 9
83 6 83
36 7 36
100 1 100
1 40 1
1 3 1
7 10 7
47 5 47
64 7 64
27 11 27
90 8 90
1 47 1
52 5 52
55 6 55
35 5 35
31 4 31
4 1 4
23 9 23
1 27 1
30 7 30
83 5 83
43 5 43
23 11 23
15 6 15
89 6 89
67 6 67
86 8 86
71 9 71
100 3 100
3 37 3
53 6 53
17 10 17
80 8 80
