100
4
2 3 4 1
4
3 3 4 1
4
3 3 4 3
10
7 8 10 10 9 2 9 6 3 3
10
2 3 1 10 3 5 6 7 8 9
10
6 5 2 9 8 7 6 5 7 9
20
8 12 10 2 13 7 6 4 2 16 3 17 1 15 6 12 2 16 3 14
1000
753 614 951 918 166 487 637 179 372 290 271 309 602 836 274 507 362 270 578 901 748 693 228 13 365 172 853 666 427 737 508 806 864 870 334 403 366 253 579 46 379 945 205 547 586 174 999 580 56 464 679 434 173 368 246 199 428 72 502 980 816 159 139 733 301 916 328 416 68 367 358 192 995 285 838 528 946 195 373 15 264 835 275 312 548 374 659 131 193 104 915 67 142 116 757 610 974 304 335 687 703 439 606 181 764 857 170 480 707 517 646 930 566 585 19 400 967 6 450 741 520 621 147 204 766 663 834 882 122 398 454 490 828 431 641 973 387 178 330 354 612 503 912 699 252 468 559 530 529 303 49 582 991 600 339 965 871 563 751 746 331 386 235 102 628 29 694 494 925 952 817 407 37 226 689 540 868 781 33 410 904 140 998 845 584 265 441 625 556 961 498 849 329 495 38 675 305 182 820 756 278 83 458 660 242 239 36 562 411 277 688 840 260 455 682 283 846 96 572 504 505 28 826 377 555 306 724 332 249 957 683 18 896 232 718 966 391 588 9 145 730 739 807 590 716 651 830 39 848 667 86 937 127 676 608 95 44 248 598 475 697 723 112 752 196 960 897 73 176 351 564 423 336 630 935 307 50 484 972 26 287 657 208 891 674 931 371 440 749 21 161 343 811 839 603 771 63 141 913 917 481 863 488 52 668 907 607 185 686 89 661 320 342 583 911 774 8 154 279 183 476 344 129 782 996 103 59 53 438 777 569 55 910 463 611 7 341 638 220 345 143 445 570 860 876 79 553 57 459 165 986 827 712 803 349 997 207 108 144 745 633 544 230 100 642 831 126 90 549 993 516 902 732 20 932 288 776 233 775 188 347 17 964 851 713 223 408 943 222 346 862 32 214 571 284 263 473 197 148 3 98 685 511 76 382 150 155 762 695 432 436 272 359 959 240 361 106 809 384 202 581 747 319 894 877 620 948 769 295 467 900 164 133 557 920 22 337 244 898 789 640 4 123 539 873 58 886 656 662 449 615 552 601 975 219 788 390 110 704 819 639 760 255 513 23 224 327 843 796 273 415 66 715 525 501 837 865 512 268 163 597 866 596 842 99 731 124 229 885 792 821 363 636 968 535 705 893 543 138 245 281 869 858 437 82 696 97 187 955 419 213 962 545 310 296 496 903 293 87 673 595 658 326 647 135 92 25 492 599 623 157 643 313 137 370 805 254 812 509 381 41 171 491 778 892 1 963 609 376 872 5 257 909 938 289 669 324 804 985 286 779 984 786 593 292 430 62 1000 618 402 708 537 992 77 665 40 561 483 802 27 94 160 448 814 795 800 218 956 394 206 691 594 823 604 456 506 425 128 393 134 929 785 653 497 412 48 981 939 217 742 401 576 574 722 413 315 743 300 369 829 168 169 558 783 30 523 541 768 813 243 950 664 681 793 417 711 338 446 323 282 671 825 650 234 85 977 533 740 767 42 721 105 317 442 652 738 914 953 194 710 861 725 987 405 867 302 297 677 855 565 958 526 64 989 927 794 125 478 698 321 117 75 153 457 189 424 486 613 130 212 61 763 554 550 644 404 396 47 824 298 177 489 409 198 118 314 634 276 364 485 418 470 921 822 60 451 619 69 515 462 333 162 203 74 152 684 388 538 546 35 294 267 71 982 919 120 895 798 221 714 587 389 210 773 942 924 575 941 113 970 790 444 109 236 186 655 988 190 761 815 136 514 318 322 280 499 949 884 350 883 772 88 971 80 357 852 850 443 626 551 880 759 889 978 465 493 700 84 536 247 2 854 784 680 453 316 10 258 93 622 375 433 645 878 616 875 308 844 353 841 115 180 184 736 114 833 24 923 201 209 649 397 259 859 216 592 256 14 355 881 429 11 352 720 101 874 54 34 266 31 167 531 420 16 617 534 856 471 469 299 215 780 818 887 175 111 933 727 701 426 78 810 519 414 479 624 983 482 521 936 250 928 251 654 146 532 728 908 744 132 399 926 976 81 269 755 899 43 406 291 944 754 383 847 709 717 632 672 119 200 460 340 452 348 262 787 890 472 461 560 121 156 605 635 191 385 211 149 729 567 241 990 311 91 832 726 994 466 573 954 378 45 518 422 690 577 627 527 589 979 750 325 940 12 719 261 447 631 568 670 678 888 237 380 969 799 51 227 791 629 906 706 392 934 421 648 510 158 542 107 692 225 879 765 238 735 591 702 758 524 734 922 395 905 231 360 477 356 65 522 474 70 797 151 770 500 808 435 801 947
200
178 12 83 62 194 128 125 76 63 72 100 112 188 35 187 137 96 76 149 148 59 142 195 182 200 168 166 50 144 37 58 189 137 144 99 67 58 43 119 159 81 102 107 55 160 54 72 45 50 85 122 34 197 154 98 168 87 146 40 6 110 173 45 184 7 134 140 74 36 44 69 1 2 177 42 84 51 39 41 199 71 183 127 106 165 113 78 174 88 105 112 62 38 142 109 13 42 52 57 70 53 111 65 147 145 121 23 176 116 176 192 116 152 11 65 138 168 3 118 153 59 163 189 91 15 86 18 14 45 23 34 154 19 156 145 66 37 153 97 47 2 68 27 124 136 75 41 93 62 61 143 24 86 28 17 190 90 155 95 82 98 196 157 148 184 174 128 197 98 44 49 46 77 16 181 94 5 162 104 36 101 25 193 104 165 129 172 60 179 103 98 114 175 20 158 2 151 89 116 9
53
44 27 40 39 28 7 8 13 30 9 31 38 8 41 20 25 16 24 45 45 15 3 34 19 50 51 23 21 1 52 1 35 4 46 26 53 47 36 6 14 48 32 5 11 21 43 29 13 10 31 18 37 17
100
61 7 68 49 57 82 78 2 69 47 27 87 78 44 84 85 54 15 86 63 93 74 61 51 46 85 1 22 39 44 68 21 8 29 4 43 70 52 73 37 75 39 40 77 55 41 67 25 82 34 72 18 3 32 99 1 54 11 34 53 76 78 5 94 64 81 100 9 65 92 67 33 79 88 45 95 10 24 12 14 46 52 58 35 36 28 59 98 19 98 20 26 20 60 83 88 43 89 66 80
144
56 138 58 59 55 18 126 50 55 28 139 14 81 12 61 84 143 135 108 130 33 92 104 133 47 131 88 112 56 38 1 37 105 87 106 89 75 3 19 127 16 70 124 123 113 66 79 52 90 86 83 69 141 120 95 62 20 134 4 109 15 125 78 39 102 46 142 143 45 42 141 115 130 94 139 13 97 25 10 137 2 4 110 6 132 131 114 114 99 82 77 7 37 64 57 129 109 126 126 60 54 130 99 100 44 65 112 136 60 140 49 107 53 87 91 67 11 21 42 71 53 62 44 137 62 21 23 76 123 102 26 8 74 26 111 68 96 51 106 61 71 63 17 96
200
13 186 35 40 99 30 21 161 142 23 68 27 178 171 124 186 59 171 58 55 151 59 149 25 158 15 33 46 90 58 14 198 139 19 143 193 79 52 87 148 127 30 196 77 42 96 130 190 178 8 176 55 49 44 3 54 19 66 174 71 151 20 157 3 83 86 81 100 9 81 83 138 175 155 54 150 113 75 73 98 174 63 13 19 192 149 12 74 12 78 71 78 77 194 51 33 196 18 71 123 2 197 24 149 138 113 53 186 134 115 108 6 56 25 66 94 145 13 126 169 185 15 98 69 124 165 112 135 143 87 10 18 167 199 88 56 118 73 187 112 15 143 186 142 43 139 155 191 142 129 54 146 88 97 167 41 180 176 183 147 114 142 118 73 103 60 9 27 5 99 113 191 109 122 133 29 19 107 140 27 188 194 126 101 135 142 152 144 102 34 44 197 103 152 164 180 186 195 6 188
572
172 48 360 314 362 144 22 117 401 41 173 513 519 487 47 196 365 516 441 503 508 380 566 554 162 470 286 33 560 46 50 490 368 192 569 410 500 403 168 156 243 99 20 485 340 404 352 510 8 382 58 537 452 379 19 68 120 416 390 448 308 287 431 358 209 139 71 83 178 235 160 432 279 354 115 468 149 471 446 39 347 359 528 408 273 456 182 405 284 413 317 234 198 384 45 552 426 26 219 462 212 183 307 28 223 127 92 252 17 371 241 375 208 323 118 377 233 141 461 535 318 562 276 225 194 556 154 236 478 95 311 465 302 369 143 424 72 481 12 239 64 229 442 6 298 297 21 147 320 504 341 496 193 106 411 27 203 204 13 201 321 505 231 80 195 463 228 164 342 125 176 24 16 349 392 455 145 522 138 300 509 87 38 473 166 407 326 351 74 62 227 86 412 428 31 533 248 443 220 290 163 293 507 101 346 315 333 531 34 29 338 497 237 543 434 44 116 100 69 15 391 202 105 37 124 18 102 376 218 472 483 570 49 423 466 186 167 294 262 480 54 226 514 493 524 429 568 93 265 518 221 260 270 406 177 295 304 386 345 532 251 372 565 184 339 491 550 155 266 3 94 319 191 2 285 129 469 261 171 305 257 278 355 553 269 111 438 303 161 63 420 113 253 350 256 210 157 425 181 206 421 546 288 5 30 415 272 264 59 89 499 140 40 387 457 75 91 356 492 363 36 188 169 444 130 296 25 498 245 250 73 488 555 109 334 267 331 232 249 275 536 114 548 55 200 316 151 495 348 291 322 539 458 449 78 121 417 395 512 222 56 150 544 422 335 187 313 104 439 136 207 489 77 547 398 310 217 98 367 474 85 332 482 564 450 216 477 437 511 165 282 540 97 61 551 4 459 142 7 32 53 88 381 280 122 190 211 281 159 501 396 205 70 185 174 51 523 529 389 238 152 520 107 476 263 393 258 337 418 373 259 137 277 534 135 81 292 254 394 374 336 175 79 515 464 35 329 42 189 521 180 213 108 10 170 559 451 353 289 224 230 283 567 445 397 90 327 484 128 525 112 199 571 399 65 370 558 274 494 240 557 530 67 103 427 414 14 309 526 11 126 76 435 312 306 246 158 549 23 447 148 542 572 84 467 96 146 132 214 123 527 563 66 561 242 271 440 330 409 453 153 60 357 460 378 479 361 383 301 419 388 343 400 385 57 538 131 436 119 244 545 110 299 430 541 133 517 364 506 344 486 328 9 1 82 325 43 268 402 366 454 475 502 324 255 52 215 247 197 433 134 179
100
55 81 78 92 79 63 96 42 93 77 34 60 100 29 25 30 23 61 45 27 74 76 17 41 15 67 20 80 14 16 85 53 99 11 49 89 75 71 82 50 24 8 90 73 19 56 69 88 35 40 64 84 32 62 1 46 70 59 58 12 18 54 6 51 95 98 26 91 47 57 38 97 44 21 37 22 10 3 5 28 2 39 86 52 31 83 94 48 36 43 68 4 9 87 65 7 72 66 33 13
100
6 84 51 64 18 1 58 17 55 80 67 56 14 13 21 42 8 5 41 71 15 54 40 87 35 29 76 57 26 33 43 50 30 60 25 77 74 75 97 23 19 16 31 95 69 100 81 59 78 32 3 91 79 22 9 12 28 7 48 34 70 85 73 4 89 90 11 98 45 61 20 88 63 37 38 27 36 49 53 10 47 86 99 2 62 82 24 72 65 66 52 93 92 96 44 94 39 68 83 46
502
274 356 448 249 301 403 47 350 172 171 116 353 68 154 338 394 213 42 295 14 325 444 396 478 163 309 254 450 260 282 189 294 314 192 142 466 359 117 119 303 263 165 266 280 193 223 131 404 225 113 211 368 364 226 251 311 339 248 328 351 173 304 290 367 474 31 349 90 149 486 302 273 357 431 156 195 111 245 424 387 146 296 37 6 495 246 106 93 438 333 2 423 217 327 340 494 57 5 421 182 242 150 82 158 378 336 447 143 352 374 145 458 305 30 76 12 284 435 445 162 401 355 459 467 288 138 285 179 380 89 499 319 234 205 36 29 96 259 16 463 200 95 276 496 88 384 60 412 488 407 453 324 286 267 161 63 109 190 101 370 4 236 41 358 443 38 320 331 405 168 428 221 460 134 372 220 241 300 382 417 55 379 261 54 114 468 198 157 475 151 375 452 108 222 298 9 462 129 281 306 422 433 102 345 175 256 58 216 13 85 132 425 71 381 153 308 191 159 120 400 98 215 363 209 24 402 342 21 313 56 33 75 279 449 272 480 86 206 269 419 203 20 406 262 64 329 385 247 244 334 10 118 208 347 344 128 53 434 430 105 330 411 123 3 479 228 297 184 155 390 275 307 326 87 237 199 362 72 316 409 502 393 115 291 243 461 441 321 451 293 312 420 426 92 18 235 188 484 487 43 130 492 485 429 176 170 418 233 61 277 457 73 287 28 112 348 197 415 383 25 395 469 343 104 397 67 366 323 49 427 501 346 100 369 137 498 264 497 80 66 413 59 446 50 219 133 140 299 399 389 265 230 414 194 180 107 15 416 271 166 52 94 78 135 289 440 250 386 410 124 136 214 83 51 471 322 7 373 377 84 439 144 77 493 470 70 91 218 99 202 110 229 455 81 310 35 39 341 141 178 19 408 185 360 317 97 398 34 437 17 65 169 239 491 270 1 139 79 69 148 164 181 125 500 26 257 177 477 456 22 322 231 103 201 207 315 62 183 240 465 365 204 436 44 167 268 392 371 476 186 318 147 388 48 174 283 121 253 23 361 212 252 127 45 8 160 122 490 473 11 464 292 46 442 196 483 454 126 210 391 152 481 489 432 227 40 376 27 258 224 354 187 472 32 482 232 335 278 255 337 238 332
10
9 3 7 2 1 3 5 10 8 1
10
7 3 4 6 10 1 8 2 6 7
50
36 5 6 41 12 1 22 31 26 28 15 37 22 29 44 3 11 42 49 24 19 3 4 40 14 4 39 2 24 27 21 50 12 35 30 43 46 44 8 18 17 48 45 9 7 32 48 25 30 28
100
28 77 90 56 45 69 33 50 25 67 44 13 35 98 10 51 62 64 68 29 92 28 34 14 47 7 81 97 19 61 89 66 56 93 99 52 48 7 89 88 12 27 79 38 24 16 71 87 53 30 42 59 63 65 8 3 85 84 95 10 21 6 37 8 68 22 17 23 2 12 72 58 25 21 82 28 60 73 32 91 59 63 39 78 80 43 40 49 70 11 100 18 94 20 46 72 86 80 83 5
1000
508 59 695 396 657 843 141 320 260 674 366 475 583 917 217 898 664 853 413 700 999 197 332 619 141 120 108 469 515 472 484 427 480 906 72 984 90 271 112 541 291 31 554 155 695 389 806 46 614 861 538 322 945 263 64 800 219 57 224 80 328 780 29 855 379 986 535 514 650 783 338 816 96 857 386 320 370 338 81 614 342 239 643 5 149 707 444 308 299 231 5 243 214 297 888 937 253 446 213 425 139 194 555 208 447 572 455 580 267 532 327 930 485 548 442 54 722 847 884 933 768 471 429 249 507 189 863 303 922 49 709 39 485 451 989 460 360 703 982 632 25 98 312 845 874 565 582 893 425 922 715 250 656 304 864 636 154 767 471 255 946 89 610 482 421 663 87 240 742 72 694 832 268 798 212 692 816 257 599 323 549 697 69 441 308 887 294 85 458 330 910 605 513 389 844 298 827 752 809 137 268 99 724 672 782 292 283 692 52 642 630 529 234 677 770 467 348 843 34 435 834 837 116 763 489 131 280 815 613 628 641 944 578 264 674 997 572 922 903 344 602 269 498 841 227 23 262 589 682 484 878 628 215 692 783 710 172 67 435 385 75 697 751 395 955 508 80 746 955 546 896 389 146 370 564 179 424 714 863 305 591 270 879 410 879 27 558 312 560 456 405 51 836 141 846 388 862 473 720 650 10 667 388 60 788 933 960 99 65 448 82 397 230 733 24 131 570 860 171 707 678 798 956 40 909 83 795 71 649 659 568 417 43 57 836 212 479 590 472 990 829 546 223 690 302 353 51 445 595 680 924 400 976 146 528 853 840 313 233 128 966 582 839 920 683 913 329 299 539 536 563 495 845 298 937 289 697 932 240 728 325 546 250 380 231 490 81 639 132 302 435 654 835 347 631 7 559 530 714 603 85 949 322 476 443 508 277 343 579 616 315 67 547 939 2 610 169 916 537 372 564 33 926 451 806 467 626 447 480 223 160 624 105 435 577 568 601 972 707 190 887 11 657 737 561 197 986 678 153 817 588 185 760 507 341 717 552 121 540 125 938 890 474 773 129 304 803 9 330 596 66 986 124 845 64 454 571 36 833 188 718 752 933 157 636 91 641 231 468 535 801 779 557 555 660 155 173 573 919 892 597 164 936 153 680 926 133 783 153 884 997 172 252 977 489 504 142 412 92 158 586 162 294 255 743 25 590 11 935 726 13 98 719 18 445 476 342 742 405 120 867 829 46 566 251 218 700 734 876 897 690 383 34 240 174 866 918 247 996 374 491 38 333 698 287 124 933 130 371 837 584 794 924 6 876 908 813 252 807 185 17 190 46 58 21 45 802 322 737 786 372 853 197 692 556 379 458 544 179 269 885 5 205 551 347 993 261 216 37 766 247 663 854 883 133 324 542 549 461 585 452 251 656 272 211 429 345 655 553 609 858 551 565 873 280 451 31 214 534 460 230 416 717 988 385 501 103 573 661 395 250 562 210 560 67 398 981 720 645 786 87 589 854 264 10 21 691 624 700 242 814 331 89 257 712 902 548 690 162 708 329 379 256 250 377 605 200 935 227 221 197 891 209 741 85 365 88 827 688 466 849 523 522 617 192 617 868 962 227 541 768 366 314 860 822 696 134 961 91 348 333 684 413 962 484 533 408 93 425 118 702 387 431 314 495 204 913 486 931 997 582 268 918 627 929 660 67 944 455 932 658 96 181 909 103 616 30 135 144 483 290 340 457 625 440 415 212 669 904 465 225 627 151 153 210 900 251 935 116 774 261 947 7 661 940 437 905 90 124 625 500 135 927 271 985 100 281 821 185 331 55 196 859 962 616 429 717 76 59 411 399 595 700 174 583 608 301 410 747 85 873 884 414 863 294 642 562 674 816 715 844 86 117 983 983 951 775 846 657 572 798 697 986 244 73 111 164 572 529 419 746 23 228 145 969 11 623 442 212 931 185 841 817 201 525 191 971 506 927 432 706 643 476 57 370 658 557 103 521 215 398 559 852 347 742 620 991 738 360 372 94 844 187 397 919 902 941 740 748 27 702 716 485 866 402 905 227 248 907 333 246 383 141 454 875 275 736 234 234 337 264 851 568 209 130 927 536 900 384 127 995 519 290 391 496 453 12 287 843 586 281 716 381 330 830 575 451 725 358 95 444 29 466 758 861 186 661 436 448 705 987 864 631 611 102 980 114 657 955 771 269 778 701 877 908 752 921 343 489 264 305 998 13 473 827 834 772 126 513 75 356 80 246 28 278 110 961 847 101 371
50
43 48 34 24 20 45 20 13 32 29 47 14 36 12 42 30 41 20 13 18 24 44 31 21 7 23 41 32 23 43 23 28 28 48 6 13 46 14 32 3 27 24 30 22 6 37 27 2 43 36
546
63 231 148 76 120 224 190 13 369 36 229 145 136 158 246 45 181 429 360 263 260 171 393 463 86 540 508 442 109 372 300 314 94 350 92 17 444 326 441 301 195 333 388 72 16 533 188 21 160 340 232 346 349 255 494 331 200 254 279 193 374 97 485 454 182 18 416 420 41 208 121 365 423 178 481 515 180 539 336 87 489 59 115 379 176 25 500 467 297 57 415 127 272 283 505 204 244 276 123 316 159 410 351 221 339 392 235 542 312 258 33 44 486 273 487 196 490 2 361 222 199 407 205 288 387 482 386 282 425 58 439 251 71 364 55 212 504 265 304 405 74 23 286 446 480 545 285 185 48 511 213 47 284 478 106 270 138 219 501 526 81 227 306 524 510 353 332 85 289 506 531 14 1 155 257 162 290 271 355 237 10 122 437 496 147 228 406 119 242 352 541 513 53 118 8 274 363 498 46 90 163 201 96 517 116 233 544 249 125 412 499 69 427 234 543 135 516 68 396 139 507 302 175 358 50 521 153 342 472 317 141 310 530 247 107 404 132 49 318 22 546 324 111 451 239 70 447 307 15 105 230 95 461 359 381 320 166 277 377 475 298 468 338 450 341 66 220 376 80 38 194 373 378 100 43 266 217 268 430 484 409 113 432 269 417 512 370 169 509 101 161 325 469 114 488 295 108 79 202 39 124 281 296 322 140 299 431 61 497 112 476 29 226 389 436 28 460 519 137 62 440 399 37 189 418 403 411 102 51 19 3 366 522 319 334 167 514 354 401 382 422 91 529 434 191 30 165 337 75 535 60 198 479 345 179 527 149 455 82 330 391 453 502 206 532 261 117 477 93 152 209 303 223 390 264 473 520 207 215 534 400 7 397 344 143 250 42 187 32 464 438 384 402 424 64 126 262 457 292 54 134 73 156 236 99 275 335 435 5 183 327 466 518 67 186 414 280 267 380 218 170 315 83 383 462 146 151 368 452 211 395 203 426 471 525 34 367 192 357 491 492 305 408 294 433 128 214 449 293 398 256 483 84 537 241 394 144 240 173 77 150 129 428 26 245 470 538 456 413 210 448 11 278 458 131 311 24 445 9 523 291 313 98 56 459 375 142 52 103 328 321 4 259 216 177 184 309 225 130 168 495 536 528 65 348 88 503 27 40 347 253 385 287 252 443 110 243 174 465 493 172 371 12 248 31 238 356 104 343 35 474 329 133 164 157 89 419 421 78 308 20 197 362 323 154 6
101
66 6 85 61 68 89 14 81 98 79 95 4 27 93 100 29 54 75 70 24 43 84 37 57 29 55 99 49 13 38 44 97 9 11 47 79 45 26 51 13 16 91 48 53 12 27 80 76 35 69 1 70 22 42 71 92 90 62 45 64 33 21 99 23 50 41 36 86 34 30 67 3 5 72 8 74 37 73 87 78 15 28 96 52 17 88 39 32 83 58 60 18 44 6 2 7 56 82 63 65 57
571
107 372 535 309 303 179 239 408 275 181 41 260 46 206 266 439 13 221 162 284 148 258 454 550 217 185 390 8 305 452 241 315 506 218 208 351 383 200 93 263 424 227 474 294 123 488 69 524 382 411 224 537 330 30 329 525 369 568 545 526 102 319 531 273 437 311 14 461 507 529 475 555 517 243 534 487 268 477 124 463 182 265 44 371 216 166 413 167 548 472 299 377 379 414 539 363 393 83 26 262 500 442 355 127 422 389 235 415 70 22 322 36 333 388 558 165 244 566 368 480 261 358 285 213 234 521 455 87 312 513 242 118 31 343 495 144 109 212 561 387 307 313 426 516 467 189 532 346 174 257 501 219 378 52 301 160 188 163 59 130 370 169 485 43 465 530 440 551 476 151 17 514 75 331 125 18 251 335 407 6 365 139 267 435 76 445 64 256 60 327 427 318 432 496 173 350 277 142 210 38 410 65 324 119 145 497 433 25 338 270 473 563 567 385 88 429 515 84 341 471 176 164 443 73 302 202 201 140 259 7 560 321 156 281 34 304 55 74 394 403 225 295 287 117 187 149 282 230 296 147 546 120 20 380 509 406 272 110 194 332 79 344 345 334 19 376 138 42 348 203 486 150 94 360 35 419 168 320 89 552 254 425 67 446 111 250 361 297 236 457 391 132 400 137 512 398 374 441 245 115 121 448 314 340 325 510 128 133 316 24 91 172 449 199 32 493 154 399 544 290 97 68 565 5 464 456 337 401 3 28 570 458 116 178 264 247 54 553 536 112 92 280 103 246 58 21 342 271 71 416 12 170 418 450 39 478 328 349 511 191 238 253 1 523 469 204 557 356 423 211 569 397 502 63 53 412 152 33 56 85 229 49 186 9 77 543 23 114 27 108 193 223 436 228 453 237 2 559 197 499 395 564 177 549 10 157 180 375 359 354 347 430 198 556 45 196 40 460 300 126 326 78 57 11 505 143 274 409 527 222 207 310 444 155 214 232 431 421 86 353 95 336 520 491 62 278 183 308 255 184 468 190 357 540 481 420 362 289 462 215 106 518 554 470 571 508 129 66 306 29 37 90 161 15 339 82 504 466 146 484 50 503 113 252 158 392 134 171 381 434 404 141 402 288 364 489 283 482 367 101 276 373 498 81 61 533 519 159 492 405 562 479 286 205 384 494 51 459 47 269 438 352 135 48 428 131 175 209 98 16 541 233 292 195 396 122 490 293 323 248 136 249 386 220 366 240 192 105 226 291 547 104 528 80 72 451 538 522 542 231 279 4 447 99 298 153 317 417 96 100 483
1000
756 801 132 489 10 335 793 693 71 601 995 210 253 815 422 729 849 932 408 294 259 255 497 23 529 924 471 194 51 744 630 546 114 396 666 928 806 805 657 658 762 687 279 456 206 576 27 44 46 174 443 203 205 357 620 100 419 773 673 977 492 48 551 141 236 142 908 79 726 625 996 571 937 289 835 797 394 652 700 722 305 491 161 202 329 521 993 32 354 480 80 989 898 340 292 224 488 301 565 362 401 816 677 865 951 151 511 507 365 156 514 990 534 595 857 944 189 868 912 694 863 568 423 87 317 994 650 328 654 53 433 177 842 952 979 269 555 844 751 464 271 703 519 956 624 434 380 725 444 525 290 522 695 712 368 872 878 40 379 393 437 893 943 925 41 481 441 342 39 701 917 57 939 614 506 736 461 848 94 432 883 222 204 327 621 742 651 226 170 875 615 344 127 746 144 254 312 755 858 247 777 860 468 165 608 282 331 933 637 118 37 237 757 766 286 557 397 600 452 510 138 29 890 747 502 627 24 741 120 983 122 940 119 167 919 184 190 404 776 322 450 320 66 945 884 13 416 790 459 346 180 856 274 542 743 234 526 72 36 84 642 26 602 148 310 643 544 321 398 623 841 535 355 383 482 811 159 402 64 309 778 717 192 879 662 490 644 605 169 948 298 708 738 598 143 458 150 671 278 229 251 826 975 683 392 314 907 133 926 426 515 116 935 7 166 927 227 547 607 784 556 249 862 748 740 1 131 349 479 723 543 486 391 420 196 359 580 412 735 713 75 389 528 931 366 256 843 918 909 896 102 686 381 77 308 265 28 663 315 711 832 493 376 692 385 798 198 792 171 199 347 83 955 201 780 980 646 232 752 65 370 501 55 704 485 188 430 183 632 250 720 823 179 374 724 827 54 267 622 910 665 200 231 136 31 617 446 837 936 364 869 829 808 709 838 972 245 536 264 616 318 768 760 324 147 840 435 475 111 61 185 508 794 223 998 78 499 477 545 987 674 954 152 241 19 675 417 343 303 604 532 930 781 920 462 834 804 509 800 115 207 353 672 103 655 855 973 262 186 594 699 634 337 749 126 830 208 761 653 611 90 570 659 978 154 660 824 176 612 854 123 92 469 970 539 818 786 888 291 252 367 901 563 68 407 949 702 698 581 810 754 153 146 774 518 853 233 193 881 586 160 549 564 38 788 647 962 112 281 991 785 438 953 541 582 668 293 950 496 524 406 684 851 817 276 191 520 825 217 813 639 974 946 20 718 562 771 822 892 306 618 964 175 731 425 421 463 173 976 369 139 22 678 470 323 400 284 95 372 681 91 636 350 859 796 242 902 648 929 913 904 894 915 812 941 137 453 635 885 399 574 88 745 831 537 921 739 307 332 597 517 34 266 302 375 911 906 15 313 260 356 360 81 273 272 513 172 124 590 984 578 799 47 361 240 455 638 239 149 585 670 215 235 258 846 270 338 243 512 476 769 640 388 850 691 110 876 11 447 758 288 803 947 606 690 187 209 297 705 157 403 553 494 596 93 588 195 43 971 484 779 871 814 280 8 218 958 21 680 373 52 864 106 914 311 128 58 895 85 669 125 377 899 107 12 866 390 295 891 689 178 821 113 886 530 319 599 802 261 923 345 460 567 487 108 732 916 429 572 828 775 498 561 575 619 763 358 386 957 454 558 538 182 552 982 566 861 431 60 783 500 559 819 162 882 49 268 922 158 609 164 631 219 197 988 130 86 942 474 104 63 238 382 89 764 371 696 17 889 451 697 656 69 504 428 325 483 540 9 18 782 533 626 109 414 216 750 96 719 304 336 378 3 16 554 445 35 478 985 285 531 82 999 870 900 791 495 706 787 248 986 45 163 129 299 730 99 2 961 211 440 591 134 228 733 772 503 679 287 76 341 277 852 685 592 70 836 714 30 225 117 603 363 845 560 333 56 628 707 465 472 661 721 573 753 966 523 765 275 415 877 527 246 4 905 737 145 579 14 577 641 833 135 220 873 467 688 155 820 789 965 418 457 214 548 897 667 283 405 67 6 97 427 682 62 959 967 903 981 587 449 442 59 997 213 505 351 589 716 466 50 613 516 960 395 384 410 25 584 992 759 807 968 938 887 839 121 867 550 33 436 221 439 969 664 42 583 352 330 334 734 473 809 767 98 348 710 728 847 880 326 140 409 448 963 230 413 296 569 1000 676 316 629 101 649 770 181 715 593 257 300 411 5 645 934 727 74 168 73 874 244 633 387 212 610 424 263 105 795 339
500
32 240 66 297 269 457 166 280 150 260 44 252 408 201 393 337 238 407 187 219 437 373 460 237 159 263 213 405 260 80 319 243 418 154 283 434 288 231 479 45 33 187 15 492 210 330 86 142 248 167 300 316 454 393 452 450 88 255 326 456 92 360 266 265 88 211 159 267 6 386 308 292 492 256 428 189 186 393 217 68 291 74 97 195 495 453 266 91 297 273 112 258 226 500 370 127 333 431 302 460 465 499 397 34 378 443 64 484 340 281 366 253 180 440 484 193 295 331 346 127 218 222 220 287 2 169 341 39 10 160 404 117 487 249 391 4 130 222 474 305 337 43 372 31 235 333 383 262 349 486 30 333 112 138 338 146 223 85 67 310 392 171 216 406 269 486 476 242 289 224 179 493 1 15 384 21 86 326 315 237 234 75 63 75 74 359 313 102 213 495 165 389 362 342 303 29 471 51 306 18 121 302 233 49 36 290 410 183 377 396 151 241 276 109 458 246 168 490 424 350 58 81 200 87 357 500 192 92 75 388 261 362 453 137 225 312 364 413 116 288 272 205 66 325 118 131 306 59 483 497 163 395 329 173 114 51 307 103 398 173 287 410 345 435 403 61 261 28 13 189 99 491 422 107 455 108 405 180 433 188 164 276 148 22 120 215 368 432 472 309 379 147 459 346 491 119 252 21 232 409 265 348 104 324 167 380 268 148 77 39 245 239 50 48 498 39 35 464 107 239 465 218 205 431 227 423 84 481 344 440 162 200 123 24 109 441 414 196 351 260 155 264 154 355 356 139 188 445 94 48 498 346 200 206 163 17 27 88 257 411 187 217 495 85 127 218 389 318 224 429 446 68 23 268 241 421 208 126 322 84 273 434 229 461 309 70 81 341 244 107 212 148 176 120 275 35 8 82 452 345 182 177 317 334 489 400 194 175 248 252 236 121 296 157 220 365 249 101 396 376 313 417 197 365 174 475 154 302 68 142 141 110 17 42 462 149 247 9 136 224 322 467 113 371 309 487 141 133 299 372 174 127 137 128 477 79 485 235 65 360 169 468 477 165 6 206 392 292 24 428 69 74 477 422 238 46 288 266 135 153 247 261 149 22 394 7 366 274 453 358 11 447 186 307 156 310 213 488 215 245
997
856 694 952 380 302 565 46 628 425 823 683 717 537 431 283 30 880 162 172 795 470 825 688 882 341 36 243 233 764 101 430 322 744 627 59 355 521 900 3 689 675 90 403 926 230 49 384 758 529 88 116 725 122 902 818 114 751 993 455 944 44 495 379 531 97 652 413 724 552 948 492 308 346 842 157 997 183 875 385 970 884 394 269 102 64 274 457 245 694 42 498 626 720 877 941 192 511 956 508 951 584 965 353 714 552 796 357 529 994 506 927 917 803 356 18 830 617 634 557 207 407 874 115 69 945 598 521 596 804 716 677 148 580 897 609 718 702 582 711 121 482 373 487 851 431 76 700 232 408 894 260 484 908 518 821 615 119 451 452 267 938 48 505 213 176 541 936 816 441 154 329 73 554 770 39 234 808 667 82 609 163 444 663 961 305 239 411 759 989 921 213 613 509 884 913 384 206 147 930 118 897 693 479 129 45 473 37 797 107 139 101 446 619 309 609 471 19 256 965 517 422 291 67 321 770 781 963 459 797 661 841 817 171 223 837 627 31 454 198 488 272 344 380 388 493 459 692 914 429 756 831 250 590 175 161 257 592 35 165 304 504 801 121 396 352 555 137 255 218 5 906 853 413 436 501 540 926 588 195 711 356 95 978 77 758 871 503 301 885 266 448 913 622 611 106 91 318 667 202 412 258 910 41 8 182 793 90 982 762 621 935 428 750 23 33 146 628 368 568 382 193 742 858 95 804 939 409 519 240 86 574 539 153 46 763 81 602 294 769 572 536 666 575 451 188 306 502 128 603 974 99 981 477 474 49 261 794 460 215 753 759 150 366 877 466 70 953 841 730 633 332 433 339 822 447 55 250 975 868 931 721 200 546 303 100 380 371 961 158 857 524 430 77 645 456 815 679 69 623 813 66 126 315 889 190 277 629 697 904 164 352 959 287 50 669 136 599 294 141 481 130 936 945 915 767 782 853 862 170 761 145 674 752 30 358 650 595 606 799 767 112 826 860 328 748 226 912 113 279 786 491 222 10 341 834 290 505 713 578 590 868 878 646 924 740 653 815 941 330 22 608 270 94 649 254 101 597 375 843 966 62 580 472 621 468 640 979 240 656 639 253 300 740 485 286 418 167 80 72 821 189 544 553 824 457 110 490 99 316 120 21 116 123 44 943 586 114 681 612 838 29 738 181 248 162 245 561 899 108 254 836 20 994 289 289 828 471 235 907 463 784 201 130 367 958 591 901 91 545 751 247 69 964 312 861 678 149 244 848 92 506 727 396 566 662 147 400 965 635 920 542 760 111 224 425 607 372 90 276 160 214 481 333 812 69 432 566 863 40 253 205 534 903 562 610 479 824 371 96 28 778 179 955 314 518 303 859 410 155 728 567 345 10 412 918 14 489 132 159 704 726 416 889 699 248 822 65 317 185 931 835 743 829 830 15 879 353 427 827 863 924 350 654 575 269 426 628 217 911 299 425 991 108 246 708 317 24 499 398 581 262 57 745 721 547 315 383 369 832 682 368 415 219 78 881 363 925 916 559 160 673 660 475 488 390 129 114 349 208 163 507 320 776 32 527 492 103 586 124 288 106 788 389 644 292 58 642 212 295 773 703 138 478 823 443 74 905 638 495 93 538 864 100 560 469 104 402 990 569 406 621 437 161 717 606 837 461 739 271 493 492 365 6 464 670 220 254 381 695 833 77 852 313 649 513 134 870 252 798 391 85 919 8 549 156 435 528 709 654 174 611 806 516 814 776 405 748 54 27 197 570 800 726 50 841 652 404 939 746 38 149 843 79 532 713 336 616 520 602 872 722 573 515 38 589 52 61 331 264 98 903 514 855 973 225 706 480 12 225 323 636 445 10 597 863 651 437 707 144 238 457 523 204 618 16 558 968 967 405 376 93 298 355 35 112 533 221 17 262 715 781 251 130 254 820 606 923 691 13 720 780 695 640 424 691 847 396 870 486 42 465 576 795 668 498 582 270 565 499 510 84 401 343 508 392 329 122 942 275 729 166 109 481 523 465 411 201 15 145 439 259 397 743 297 860 27 293 395 320 359 869 399 737 105 378 986 174 783 772 932 199 891 909 601 125 44 151 348 273 665 941 110 428 435 186 617 103 354 351 489 931 147 648 556 169 549 602 177 347 586 753 684 811 451 571 433 415 685 624 835 140 847 143 594 102 342 209 143 480 311 122 158 809 496 579 672 327 988 773 837 934 657 572 537 222 324 952 153 729 949 676 543 599 600 973 717 68
128
13 39 18 82 96 115 23 77 62 2 45 57 128 20 80 49 123 73 23 128 118 73 80 11 68 59 13 96 66 97 114 51 67 38 34 27 6 51 52 100 108 38 42 59 18 29 105 104 119 94 1 102 107 6 95 15 122 62 115 48 83 45 94 99 111 35 41 25 12 8 105 21 92 80 46 86 8 127 84 56 33 88 108 11 66 90 112 72 95 12 22 4 84 89 63 95 117 127 78 25 69 97 16 92 103 108 38 57 85 104 65 125 48 31 5 43 86 84 98 118 119 97 90 47 81 93 98 111
20
7 7 11 10 14 15 6 12 19 13 3 19 3 15 7 17 4 15 7 18
3
2 3 1
100
42 64 52 88 91 56 99 12 51 36 77 15 23 80 84 83 16 24 4 33 27 90 38 85 98 61 74 5 69 13 62 50 86 81 25 30 21 78 96 43 14 72 63 37 18 71 93 65 32 70 41 82 9 46 3 2 31 95 48 73 76 22 47 68 94 55 10 89 60 53 20 87 75 59 34 6 7 44 45 57 49 40 8 29 67 11 28 35 54 100 19 26 58 1 17 97 92 66 79 39
400
364 70 318 122 306 10 165 387 127 197 112 334 343 36 356 239 322 4 25 68 227 248 130 366 60 62 118 65 220 18 128 358 390 51 256 153 379 175 328 240 150 6 336 106 199 37 66 96 140 287 148 49 133 35 196 55 255 149 235 365 72 34 253 321 13 141 236 241 108 362 205 73 187 259 5 309 204 392 302 323 360 159 291 380 331 320 182 237 40 238 82 271 9 367 394 355 120 194 200 2 264 151 129 373 162 158 355 317 353 29 203 385 207 337 229 59 46 169 372 17 139 39 80 48 167 177 341 47 98 257 383 263 225 303 86 164 192 168 15 27 327 87 363 339 22 245 234 188 74 330 101 325 397 314 156 91 310 352 33 50 242 289 190 399 251 67 79 7 299 338 315 210 346 193 275 135 273 12 57 179 81 44 189 221 105 267 230 326 350 212 61 24 208 282 243 195 295 14 393 361 228 16 276 53 8 143 347 134 285 281 77 262 52 132 316 170 83 359 111 396 342 206 391 145 371 219 125 38 277 142 124 305 377 45 218 231 99 198 211 311 400 78 115 144 28 183 265 335 233 97 136 307 64 20 292 63 250 11 274 95 381 41 201 54 332 69 324 152 268 266 304 232 109 319 345 58 31 89 284 354 297 138 288 386 166 357 329 185 294 378 382 369 123 293 117 146 184 19 286 349 278 100 23 280 301 398 102 116 333 85 121 114 384 246 296 186 94 180 30 213 160 191 375 126 368 223 340 312 88 71 174 224 32 270 1 298 119 389 147 154 300 56 110 252 388 157 90 374 254 92 376 244 226 107 137 181 344 173 3 214 269 261 351 75 313 113 222 84 217 272 26 249 395 260 202 258 96 155 370 43 178 93 290 161 131 171 283 215 104 348 209 76 21 247 103 172 216 42 308 176
100
52 37 86 60 4 95 78 15 49 21 63 77 16 51 8 60 48 54 67 10 10 77 91 15 29 10 100 45 54 95 87 5 29 100 65 97 30 53 82 89 19 79 58 53 38 71 37 72 8 13 40 97 59 29 50 59 67 21 53 16 73 57 96 30 36 59 19 7 6 97 67 17 77 37 8 49 73 54 26 73 50 54 45 73 87 80 36 99 51 74 10 59 51 32 30 9 36 80 100 99
101
37 71 32 46 8 31 1 30 13 62 78 36 89 49 38 34 73 29 37 47 101 101 42 99 81 100 4 74 15 91 84 2 86 90 65 25 18 82 55 67 60 98 11 20 48 54 68 93 88 45 6 7 10 52 27 42 58 57 5 33 94 97 89 34 58 39 69 96 72 79 50 76 41 77 92 9 64 14 44 21 28 75 86 70 72 35 59 66 61 26 53 23 43 12 72 80 3 17 71 51 87
969
654 497 775 952 588 235 809 962 21 715 234 96 865 413 542 517 917 231 105 524 730 689 8 939 612 581 642 805 267 840 236 619 248 560 144 285 329 891 93 294 662 788 341 225 301 205 488 750 954 420 45 506 669 726 825 679 418 822 721 99 648 666 321 628 729 214 288 149 658 884 516 355 75 188 141 232 704 387 71 526 180 817 358 201 781 650 162 217 289 72 339 184 762 209 251 776 228 961 168 863 566 249 746 916 575 83 649 469 176 352 693 831 819 920 417 757 249 164 74 628 128 511 244 279 638 625 607 155 944 853 923 404 367 849 719 810 394 86 100 400 698 370 911 204 101 801 136 745 733 54 913 665 639 572 356 936 120 464 550 238 771 346 699 515 52 660 905 203 381 545 293 337 767 59 940 480 460 471 284 839 903 498 120 145 149 33 797 158 195 531 909 539 348 36 786 576 162 967 94 334 520 529 259 671 808 459 11 958 6 173 241 826 851 969 461 307 472 327 212 65 399 186 318 796 573 154 852 532 313 772 196 5 261 438 929 528 637 600 221 717 169 246 229 877 535 504 51 627 79 19 687 156 672 748 812 910 414 832 935 440 901 640 91 455 926 844 108 181 372 374 645 396 218 546 747 664 659 63 92 635 875 960 898 850 856 836 565 115 516 411 312 765 24 777 769 199 215 677 60 766 718 398 416 434 630 968 298 879 148 869 743 871 733 216 16 576 382 594 330 610 395 304 778 791 638 191 749 859 846 341 27 961 963 893 170 194 568 415 593 615 93 262 13 369 378 862 501 637 132 553 268 784 90 377 763 918 527 190 475 147 876 778 722 706 441 15 912 955 676 965 412 434 953 291 814 510 346 728 716 308 379 611 596 798 368 728 857 273 456 207 629 686 135 792 119 444 934 675 651 491 265 705 732 598 200 333 562 928 47 800 701 574 403 66 29 274 617 682 424 371 597 338 530 683 118 603 608 554 858 477 548 348 804 426 80 606 764 828 266 454 656 102 807 888 463 326 388 324 346 923 829 113 847 886 803 28 4 226 423 643 514 601 479 157 343 415 250 474 618 589 838 493 1 22 896 224 57 956 336 363 841 297 738 409 872 345 496 125 468 281 713 703 317 107 427 429 890 538 175 121 3 473 694 938 697 499 46 419 661 966 807 386 69 503 84 53 452 331 76 6 123 502 533 97 392 696 9 159 881 129 470 760 271 430 811 487 465 889 449 78 256 747 947 522 233 736 920 174 948 494 873 137 322 37 469 178 446 428 445 877 845 964 98 582 139 585 637 126 663 117 257 295 602 959 495 173 652 558 922 534 571 789 544 467 12 704 269 505 41 707 543 680 951 485 64 208 790 813 103 513 32 860 519 579 834 824 152 780 692 436 799 264 315 556 518 223 385 210 740 647 283 783 98 143 340 481 187 198 592 866 755 802 114 768 211 93 422 712 325 900 458 724 231 587 245 835 349 950 62 160 752 733 390 616 647 244 305 23 70 921 724 674 140 633 540 720 492 439 466 746 578 773 624 547 116 564 310 402 376 320 357 833 127 870 240 391 908 482 685 605 620 478 821 734 714 932 351 690 405 443 406 67 263 18 830 401 927 31 435 302 247 702 915 397 380 122 904 280 130 365 708 490 56 222 328 153 354 767 383 55 42 753 539 874 449 614 345 591 747 34 7 2 569 695 957 117 53 641 106 541 448 172 688 335 661 931 433 954 667 759 82 229 742 17 342 396 61 410 864 549 897 691 774 213 296 843 108 442 35 793 81 133 906 895 426 907 165 300 700 179 384 292 837 536 49 623 681 431 347 252 282 309 532 613 668 332 572 508 523 741 521 557 941 823 583 855 258 778 632 267 254 15 584 235 290 731 25 483 344 620 580 590 609 919 500 451 710 151 930 146 761 79 155 255 462 20 604 220 359 408 892 353 421 73 77 631 272 552 551 182 173 599 785 868 425 744 489 189 942 171 899 595 453 183 803 110 751 149 161 230 678 621 924 142 262 342 782 314 437 484 150 50 286 111 537 356 219 525 723 709 407 733 725 30 586 134 163 794 655 559 325 457 880 770 38 95 272 848 684 937 44 350 102 756 422 646 933 202 787 894 206 104 547 373 364 561 253 124 885 361 393 166 758 287 555 302 673 509 249 902 26 622 827 878 311 278 277 299 626 946 466 644 914 260 946 276 112 754 109
995
703 45 535 892 415 167 415 217 147 35 474 136 233 69 183 347 559 782 548 469 192 316 603 744 697 36 248 251 234 135 773 121 907 857 455 478 947 283 18 613 40 282 385 422 107 821 424 652 964 563 358 350 553 608 989 688 625 785 372 268 783 283 533 16 342 357 788 82 682 449 525 772 929 127 50 247 693 32 354 167 133 244 404 673 592 959 555 502 808 490 432 798 885 953 372 382 254 660 626 976 281 467 917 84 586 59 898 835 689 104 531 742 626 301 74 615 538 410 755 902 507 679 31 805 320 746 94 181 848 223 35 365 793 58 818 351 950 577 209 427 910 951 392 849 508 799 965 832 368 995 553 945 445 881 263 774 401 20 231 675 306 233 393 42 632 71 869 662 708 30 359 20 639 385 868 625 623 589 823 964 202 152 528 268 514 179 647 618 981 740 143 213 860 760 791 844 448 75 31 325 159 246 827 920 218 919 51 477 888 536 292 576 735 499 434 784 13 338 750 534 881 973 445 962 81 70 333 418 472 687 792 675 503 826 657 457 712 21 836 269 777 114 756 992 255 202 76 315 428 151 943 218 110 105 674 471 978 943 375 569 884 388 144 931 296 837 633 772 607 981 834 724 758 751 641 810 37 681 887 797 863 194 319 141 893 575 949 859 154 968 647 185 446 171 957 628 605 519 679 522 529 247 104 43 858 263 412 436 639 956 93 497 980 979 248 892 627 142 838 658 702 870 378 278 907 311 239 764 256 355 28 741 44 593 542 260 666 212 581 732 771 189 185 197 709 480 470 434 200 238 485 544 258 937 334 890 491 290 532 598 972 667 454 329 897 848 408 800 569 316 543 733 987 652 387 169 176 323 402 944 712 621 337 961 174 609 427 276 803 812 29 174 411 977 452 483 353 317 874 370 198 915 558 83 776 840 118 950 682 240 101 691 250 540 809 705 345 191 336 743 509 64 964 549 462 698 693 686 978 919 70 678 436 417 246 149 819 771 186 871 720 649 696 137 557 730 327 182 603 985 173 929 711 753 285 839 459 340 545 162 279 294 155 936 208 556 129 52 19 307 148 689 787 624 346 111 811 987 670 706 483 637 367 178 442 913 323 510 661 18 48 369 125 305 302 195 58 389 966 619 493 878 822 315 39 66 221 534 817 14 223 835 672 23 429 908 424 191 248 83 4 68 288 710 41 954 597 731 450 599 970 738 352 463 489 709 718 767 684 917 789 130 713 95 695 364 61 506 188 851 589 954 151 633 400 53 914 379 567 764 977 841 960 89 464 899 594 930 260 215 754 455 146 907 295 877 203 412 842 191 993 466 443 650 687 891 277 494 588 731 318 565 406 284 232 134 361 552 778 837 587 570 449 117 302 183 261 20 938 886 862 711 108 183 538 990 378 860 262 224 962 692 515 199 228 872 655 813 648 434 170 721 814 169 782 509 12 845 173 979 428 855 461 100 794 611 928 339 425 128 181 906 260 542 447 112 271 745 196 904 555 759 865 43 664 825 99 890 526 102 788 707 275 328 232 189 788 771 480 817 170 894 948 160 643 164 585 831 88 209 97 896 427 420 430 600 931 516 423 981 983 562 509 545 163 211 979 98 536 356 601 7 47 399 705 90 396 933 722 232 801 132 210 296 51 144 76 835 421 383 468 577 344 398 177 298 30 8 941 466 34 473 812 465 683 786 164 221 987 563 847 820 116 416 579 323 463 426 77 407 568 345 273 173 89 912 29 353 711 984 384 852 905 321 243 498 610 875 595 187 514 539 537 646 326 536 991 917 657 518 699 988 308 850 481 942 139 92 9 482 900 968 335 184 865 508 128 876 926 988 362 513 403 255 169 1 642 504 322 633 867 714 617 488 741 883 375 735 523 394 440 216 616 496 134 56 665 291 253 761 128 96 56 871 363 505 33 431 371 970 946 772 754 191 230 721 622 227 909 457 531 145 86 26 648 640 653 150 719 2 530 404 626 456 851 280 566 804 81 830 751 586 272 564 612 852 126 524 388 172 644 727 349 242 588 916 853 520 298 740 552 322 518 166 779 484 33 766 527 546 765 634 92 63 573 614 540 578 638 922 359 798 975 508 833 201 74 414 591 824 175 531 821 492 694 923 738 65 776 47 210 486 241 190 834 405 225 725 286 204 435 126 413 796 21 314 585 157 734 640 671 334 694 17 119 829 221 214 218 168 429 763 756 622 6 293 286 85 640 619 309 369 115 994 805 636 179 792 602 619 243 605 501 181 982
320
320 269 36 316 204 74 177 306 180 135 264 211 297 299 47 94 91 264 17 251 99 205 50 114 190 97 149 300 268 28 278 317 124 212 279 252 111 34 253 191 40 53 195 34 14 120 208 23 216 245 222 58 230 256 104 179 257 298 69 116 306 268 183 245 148 64 152 259 212 208 93 269 236 282 26 258 27 141 133 229 195 267 101 317 96 216 57 294 90 24 243 285 299 144 297 21 244 256 29 35 92 125 132 90 4 305 24 128 81 86 30 275 288 207 51 3 55 169 115 204 188 207 84 95 6 244 217 243 282 199 21 70 254 208 34 263 212 269 80 249 319 292 57 196 101 78 228 8 303 254 277 75 63 221 38 215 289 41 204 108 106 102 35 119 17 225 186 167 153 52 96 303 290 127 147 73 7 262 118 80 317 169 133 260 124 296 290 264 76 36 95 204 74 37 150 96 192 17 228 160 254 256 36 103 54 17 152 45 113 140 184 12 57 20 229 221 44 26 138 60 41 298 244 57 87 12 4 6 196 92 292 286 274 40 78 199 141 293 145 19 168 194 3 90 284 183 29 199 210 308 290 167 92 56 127 111 90 214 58 127 195 49 88 105 169 67 147 180 62 181 28 137 129 196 112 162 135 119 146 22 48 27 246 298 136 299 170 63 309 124 102 82 23 42 64 17 76 157 159 280 266 285 82 279 161 246 310 256 311 192 295 100 33 131 206 202 71 304 100 277
231
102 135 99 146 166 22 107 92 205 110 230 3 100 166 42 97 198 13 72 90 83 34 224 207 189 78 16 182 35 132 109 230 40 104 47 128 82 107 61 20 12 187 135 214 72 218 107 221 163 60 169 220 128 140 37 113 100 106 34 163 17 108 120 5 90 140 99 223 202 20 100 41 21 123 74 159 68 196 215 119 92 97 67 9 201 208 183 97 30 109 181 176 4 193 144 27 180 30 67 33 205 90 31 188 25 227 35 140 175 35 5 165 28 197 60 85 51 189 227 62 211 227 147 72 148 15 191 54 173 37 85 200 6 223 225 77 221 230 27 108 5 63 52 186 69 210 109 109 103 190 129 11 194 29 104 168 204 201 225 133 220 195 223 192 14 5 176 132 139 140 185 107 142 154 203 81 204 202 164 67 230 28 166 228 117 141 128 45 48 69 198 188 81 41 78 77 107 143 159 53 131 208 186 116 126 142 48 169 191 146 222 122 126 28 29 184 159 112 213 142 167 42 60 104 62 175 228 21 85 199 57
51
15 38 21 33 34 1 5 3 4 17 43 24 7 6 29 51 44 26 8 22 13 42 14 39 30 45 10 46 40 50 2 34 19 5 20 25 31 37 41 36 47 16 32 11 12 2 31 49 27 23 28
10
8 8 8 6 8 8 8 6 8 8
100
91 43 15 15 12 93 84 95 35 89 87 60 75 32 3 2 51 46 5 99 54 23 8 11 66 44 3 82 33 63 24 58 68 22 59 48 86 49 69 80 40 7 17 1 65 31 79 26 27 19 4 88 36 77 34 18 13 64 85 78 70 71 16 57 94 47 76 72 52 30 38 56 9 20 97 62 25 53 29 81 96 73 67 50 14 6 100 42 21 74 90 37 39 28 98 55 61 83 41 45
10
3 3 4 8 7 1 3 4 1 9
320
267 176 260 310 116 102 182 29 298 176 249 11 40 98 199 291 188 38 219 308 4 241 158 214 250 213 51 73 282 122 146 183 2 246 288 90 76 215 97 105 26 27 309 288 274 172 273 247 134 193 69 94 60 159 122 303 206 84 49 5 274 89 120 85 45 272 137 289 283 235 166 137 180 219 111 25 67 90 132 43 71 51 248 193 32 10 272 206 54 88 231 320 4 243 79 222 103 29 153 235 231 92 239 48 76 151 92 167 157 31 207 62 64 167 72 156 1 281 20 38 19 158 302 305 165 140 40 312 317 264 58 177 233 251 84 275 204 143 87 225 34 92 109 292 284 243 105 81 318 24 85 218 58 6 140 227 210 219 301 81 22 180 170 8 275 298 252 231 65 320 244 40 81 250 105 53 95 23 211 56 235 280 118 209 286 222 266 203 65 224 78 283 62 126 254 97 80 187 122 169 1 249 309 20 222 308 253 250 146 306 40 188 134 279 143 310 186 59 64 317 177 278 301 200 233 33 86 197 83 151 168 309 194 232 46 217 261 174 27 56 126 285 255 225 105 99 235 87 102 247 186 9 59 195 45 255 313 39 135 299 46 274 225 82 29 96 223 27 283 60 149 240 286 144 44 186 32 152 103 212 122 163 258 312 32 273 252 72 30 176 298 110 122 242 119 73 256 212 24 276 284 135 272 241 105 63 270 165 114 265 260 58 292 31 28 145 65 236 75 93
1000
695 987 668 897 246 584 431 449 138 128 457 544 811 65 394 578 712 962 407 97 943 49 207 571 444 772 737 234 848 796 82 684 110 794 369 570 354 313 7 766 678 618 513 10 14 881 583 723 446 573 111 746 391 134 402 914 744 728 361 482 389 741 908 292 633 211 903 130 514 301 806 181 580 714 996 632 789 658 956 724 650 823 29 387 133 121 153 603 397 410 801 47 502 36 705 494 323 916 282 940 135 611 415 156 762 406 820 968 927 452 70 930 6 608 666 526 871 817 268 533 304 434 319 383 777 278 465 985 840 331 284 484 454 413 613 85 528 8 478 525 166 67 507 685 808 722 118 476 244 966 509 75 285 969 256 849 343 184 252 435 692 757 119 479 468 487 196 260 999 752 541 764 90 535 988 546 152 559 404 790 602 885 328 587 921 742 683 108 28 493 682 891 287 198 731 299 826 519 814 524 955 294 250 64 123 267 201 91 117 636 995 469 218 786 834 585 534 32 503 876 691 382 900 340 433 689 625 200 275 379 22 939 38 349 552 845 922 357 101 486 870 224 991 638 548 33 240 120 235 990 614 912 414 87 791 850 986 57 72 43 189 878 505 547 866 816 372 185 812 24 923 355 621 656 769 168 52 515 350 335 438 708 780 440 862 220 197 329 344 538 376 26 106 174 157 928 501 653 274 735 18 838 54 623 674 896 360 980 941 158 321 974 874 899 178 798 605 675 231 50 263 628 471 399 933 904 249 370 346 488 595 155 550 194 886 95 607 776 704 640 39 439 366 964 566 665 339 386 137 164 641 495 690 408 565 171 963 296 945 645 492 412 701 634 489 325 167 863 237 310 245 615 271 909 598 950 642 270 266 554 353 719 233 844 162 417 698 512 617 73 190 277 403 889 11 819 136 600 461 257 115 303 42 186 13 649 773 12 958 984 551 981 784 651 466 55 37 531 721 269 836 522 236 907 901 561 954 895 458 813 799 169 775 631 518 983 89 877 305 825 283 364 610 521 751 63 170 254 114 676 281 942 599 460 926 582 873 290 306 1000 557 56 787 833 359 647 809 462 396 703 660 562 709 593 843 44 805 209 66 754 499 859 842 828 952 227 738 316 545 100 574 58 423 395 202 504 857 919 232 733 144 937 643 669 467 140 203 530 982 517 841 577 16 264 759 204 337 92 362 46 646 84 221 127 307 419 411 96 994 485 429 938 905 553 432 147 590 392 657 288 192 161 586 911 890 745 334 27 401 352 673 2 779 739 622 381 475 935 1 497 297 694 247 332 661 276 687 624 83 864 865 253 906 336 470 740 667 915 829 804 589 659 831 378 258 597 146 212 365 868 490 971 785 760 567 205 385 474 572 442 255 348 262 736 51 917 672 732 453 970 568 726 61 892 884 400 80 437 725 3 594 330 94 997 979 416 342 902 619 856 424 949 511 145 293 272 172 19 17 112 426 34 837 102 347 697 225 564 129 976 124 363 596 894 261 612 180 748 62 418 925 931 496 210 327 317 320 322 832 579 40 436 107 961 558 880 409 104 677 78 175 450 758 920 375 835 324 163 998 852 604 228 934 20 616 463 946 803 81 810 309 948 560 747 380 188 318 592 629 177 807 929 165 173 978 520 216 183 427 713 508 248 951 241 150 239 774 116 717 944 213 782 663 818 972 143 88 527 187 195 109 537 686 655 480 179 761 182 76 176 259 289 563 715 824 644 393 405 341 989 750 639 626 973 516 374 139 151 428 839 149 445 770 230 680 815 481 792 498 443 93 800 887 148 15 822 5 858 706 226 795 529 699 575 345 756 23 31 217 308 68 60 238 132 131 707 223 459 113 368 69 730 662 532 851 103 588 882 827 855 441 333 447 771 664 523 222 388 314 48 326 898 53 888 421 193 199 74 208 242 716 21 727 456 30 861 472 977 755 542 718 219 992 265 338 872 778 953 25 99 500 286 854 581 214 821 734 781 300 125 679 753 45 142 702 384 606 932 635 315 693 126 860 549 506 853 556 540 425 473 543 783 536 122 160 729 351 273 430 681 298 377 893 555 802 154 312 367 788 793 637 670 98 601 627 957 883 959 41 105 243 539 59 79 251 390 847 700 630 767 35 720 86 993 215 654 77 975 9 206 965 448 765 422 869 913 846 879 711 464 510 648 71 295 763 576 710 398 141 451 302 936 191 311 609 910 280 455 373 620 291 229 652 743 569 797 696 483 867 960 671 356 4 279 749 371 420 924 491 918 591 947 159 477 875 830 768 967 358 688
10
10 7 8 1 2 8 8 5 6 3
980
153 673 556 51 941 437 130 623 64 360 867 108 656 659 649 779 530 705 754 578 457 730 96 299 455 177 828 132 838 930 851 285 267 828 638 261 194 551 300 262 160 482 486 608 370 603 294 140 744 659 612 739 382 330 11 149 76 643 312 222 148 858 367 893 295 740 941 820 460 633 231 299 432 905 553 637 427 714 298 953 862 771 857 244 186 711 443 540 188 415 722 554 265 22 48 859 375 28 241 672 809 310 458 795 135 142 671 87 562 963 227 690 681 708 331 122 43 481 570 525 758 889 429 392 678 748 426 831 199 58 127 839 119 949 393 689 626 220 89 600 453 834 588 884 802 738 559 673 516 303 113 700 938 55 439 537 187 400 729 209 489 302 207 118 714 380 196 274 387 697 611 712 259 557 351 929 449 229 328 620 961 538 652 478 335 138 880 363 136 566 610 80 397 675 478 751 543 398 784 891 483 436 444 773 753 722 857 203 97 745 550 780 843 662 811 390 854 286 493 271 597 353 874 895 7 155 860 12 212 530 853 173 185 804 436 875 412 496 164 968 506 326 980 487 790 350 294 243 931 133 124 381 366 905 118 86 365 19 14 902 577 644 858 448 937 276 558 947 195 245 424 335 632 592 216 799 972 586 709 742 144 757 349 763 872 687 541 189 908 218 847 217 619 137 6 741 283 731 602 242 270 536 653 894 560 719 93 803 73 777 774 769 56 778 914 34 344 572 257 182 491 18 919 61 537 796 289 63 253 42 205 707 388 686 888 897 545 38 350 459 262 855 670 735 514 741 85 793 371 736 977 62 590 733 339 746 778 48 433 46 592 782 403 5 184 519 583 957 764 75 842 345 69 401 419 201 688 576 56 914 49 264 695 416 205 31 526 871 429 572 580 531 193 975 680 896 789 324 869 840 634 802 341 798 445 221 598 925 676 943 824 674 364 26 901 321 376 503 691 607 354 569 115 664 715 70 530 532 368 759 657 356 527 704 610 903 146 919 325 308 139 32 179 77 717 848 456 693 770 303 333 288 522 488 876 755 145 311 411 287 57 297 83 224 454 191 369 343 834 507 59 395 358 561 59 78 852 513 331 832 959 434 706 404 278 332 890 948 401 564 546 573 590 725 73 608 133 390 167 907 599 63 342 104 144 819 158 588 74 234 311 185 904 823 156 539 111 556 241 512 322 240 823 807 849 703 179 924 459 720 464 105 534 669 846 939 901 615 82 369 792 810 962 222 965 702 218 296 190 640 225 41 60 550 841 604 206 868 129 590 717 709 187 794 36 237 334 266 797 658 911 927 226 918 732 307 826 579 53 337 922 429 776 679 479 248 407 636 765 159 268 935 103 1 410 195 79 850 574 665 400 198 200 475 922 766 473 647 86 78 176 964 30 752 107 112 484 442 127 883 654 141 117 904 417 974 716 94 425 730 123 391 500 668 583 327 788 882 569 110 52 194 910 559 277 534 492 801 201 533 471 113 535 542 734 281 13 956 399 552 951 317 721 362 339 46 972 726 728 150 940 12 873 628 178 964 162 501 915 495 520 66 946 554 329 277 214 485 772 781 45 9 252 529 377 27 291 833 950 197 789 56 504 286 27 47 497 621 923 377 480 641 552 897 3 678 934 609 616 532 152 260 163 383 21 581 832 800 174 830 713 622 115 551 844 958 613 384 460 510 308 677 967 167 896 452 433 955 845 937 813 92 347 892 773 941 307 743 74 273 932 408 446 517 970 620 617 153 372 109 954 645 815 35 350 625 494 267 837 568 124 468 766 470 723 354 599 320 920 811 591 565 31 235 257 524 405 4 213 292 614 655 16 462 537 420 525 394 528 74 387 347 447 301 166 98 618 724 65 699 250 646 682 126 634 301 719 866 1 966 331 84 912 745 916 135 438 629 718 870 170 280 422 68 563 806 421 239 829 496 692 293 642 161 863 825 181 121 589 168 650 175 816 78 862 767 477 275 57 190 223 263 81 921 733 54 853 945 121 348 715 724 451 466 72 783 762 578 555 877 116 249 208 861 575 125 817 872 119 394 685 306 679 455 845 40 979 683 349 508 680 926 583 29 571 766 593 284 102 304 96 791 300 282 611 900 661 782 139 80 101 8 797 490 521 196 88 762 364 760 183 633 503 371 66 663 465 833 719 737 172 438 314 917 154 414 296 885 232 623 123 835 598 431 100 960 258 694 44 723 60 595 452 106 114 811 10 82 731 801
573
530 334 82 226 118 512 293 76 194 431 218 447 313 237 340 487 276 389 359 253 351 374 271 426 71 89 25 399 304 315 503 290 223 243 305 402 260 32 479 115 292 333 309 256 277 121 272 203 564 345 72 177 480 501 109 122 152 196 466 244 111 555 505 28 372 135 278 79 150 483 113 130 120 392 69 377 518 528 299 303 362 474 13 348 232 562 557 189 556 202 332 526 146 200 548 494 335 68 350 444 317 67 287 378 191 127 423 246 77 550 321 428 39 224 132 383 64 134 12 338 110 521 124 375 542 365 552 462 422 139 459 409 298 353 414 29 54 508 3 324 231 368 427 347 195 404 445 159 549 465 570 84 183 216 270 126 74 147 546 568 429 45 227 382 421 229 103 551 261 376 525 398 145 153 63 73 490 482 357 310 510 78 88 101 476 499 326 136 434 263 105 97 284 66 209 236 250 495 176 188 274 517 94 336 448 85 565 265 454 366 547 393 239 162 98 522 242 281 443 400 453 432 446 536 320 371 163 558 420 210 367 413 531 18 513 7 346 569 538 186 238 397 34 560 53 571 225 27 285 330 380 107 436 168 23 543 553 461 62 291 22 567 358 369 208 524 478 156 179 86 254 441 405 384 17 199 2 222 240 433 154 507 537 282 468 535 96 41 306 323 385 258 435 141 307 424 337 100 215 252 403 185 35 48 80 395 228 264 65 573 493 545 416 166 500 373 184 205 532 407 138 314 419 430 197 327 20 15 171 381 158 540 341 475 9 308 401 275 439 328 42 129 455 379 44 533 331 312 266 249 207 463 481 192 164 137 486 149 406 119 151 70 319 178 268 452 112 329 204 102 456 485 488 169 496 360 411 438 123 219 516 81 55 92 491 539 519 108 116 75 14 301 300 267 57 343 217 161 142 220 259 36 559 93 47 273 492 106 26 349 206 140 387 364 515 83 449 561 506 523 19 342 212 286 472 451 527 294 440 181 174 370 502 10 458 187 504 173 157 514 165 43 251 554 144 563 457 394 408 211 143 230 30 1 489 4 170 352 450 180 213 355 410 198 418 412 248 99 193 60 417 91 117 51 214 325 344 509 247 245 37 354 128 50 133 87 16 125 396 297 5 467 361 572 464 477 473 52 471 520 391 280 31 437 175 296 469 61 460 59 33 148 235 24 415 302 288 234 388 484 322 283 56 58 356 497 172 363 131 104 21 114 95 257 38 182 11 90 566 425 255 316 221 295 289 160 529 201 190 46 541 279 311 442 498 40 269 544 339 470 390 155 511 49 233 386 262 6 241 534 8 167 318
53
47 9 26 43 32 30 46 15 6 49 33 6 1 31 34 35 47 25 49 2 37 17 18 16 52 27 53 14 12 29 20 38 19 41 40 24 5 10 28 45 22 39 19 13 4 44 1 50 11 21 7 12 23
400
232 201 375 173 190 77 45 361 250 57 272 299 134 219 333 272 178 146 287 176 176 124 162 87 292 164 350 106 284 286 167 67 396 229 368 123 212 58 43 361 328 363 11 294 355 398 149 257 5 345 4 263 287 353 330 362 220 17 181 109 149 69 375 244 139 299 278 303 184 96 195 129 357 389 261 75 222 206 226 285 395 128 40 323 230 92 264 246 370 223 289 41 26 320 384 37 264 80 194 269 32 188 298 156 255 322 242 27 132 265 287 191 395 399 54 321 199 382 74 303 214 347 343 267 144 107 390 372 15 280 33 138 328 91 201 295 50 309 191 210 310 383 323 302 36 364 393 126 169 358 154 26 186 283 197 116 392 196 399 252 347 266 111 117 349 369 397 331 51 71 99 94 388 35 207 341 300 317 210 10 46 165 54 150 1 76 334 249 347 9 374 270 388 131 313 47 74 20 72 245 274 184 103 44 149 166 246 24 178 105 85 297 93 10 155 208 55 89 248 148 247 348 182 211 104 324 183 182 308 29 93 19 72 390 42 102 80 158 6 183 73 258 102 260 318 224 172 304 66 120 134 332 346 56 375 155 250 79 61 30 279 306 89 311 122 64 14 229 13 84 225 236 170 337 117 242 228 109 103 247 366 83 175 108 235 376 254 142 78 157 259 329 288 237 301 263 18 372 352 187 377 316 234 101 270 367 309 49 76 124 271 124 44 180 145 25 293 125 151 256 241 100 137 373 14 397 248 231 174 168 315 281 69 227 341 40 185 373 141 345 136 196 273 214 160 383 198 162 113 171 154 290 121 158 140 393 135 139 249 347 239 28 378 59 242 221 141 7 70 319 43 277 305 354 110 386 262 371 209 283 153 385 86 207 147 245 329 177 217 296 384 399 34 299 216 38 56 382 282 282
200
125 18 192 13 186 156 149 24 52 7 163 114 178 148 41 170 93 176 148 11 49 5 104 126 23 172 76 195 184 165 141 94 58 134 47 144 91 158 6 11 95 78 101 112 187 10 88 160 177 143 182 172 32 77 171 189 66 191 139 157 108 177 88 139 154 190 51 153 169 180 195 163 55 194 158 1 142 165 38 133 146 21 68 189 154 132 48 161 46 198 37 11 96 5 174 2 14 40 129 161 16 67 77 178 187 173 126 127 171 98 161 93 103 89 101 153 101 94 190 200 164 86 44 167 84 88 58 157 91 55 165 117 67 88 174 37 166 22 144 97 114 160 84 73 22 181 54 14 30 142 200 156 127 170 74 72 164 154 136 39 137 130 72 14 30 46 105 7 156 37 49 85 41 99 199 19 192 110 24 19 114 172 41 166 162 104 183 48 121 83 78 157 64 87 198 13 94 67 103 23
320
244 311 153 145 221 227 300 278 295 247 315 272 92 60 153 148 220 127 257 192 251 149 148 136 233 319 50 101 320 212 131 112 34 138 17 292 122 14 218 1 178 164 290 11 233 118 169 71 82 68 80 287 59 210 236 38 112 85 124 51 228 304 244 7 4 185 215 88 279 189 241 146 85 108 178 135 113 189 258 227 264 28 181 65 177 19 100 9 120 61 24 224 283 116 274 276 256 281 270 301 166 46 59 277 189 156 125 314 213 141 97 200 202 240 82 239 13 40 56 138 153 158 46 319 96 245 169 154 231 193 67 188 151 237 238 250 238 100 189 220 297 196 64 247 69 20 108 252 56 309 39 312 55 319 242 293 52 239 307 307 258 214 159 248 193 261 242 172 161 247 44 65 281 168 68 112 25 313 31 243 150 148 99 297 187 69 207 223 277 36 100 76 54 116 259 284 245 211 249 10 33 282 199 199 179 78 254 115 187 180 306 103 12 294 176 95 249 2 33 151 137 275 111 142 259 279 206 303 81 186 205 137 157 91 260 235 202 21 308 198 22 318 106 50 204 208 297 190 117 286 278 64 21 132 320 43 109 147 99 42 91 256 67 91 216 118 80 158 259 127 150 285 102 71 65 209 265 255 298 163 162 266 67 219 209 280 146 234 109 19 246 172 183 77 98 92 114 15 95 152 304 90 94 197 130 129 150 41 291 61 302 171 17 130 318 105 111 30 23 73
200
48 200 141 123 137 31 170 106 149 171 110 33 15 19 5 121 16 199 158 43 149 4 7 188 63 163 115 62 97 185 196 29 182 13 178 104 150 89 49 39 129 87 49 12 181 18 8 178 24 187 168 104 174 70 136 138 88 80 57 106 25 132 165 63 79 184 144 84 105 47 164 9 59 126 187 118 145 35 113 116 111 46 25 93 175 34 98 156 67 116 12 82 89 131 83 172 160 7 13 57 189 189 26 181 75 65 157 6 71 13 92 199 97 37 133 157 155 119 37 47 62 156 75 136 160 34 95 199 191 7 56 153 7 145 171 171 156 118 174 153 181 187 179 154 25 94 93 125 158 81 188 195 125 73 47 142 25 57 151 100 152 130 46 174 85 43 114 150 27 51 3 179 103 101 92 33 87 81 170 33 63 25 70 108 186 18 175 156 84 79 103 161 188 95 119 47 60 10 31 34
10
10 6 4 3 10 3 1 1 7 7
10
8 4 4 6 4 9 2 9 1 8
59
13 36 59 28 3 34 35 40 2 31 39 4 10 7 58 29 47 11 45 11 30 55 48 1 14 50 56 13 17 26 58 59 51 33 32 6 49 18 38 23 18 58 27 57 28 52 5 25 12 20 41 32 42 10 31 21 16 37 46
10
5 10 6 3 6 8 8 2 8 6
873
52 436 506 202 14 812 666 344 323 131 722 765 448 139 5 179 643 171 755 625 697 289 837 836 818 220 646 34 425 491 825 849 858 441 694 729 588 97 535 633 373 797 628 201 493 611 782 852 402 189 868 492 671 6 612 209 650 460 275 547 314 463 543 347 761 259 39 35 194 415 846 57 63 58 192 150 814 677 368 798 200 465 404 651 299 805 498 756 410 810 434 335 173 693 428 247 706 124 516 95 674 739 146 799 461 604 613 688 366 208 457 175 455 333 827 437 99 483 555 748 418 655 195 488 850 521 672 468 73 378 477 215 511 155 241 8 311 119 371 133 548 684 254 536 21 603 262 814 803 517 524 776 833 87 708 27 834 559 350 394 354 578 801 609 570 118 393 714 397 268 497 134 870 190 867 707 329 232 661 414 407 172 654 601 558 376 384 180 2 534 312 564 731 307 710 763 678 641 157 276 296 391 815 572 724 779 719 294 467 501 4 768 341 257 273 389 188 332 767 791 75 583 568 399 198 873 659 53 788 647 860 513 795 597 489 277 732 331 617 79 206 3 345 430 439 392 100 328 282 287 145 621 266 263 660 28 752 781 663 690 745 358 372 577 632 648 360 308 704 746 319 740 523 813 728 44 638 156 532 682 496 123 487 290 431 165 22 630 239 838 635 595 556 429 183 510 80 32 41 446 571 820 545 754 231 315 422 29 154 82 349 866 778 702 321 330 599 802 284 861 644 114 424 735 698 230 238 642 138 565 388 223 316 716 734 599 514 196 747 786 598 533 51 668 576 235 602 207 42 708 675 112 229 829 567 193 758 816 772 527 161 711 351 785 686 743 764 618 92 830 309 854 600 747 318 116 278 409 336 503 433 607 182 495 759 832 243 606 790 417 245 12 451 525 713 386 379 57 17 456 40 300 267 104 447 507 669 581 86 176 346 683 113 253 733 575 133 770 342 169 186 293 589 173 835 449 187 219 744 54 662 121 213 48 50 773 607 111 785 228 481 338 204 18 261 158 421 500 355 71 367 872 222 605 671 115 665 227 19 640 103 712 830 211 381 469 233 271 718 865 60 650 626 737 840 619 96 65 551 705 380 401 426 306 88 443 64 144 49 745 147 90 455 250 122 652 862 107 419 313 10 452 214 563 280 406 828 528 466 685 177 364 168 819 464 549 120 226 620 681 459 164 240 730 197 552 679 38 225 357 334 616 151 579 310 93 320 494 185 580 248 847 297 130 427 544 634 356 45 102 142 374 750 566 218 822 869 639 831 67 382 857 286 269 757 89 859 149 337 470 709 689 557 700 562 518 808 444 445 37 726 508 478 317 645 824 804 83 383 848 9 283 398 339 403 817 870 244 12 569 395 324 538 264 841 126 90 561 16 667 725 412 636 734 191 325 343 153 780 76 821 117 783 856 806 217 842 756 411 362 77 622 777 417 72 292 252 502 541 519 237 385 432 302 450 125 408 656 435 687 793 216 25 608 855 844 258 303 800 472 234 458 281 811 664 462 255 353 136 591 476 274 843 178 400 723 789 110 127 26 753 69 375 774 152 742 78 751 140 624 473 520 582 658 771 70 680 163 784 212 246 359 787 596 98 288 505 170 361 749 823 210 792 85 260 405 807 91 629 11 20 727 43 265 542 167 251 162 184 285 396 560 585 501 453 46 479 499 129 279 135 471 637 486 267 717 842 84 649 475 537 770 166 364 174 853 305 105 61 15 13 657 68 1 484 522 454 530 365 487 531 56 291 304 809 826 74 256 673 851 31 106 326 298 540 529 695 512 796 474 614 369 295 442 670 128 199 584 66 88 590 766 736 420 871 586 7 270 594 482 440 62 794 148 696 676 762 413 148 242 159 170 701 30 592 610 352 550 390 340 370 593 485 504 691 741 363 553 845 141 720 574 224 109 423 205 769 653 132 515 203 480 322 587 490 181 839 703 775 738 59 340 377 539 627 143 631 526 416 864 301 36 438
1000
965 897 189 149 43 752 742 666 931 831 294 925 469 948 855 887 162 924 195 914 151 625 749 650 90 440 967 291 143 400 621 396 525 806 753 573 696 668 779 133 567 137 5 785 577 18 911 599 915 663 10 89 846 406 493 944 48 591 613 108 343 683 226 423 118 770 411 977 870 775 482 310 600 228 949 447 401 680 289 422 264 836 317 436 102 739 620 2 52 617 432 966 630 611 583 926 886 298 554 326 695 85 946 458 826 249 63 60 665 327 527 741 299 444 593 129 304 65 848 136 260 408 829 816 223 488 733 561 125 197 520 570 40 837 707 984 42 833 786 484 206 104 29 644 243 608 670 237 657 661 21 582 142 981 455 895 703 312 539 623 675 17 275 96 263 669 941 606 882 460 659 523 364 257 534 616 360 497 763 884 758 920 353 850 867 901 744 960 3 885 825 678 546 256 916 445 135 337 512 491 641 585 200 996 869 141 126 120 379 236 233 253 533 974 114 624 473 429 969 409 345 857 951 815 240 847 420 651 868 615 51 776 893 428 340 329 307 8 503 225 350 839 145 754 315 395 854 538 694 838 782 790 757 280 489 910 912 375 548 98 94 745 362 81 481 879 871 881 526 466 902 495 116 412 439 975 325 773 963 254 23 208 866 997 459 612 824 784 79 50 295 398 232 11 802 637 305 212 113 111 740 873 986 721 563 346 19 505 662 461 224 158 605 589 159 737 83 798 348 467 510 376 664 587 553 100 6 932 416 992 715 239 536 531 381 443 198 852 14 181 227 638 61 817 712 306 697 810 513 241 389 898 183 685 720 508 743 994 812 622 835 486 269 173 689 934 4 576 165 549 262 417 470 930 258 322 781 92 209 686 335 950 392 13 485 318 434 982 324 559 735 729 215 41 246 32 756 292 731 30 387 34 730 367 448 54 962 122 679 442 67 274 791 796 194 1 57 581 566 388 121 80 284 723 238 883 453 234 218 385 545 91 747 84 927 658 768 714 993 26 692 410 336 283 290 390 76 688 425 772 725 529 955 698 155 618 909 404 285 152 110 899 795 479 604 270 320 913 446 355 475 676 217 863 471 558 597 800 464 917 265 71 804 140 117 780 339 844 648 708 667 805 55 551 272 964 297 522 672 514 674 105 610 788 308 588 936 356 86 321 771 199 820 500 516 59 532 319 872 131 849 498 172 656 33 793 437 490 452 821 334 207 213 175 681 74 700 562 851 506 281 541 841 279 431 193 705 449 903 609 494 980 874 99 487 905 942 457 592 633 128 519 998 990 499 419 196 636 655 132 569 985 36 777 968 368 45 877 716 38 862 614 95 943 202 892 961 148 430 717 58 834 115 652 537 890 477 654 245 73 402 888 231 465 313 168 823 332 550 578 352 286 991 157 230 492 769 456 603 87 31 203 160 216 22 394 919 687 765 93 794 979 922 671 987 568 813 342 170 958 154 995 250 144 778 504 706 586 858 24 163 384 724 598 580 524 314 619 565 732 150 309 684 323 109 631 119 953 166 147 634 923 171 501 161 472 843 177 728 78 535 933 153 643 354 371 349 426 378 357 929 441 750 311 192 37 347 20 49 382 229 904 39 880 259 647 540 191 255 383 957 176 547 438 331 646 590 303 999 555 783 248 393 653 451 787 797 970 691 403 399 632 127 840 391 939 316 62 502 301 112 7 293 187 660 579 433 767 386 693 894 235 803 244 819 397 373 808 973 515 976 907 179 677 629 935 832 594 46 66 511 450 278 64 70 351 574 645 424 180 377 251 853 988 44 139 726 571 983 252 413 801 709 164 463 414 727 480 891 478 792 201 952 483 185 421 77 642 978 544 601 359 277 748 760 124 344 856 755 518 530 959 607 287 418 738 928 842 123 528 88 560 138 146 361 82 134 954 242 734 543 828 56 710 509 53 640 830 521 184 358 338 774 247 15 818 222 649 211 178 220 900 474 517 282 673 718 288 205 333 267 9 302 210 722 864 363 405 266 704 268 169 807 542 190 97 16 602 1000 596 799 12 101 751 156 918 28 906 462 989 186 271 878 702 556 859 762 956 811 937 47 713 130 701 690 557 380 896 369 182 415 72 330 296 372 736 435 827 221 374 626 328 682 366 766 507 945 860 875 972 167 814 584 370 25 103 971 468 75 365 454 341 627 261 107 699 711 69 822 188 938 407 595 496 476 889 27 575 219 639 947 940 759 214 276 761 68 809 845 552 628 876 789 174 572 861 635 764 273 564 300 865 908 35 106 204 921 746 719 427
10
7 10 1 7 2 10 6 2 2 5
10
10 5 5 5 3 3 2 5 3 9
100
28 87 59 80 49 22 90 98 72 37 10 93 99 78 63 95 50 15 71 53 47 91 8 76 26 48 23 55 96 17 79 66 54 81 68 77 84 46 41 39 52 86 13 36 94 21 57 62 3 42 2 35 5 9 29 64 11 74 33 34 30 4 38 85 1 88 19 7 89 27 24 61 16 12 65 20 51 75 44 82 73 83 40 25 69 32 67 14 97 31 43 58 100 6 70 56 92 45 18 60
100
91 46 29 49 30 8 20 50 22 89 70 78 82 90 97 12 4 77 5 40 23 8 93 88 31 10 92 86 84 6 71 35 59 75 86 94 81 83 57 33 43 80 95 10 88 52 17 45 96 58 83 53 59 98 38 67 3 63 54 4 98 8 46 1 39 36 26 11 9 31 38 36 93 22 72 95 37 56 50 85 16 60 48 36 27 19 17 64 14 53 65 15 32 7 21 41 18 42 26 73
20
8 20 11 12 16 1 3 17 8 2 7 14 9 19 16 7 10 9 20 13
165
132 119 117 116 14 75 99 68 150 66 78 15 24 6 112 110 40 118 117 131 78 114 161 32 158 77 130 39 23 122 153 163 101 160 21 135 2 151 79 34 146 61 58 77 32 61 109 76 73 26 96 86 72 24 147 158 33 96 34 119 66 15 131 164 105 25 74 145 91 141 74 29 104 104 122 86 146 16 97 156 159 40 43 130 135 60 157 97 142 145 74 27 47 128 94 148 81 65 57 158 73 15 128 71 23 11 90 33 93 32 52 12 112 161 105 114 50 91 138 42 147 12 42 26 40 39 89 47 112 92 152 123 57 155 21 66 64 17 77 11 133 25 38 113 61 44 74 123 133 112 120 92 77 90 20 153 159 142 91 144 29 110 146 93 56
160
47 138 132 5 89 33 118 153 46 51 73 75 24 139 101 3 63 154 102 15 32 103 117 151 157 107 127 81 120 116 110 155 65 2 20 12 76 22 38 70 53 56 84 53 21 156 109 26 74 115 7 31 29 44 4 128 146 37 140 64 147 143 1 131 158 87 59 85 27 57 97 22 61 82 17 111 42 9 34 94 160 62 136 66 49 148 137 8 142 39 144 106 69 92 28 93 10 41 121 91 113 52 67 149 68 71 141 123 90 78 45 145 136 18 99 13 108 114 129 48 35 19 100 30 104 40 98 133 79 82 37 135 112 124 11 80 105 43 119 23 86 40 55 125 50 14 25 95 6 23 60 128 16 77 88 96 134 36 30 122
20
13 5 13 15 4 4 9 4 15 15 4 4 19 16 11 20 9 8 16 8
200
197 151 64 193 191 181 117 80 126 63 35 151 11 55 169 101 96 145 51 110 51 183 109 165 108 96 181 196 175 94 99 22 55 96 182 127 86 190 114 92 132 31 123 80 15 157 128 109 95 82 29 169 65 110 5 63 135 153 180 153 131 109 116 103 81 105 62 188 58 186 64 52 53 113 152 136 143 124 184 167 131 54 122 38 45 71 13 86 177 6 82 104 91 141 129 39 133 45 3 76 170 186 4 22 63 189 84 122 73 90 41 40 192 25 194 46 3 147 132 6 122 54 112 107 31 161 159 45 49 4 127 30 128 68 107 158 66 62 141 87 70 136 14 73 83 190 45 138 189 52 178 199 177 196 34 89 144 46 190 96 141 99 62 168 59 140 184 179 131 139 14 18 124 73 33 54 58 48 164 16 50 1 47 141 37 163 154 6 99 139 28 114 182 120 27 192 29 60 1 122
100
32 78 62 36 28 77 11 34 59 98 48 100 86 37 82 63 90 77 100 44 60 90 1 10 3 54 62 40 44 13 42 17 41 52 11 86 7 7 28 39 94 88 81 79 10 90 24 38 46 61 71 8 47 85 98 95 22 43 42 99 50 74 74 25 31 26 6 83 17 24 88 95 31 27 94 63 67 56 29 36 58 79 97 28 66 80 77 51 71 69 24 3 55 33 2 68 83 45 87 33
20
18 13 1 5 4 9 12 20 7 14 2 14 12 8 20 20 19 11 3 4
1000
876 62 719 742 89 487 937 295 965 969 660 153 299 841 48 113 193 501 196 578 149 165 144 638 185 396 98 355 987 598 170 979 696 357 462 184 902 478 748 272 922 55 490 388 885 853 224 15 85 496 183 740 203 284 42 444 156 385 367 418 881 2 305 888 594 68 172 66 21 344 271 7 190 818 473 929 569 709 347 499 766 182 306 529 69 95 924 207 690 81 14 953 566 941 208 317 405 27 689 332 840 41 520 935 265 620 706 97 465 793 614 707 235 573 350 637 889 541 180 160 800 606 944 619 824 680 827 665 997 335 412 366 849 600 858 390 733 530 532 553 938 393 821 23 409 992 808 675 712 932 773 609 427 639 302 57 681 343 450 120 548 603 724 322 22 751 291 869 353 134 217 575 903 484 557 300 623 587 426 318 782 363 51 36 971 607 256 472 32 73 691 351 17 311 948 19 762 218 736 297 308 546 467 392 416 522 107 239 682 45 422 829 229 273 449 448 171 198 930 119 636 274 428 47 116 438 897 551 515 202 567 456 461 408 18 512 221 289 303 901 863 947 126 451 243 714 348 304 283 382 602 663 718 792 391 453 337 296 519 967 204 440 148 37 25 797 631 693 701 699 209 40 214 181 801 847 294 460 644 677 846 942 249 387 646 671 717 933 238 8 167 31 509 192 837 121 200 907 820 176 571 155 402 248 832 96 617 585 919 685 194 834 464 679 491 558 370 58 536 927 783 164 922 626 694 622 738 643 511 342 186 65 493 974 130 814 257 765 135 527 722 330 158 70 435 664 79 327 747 115 727 212 904 76 28 803 34 213 339 905 539 839 877 867 147 132 59 108 744 145 757 524 980 629 875 261 179 570 469 899 457 445 686 632 88 84 745 560 645 136 255 498 142 759 667 26 692 672 796 454 982 178 728 886 114 988 225 341 210 54 443 131 716 946 611 205 436 281 731 670 952 211 635 189 754 105 989 223 705 634 945 880 666 775 252 282 537 226 503 750 859 452 411 161 958 805 423 162 215 159 244 442 495 400 785 232 381 940 580 654 233 35 628 376 109 884 605 277 379 53 964 310 75 352 674 419 764 38 425 612 723 74 56 174 247 538 6 583 241 43 315 547 333 817 830 50 309 424 358 872 894 749 439 920 807 786 301 559 293 737 954 482 329 968 595 60 799 735 234 483 590 206 934 216 804 865 752 633 278 138 995 139 328 842 533 319 362 486 361 770 118 703 890 850 83 589 596 991 921 767 228 661 140 806 725 700 175 316 508 616 52 222 914 986 410 662 231 970 77 378 321 815 784 702 100 990 230 20 13 459 669 658 489 760 715 900 984 916 943 687 977 983 790 49 864 474 936 30 544 93 951 251 46 939 659 122 896 739 862 545 415 220 777 111 975 323 307 910 124 106 143 326 177 918 488 433 998 898 374 972 267 384 528 430 101 561 601 137 320 668 647 199 908 279 389 285 641 624 763 746 720 678 268 789 828 201 795 582 497 11 552 741 761 346 128 513 78 471 581 420 286 398 874 475 262 86 280 769 250 458 313 618 981 843 372 383 879 779 99 698 191 397 365 325 857 33 771 334 24 556 269 574 542 809 463 768 112 825 838 94 949 772 525 246 80 324 287 253 314 152 912 640 906 621 555 521 91 403 755 844 798 163 873 960 518 531 510 39 608 878 477 4 169 369 470 650 349 822 502 713 166 648 756 263 729 753 371 625 394 417 157 197 649 479 338 758 550 835 726 812 697 915 151 959 710 860 613 955 103 104 957 254 826 653 455 270 64 16 67 593 71 154 110 276 657 236 564 845 517 810 275 913 356 652 492 554 505 811 704 476 743 565 92 336 572 917 494 891 993 63 359 434 861 125 708 855 127 655 579 794 787 485 377 312 447 429 651 562 72 819 258 534 684 730 380 610 354 868 133 288 909 887 584 1000 259 978 695 437 441 776 823 188 599 732 526 870 364 848 168 866 931 500 535 673 375 791 507 895 856 432 61 266 928 466 446 404 852 399 516 543 892 44 407 540 676 831 227 245 386 586 240 345 173 882 360 290 298 82 851 780 292 721 802 563 331 187 816 1 577 504 549 41 973 87 926 925 833 883 117 219 871 150 985 523 413 597 966 141 604 264 12 395 642 123 431 414 242 195 711 962 688 421 480 911 778 994 781 893 774 734 576 950 996 836 9 368 260 514 10 568 468 630 923 588 615 999 591 3 237 373 683 401 592 481 961 5 29 406 340 506 788 146 90 956 102 963 129 627 976 854
50
31 35 13 43 36 48 10 34 30 25 19 37 43 37 5 11 34 29 43 24 41 6 4 13 21 2 16 29 31 2 7 3 15 4 37 19 35 50 19 18 33 30 48 47 41 11 18 15 16 27
870
255 613 359 111 159 610 753 644 156 856 189 512 382 638 832 339 710 52 579 245 254 553 274 114 529 618 248 126 583 583 3 28 615 853 807 739 435 585 207 815 724 867 253 769 393 341 839 718 259 807 547 787 662 208 669 183 82 329 731 709 650 46 161 704 485 599 593 158 456 452 636 555 133 431 595 799 470 779 296 180 817 854 649 340 557 196 700 190 235 150 753 289 321 247 308 57 38 703 273 784 617 278 775 223 775 611 727 712 238 649 488 492 439 171 129 23 146 471 359 196 544 434 164 655 276 184 281 774 793 615 806 205 171 291 775 755 648 561 456 171 821 85 508 57 286 222 843 260 665 563 726 520 358 421 425 409 489 198 512 810 687 520 471 122 102 790 535 502 830 438 847 582 304 851 302 303 602 713 476 814 472 195 167 483 82 264 149 254 436 362 337 96 268 423 38 808 82 848 222 351 23 411 156 411 693 834 428 228 285 305 839 319 508 639 732 122 408 566 24 136 259 446 841 652 631 711 231 825 717 608 462 541 407 631 718 267 199 784 576 226 449 395 844 604 15 72 507 197 633 319 193 585 802 54 44 356 750 41 798 223 109 819 492 224 172 572 252 660 377 244 867 379 50 817 719 341 297 671 705 281 179 308 46 363 600 716 77 529 303 454 251 374 824 273 374 590 361 849 310 155 599 405 669 36 527 764 35 661 453 101 594 61 268 188 663 309 343 407 499 209 540 800 340 670 701 689 421 609 63 511 567 830 294 76 238 45 784 696 760 298 627 761 77 520 862 784 177 94 19 349 408 680 83 339 560 299 210 310 640 827 761 868 254 521 20 294 218 445 114 771 754 275 622 804 456 202 704 733 685 738 495 821 675 772 302 600 540 672 720 740 508 799 140 730 108 289 588 409 865 412 195 560 280 617 814 821 84 296 834 116 618 785 11 502 254 494 641 621 861 377 399 278 285 80 121 734 264 416 153 20 489 181 283 485 850 497 440 450 8 242 850 728 836 733 581 42 180 263 645 580 715 500 399 373 764 695 124 220 116 102 30 483 352 390 862 679 53 665 199 177 2 292 164 866 19 7 718 657 574 149 649 531 70 213 747 507 636 419 288 842 261 555 518 272 180 613 5 436 356 230 666 631 736 604 379 252 259 299 224 693 59 347 169 395 216 688 645 804 329 97 35 415 257 718 2 262 655 225 217 434 635 285 813 314 491 395 345 100 638 246 715 305 640 193 187 142 525 694 759 821 333 572 294 147 470 522 658 367 573 473 448 653 339 336 583 266 224 13 496 605 797 270 622 15 42 473 28 148 75 169 227 527 354 336 504 470 526 583 818 55 453 349 392 200 455 660 37 810 297 207 675 589 784 125 222 508 256 726 455 29 741 310 163 508 193 678 201 259 161 230 817 286 836 221 490 73 655 770 292 123 168 454 772 437 751 387 626 639 129 432 102 409 339 806 454 795 616 856 439 43 388 281 386 390 649 431 824 558 677 359 429 34 652 590 477 473 790 197 254 863 58 189 318 178 475 66 96 535 381 679 443 387 44 707 90 754 264 286 305 769 828 123 282 290 343 457 550 326 489 144 92 663 324 505 111 367 588 513 689 834 400 772 92 228 291 526 31 657 185 480 166 477 338 671 395 105 139 646 504 628 724 73 342 673 251 585 651 30 288 596 673 221 571 281 132 116 856 865 116 769 482 609 789 711 817 867 606 761 403 601 397 165 140 599 833 474 783 491 750 815 99 42 454 656 708 211 260 710 621 736 244 650 282 551 794 702 264 680 511 789 710 648 493 663 773 833 816 33 173 677 656 575 83 348 764 558 286 611 402 573 420 117 777 413 568 634 584 788 183 640 800 661 584 550 840 220 113 754 217 453 428 50 467 863 516 602 202 607 176 128 813 89 262 803 601 453 250 158 242 589 415 639 862 9 637 577 493 140 24 479 660 284 864 628 227 567 120 177 347 57
873
476 594 655 223 866 121 784 127 719 387 289 766 724 139 181 66 712 112 572 363 694 65 110 5 533 600 845 398 511 379 688 279 849 325 230 305 376 427 722 12 170 516 562 442 780 42 203 244 257 60 524 331 148 301 117 605 690 236 529 777 2 599 631 538 870 275 756 205 737 199 158 521 383 449 295 446 514 258 589 62 404 535 817 649 284 607 255 206 582 632 577 4 771 34 33 818 380 183 862 391 801 856 30 561 185 544 597 498 151 734 625 260 264 542 396 482 564 276 824 215 530 19 433 554 496 475 61 612 834 348 499 190 853 798 781 241 513 11 324 17 259 175 457 44 46 211 728 863 336 47 416 687 582 197 517 671 812 755 406 747 329 459 315 196 108 547 763 665 826 291 556 848 761 58 576 153 405 92 164 386 539 38 267 868 706 558 478 54 382 481 225 543 677 803 157 270 570 713 381 187 797 293 532 793 428 349 804 704 802 765 303 384 74 702 126 75 773 49 309 790 145 733 579 317 858 100 743 171 360 662 409 346 124 64 497 604 162 841 800 674 873 505 630 759 445 6 25 552 850 94 388 466 440 839 647 430 687 452 691 776 443 252 726 726 645 608 80 103 179 851 586 78 132 401 43 364 823 79 32 243 435 716 590 568 718 739 240 403 351 1 822 525 519 831 816 842 274 537 319 680 553 540 596 454 727 200 125 368 156 788 381 140 265 584 837 115 370 137 591 748 648 20 180 226 636 732 312 550 838 7 105 770 41 278 305 294 794 659 377 88 474 809 52 314 393 485 654 3 557 198 343 871 277 657 16 475 769 320 827 23 701 460 534 407 98 741 860 501 644 261 774 772 269 283 792 40 854 69 567 491 740 563 97 15 189 646 598 620 342 731 455 235 71 621 629 341 316 161 153 106 354 859 184 355 397 619 480 167 672 327 394 282 487 372 528 237 419 721 453 337 410 392 512 174 653 483 725 768 134 437 328 486 438 507 618 799 166 357 155 686 623 389 90 821 358 448 152 464 268 57 207 807 415 81 313 465 296 735 347 492 667 652 287 178 18 101 696 633 93 375 234 188 219 434 469 307 681 168 214 186 51 463 635 395 77 456 271 764 744 462 89 637 857 423 746 668 266 541 606 369 458 273 813 806 484 390 575 707 546 750 218 195 609 708 526 385 676 592 779 586 661 479 262 191 63 48 651 227 825 413 304 353 847 246 141 254 650 669 182 86 527 830 840 864 698 212 683 37 855 248 710 775 28 39 844 150 239 32 285 308 461 678 181 33 359 751 469 68 852 292 350 299 366 638 123 338 73 402 447 333 50 400 509 643 233 782 306 510 76 378 70 865 271 412 564 424 365 176 795 251 593 660 573 861 560 610 641 67 685 122 339 192 220 280 194 213 322 684 833 715 810 247 272 272 742 334 95 551 536 869 113 10 371 789 787 53 216 611 9 642 832 352 754 225 670 623 504 330 208 104 142 522 624 489 321 502 659 210 482 83 723 711 326 245 688 116 500 705 36 563 729 29 288 173 256 231 523 634 31 639 439 163 791 682 420 229 506 490 335 640 84 119 133 843 714 695 700 441 228 673 767 35 361 587 45 515 571 692 27 814 160 144 8 56 426 758 872 836 249 356 595 867 323 279 107 143 835 418 762 588 201 298 421 811 757 136 559 169 749 508 21 422 531 199 548 703 159 752 520 616 545 689 129 399 154 808 425 109 493 470 26 574 663 601 411 451 617 666 257 785 602 417 796 699 658 628 332 565 783 238 302 494 444 555 846 432 165 503 204 345 263 566 209 518 14 473 581 120 131 675 250 414 36 429 290 679 22 96 697 614 118 172 102 858 91 135 111 149 736 585 778 627 311 286 436 232 224 471 472 730 720 31 693 786 431 55 297 147 221 344 374 222 709 367 615 477 128 495 805 85 815 819 87 417 310 580 656 138 603 13 99 488 772 202 72 281 583 264 828 318 760 820 664
100
95 21 5 28 16 62 9 20 91 15 52 72 60 66 6 25 86 82 55 54 26 97 13 89 30 79 56 36 94 2 49 77 63 14 37 81 34 22 55 98 47 92 99 31 87 70 90 40 29 68 11 42 84 27 39 96 19 76 73 1 35 7 71 48 32 51 10 3 75 45 53 24 61 17 58 46 50 41 33 12 44 100 23 85 59 43 38 69 93 67 8 64 74 83 18 80 57 88 65 78
10
5 1 10 3 9 9 6 4 1 9
53
48 45 41 14 8 20 51 12 52 24 29 15 23 18 5 28 21 3 51 19 44 34 9 33 50 5 22 32 2 46 30 46 16 31 11 25 17 26 6 38 39 40 7 42 43 32 10 4 35 13 6 8 36
996
929 164 882 196 259 661 729 724 530 744 598 202 295 415 807 118 641 549 558 440 687 606 191 313 973 308 428 135 267 705 298 803 876 455 318 567 300 392 931 421 928 9 884 118 677 536 141 895 465 351 19 62 929 683 196 886 271 381 378 347 503 186 124 185 453 388 317 152 22 988 411 263 217 37 949 318 136 584 68 802 24 428 134 908 386 586 289 796 749 61 361 485 704 966 219 331 391 369 455 673 335 506 355 623 56 953 831 440 18 456 804 34 499 130 149 199 529 533 537 967 478 46 407 842 252 198 171 680 230 414 793 625 73 526 903 43 104 780 483 481 711 989 944 679 534 854 280 584 106 123 81 717 605 730 887 163 338 204 237 599 519 368 709 452 928 396 622 374 208 631 699 914 621 912 715 449 165 272 996 592 813 889 135 391 402 240 433 528 965 806 932 722 786 728 708 403 767 187 206 437 726 759 864 230 484 221 713 898 987 900 190 96 595 362 341 422 247 31 472 913 210 994 633 838 520 78 323 49 97 653 959 809 899 934 166 432 159 128 32 501 971 248 658 546 746 27 145 480 758 751 131 285 469 239 222 808 184 693 556 608 269 598 660 557 591 496 418 410 699 955 979 178 25 648 768 114 855 406 122 394 859 196 381 734 779 314 619 382 755 475 815 192 26 78 894 220 993 193 288 972 27 744 430 93 166 353 607 856 33 629 437 614 657 747 741 427 980 70 15 835 162 873 63 272 643 995 379 109 691 333 655 917 372 681 883 212 690 681 155 922 183 354 735 213 413 244 724 865 936 970 281 354 831 691 679 312 857 709 332 892 323 723 771 798 703 168 521 721 975 686 158 943 824 168 8 267 39 142 610 712 774 581 117 819 811 456 971 66 850 81 261 740 918 583 295 216 399 841 572 789 211 800 203 463 92 965 140 649 202 697 75 437 4 852 120 499 872 479 112 273 296 719 7 274 840 408 49 82 654 948 262 822 609 652 180 613 927 926 936 718 496 834 71 849 666 624 575 693 176 754 68 491 960 366 175 438 924 569 198 490 652 159 223 735 359 382 112 707 40 50 108 219 442 983 445 59 539 708 171 762 7 516 883 637 817 115 601 15 905 303 769 938 105 243 645 824 986 468 365 663 154 243 167 492 21 279 659 830 281 207 8 420 260 688 830 284 672 326 555 826 72 938 103 360 371 564 9 500 851 285 131 950 961 17 770 627 653 773 538 48 863 372 940 548 265 50 592 90 35 373 785 687 701 523 694 472 121 497 828 225 942 500 647 293 930 760 224 551 825 584 320 477 974 467 404 227 250 598 233 59 579 30 451 434 205 278 449 264 174 791 436 235 474 383 907 599 683 518 134 897 460 84 848 287 245 939 519 324 64 873 499 778 984 52 168 971 127 121 901 266 409 681 559 77 819 831 51 356 575 304 35 13 94 74 701 714 364 429 143 414 980 603 319 612 284 215 56 585 276 169 347 447 537 635 30 312 405 767 84 634 623 795 385 623 95 968 450 142 96 291 515 197 858 731 305 838 350 983 226 424 338 337 587 590 742 242 880 594 639 878 742 737 180 879 805 572 160 958 171 145 710 486 513 214 888 389 483 195 404 201 567 345 870 638 218 536 102 643 422 231 368 315 507 8 727 603 951 626 632 400 593 440 844 586 343 781 929 923 915 600 814 827 910 10 762 871 147 563 777 787 426 285 364 179 964 436 896 251 571 832 349 14 979 398 893 249 801 580 818 59 2 344 95 443 69 237 327 933 607 591 498 301 268 261 557 253 744 690 604 834 29 764 138 157 290 620 868 172 764 380 695 420 292 314 885 126 241 66 670 498 625 776 840 523 761 502 119 417 524 970 929 757 808 321 942 100 743 646 961 551 353 137 684 514 821 755 330 552 126 969 188 259 44 330 304 690 123 111 816 939 393 155 510 616 309 766 493 651 182 528 711 331 450 297 194 425 201 284 90 881 82 367 98 866 374 957 889 875 487 178 597 3 462 823 805 692 783 719 799 326 659 42 325 612 912 195 97 236 720 370 85 544 636 647 254 234 615 356 348 812 674 157 58 363 259 689 65 346 746 366 621 574 348 340 347 211 176 522 821 721 44 420 489 473 270 573 118 916 566 577 569 371 150 143 912 941 193 89 733 52 153 662 146 377 682 757 57 909 940 457 944 612 508 589 388 667 238 10 200 772 241 316 750 116 232 309 377 124 885 353 632 403 299 234 379 255 181 721 375 899 284 447 775 674 782 304
10
6 8 7 6 4 10 9 2 5 6
1000
100 963 820 745 853 642 524 174 509 561 388 828 306 427 428 269 273 596 852 178 428 256 700 373 949 180 326 392 180 928 597 405 675 989 740 332 977 640 585 582 583 192 635 304 184 439 498 778 856 337 311 714 66 95 566 758 806 577 433 63 984 177 60 763 603 53 875 164 844 792 736 91 376 234 344 979 308 722 455 515 377 661 425 150 905 157 431 565 843 239 155 677 117 604 54 795 400 427 420 1 630 551 551 435 292 448 10 947 114 594 588 143 855 27 670 873 93 251 927 370 652 450 258 697 906 876 513 154 473 665 254 847 947 828 191 347 78 957 348 59 497 482 133 909 966 858 151 375 940 166 156 983 757 128 915 12 86 87 838 842 691 581 517 68 489 528 887 526 804 913 281 249 954 8 382 27 62 20 527 945 737 734 143 27 508 922 882 647 945 828 135 87 477 561 828 580 773 882 872 379 764 993 681 865 736 370 454 320 933 821 828 276 192 330 736 971 952 194 703 828 253 277 422 452 730 518 468 937 334 251 739 896 416 171 442 72 42 118 90 395 247 771 140 120 626 770 241 705 172 914 697 810 637 131 479 554 624 123 669 502 293 475 682 896 687 575 639 394 16 506 494 389 17 851 593 896 222 483 574 387 327 606 579 588 467 915 972 349 807 823 742 510 358 297 657 595 294 189 900 215 252 220 9 44 840 218 702 78 635 569 51 868 359 607 760 723 715 440 860 208 865 475 133 22 347 107 489 650 907 214 301 36 216 452 512 857 50 945 354 572 543 349 522 676 365 620 975 139 414 167 816 982 75 339 306 947 657 784 327 992 546 42 961 231 345 892 474 935 889 158 411 424 24 532 148 73 81 888 200 712 634 175 698 419 463 749 280 11 28 650 600 428 187 268 240 782 511 560 731 97 469 431 504 929 32 984 968 976 766 618 371 786 509 184 614 107 640 548 384 99 486 223 74 698 83 921 295 143 493 797 391 694 561 59 104 456 996 897 199 318 286 235 570 644 645 781 485 106 601 122 887 167 945 207 79 436 798 827 901 323 948 903 385 717 679 881 285 227 272 805 648 899 129 367 84 924 193 243 255 501 848 338 278 759 860 421 645 542 445 503 732 15 429 271 932 524 141 47 640 787 480 188 490 403 908 270 981 956 355 880 543 335 127 226 80 631 412 147 979 166 605 302 623 750 475 168 179 256 331 39 59 553 364 645 299 482 180 535 769 633 140 564 813 599 370 361 260 418 744 578 390 735 668 886 478 362 657 402 931 398 251 985 359 610 887 492 943 999 310 784 998 971 955 967 266 449 103 224 799 196 215 40 225 969 970 871 664 132 725 579 801 786 275 110 296 18 996 984 544 996 226 894 65 572 521 347 314 180 790 539 923 799 761 415 715 495 697 410 816 346 641 656 523 257 680 245 994 553 847 101 516 654 540 381 460 990 988 323 267 735 621 6 920 444 646 813 132 471 663 298 653 121 651 937 862 622 782 508 984 817 82 739 671 587 130 685 925 301 259 115 204 890 839 321 46 934 92 885 465 625 203 263 102 959 666 951 265 189 755 859 161 736 919 432 850 287 183 808 995 288 756 307 219 662 909 508 708 707 688 283 260 380 946 52 347 883 464 538 729 818 861 872 316 987 589 326 162 192 719 576 399 491 973 922 457 302 181 898 288 931 453 143 283 549 401 698 55 558 386 333 789 845 785 874 689 401 153 56 23 565 613 696 64 201 662 409 441 825 243 246 242 829 197 776 317 828 570 48 262 950 446 460 824 948 753 344 284 581 751 609 650 70 578 847 734 256 430 831 748 645 591 557 878 169 470 57 289 374 675 824 4 142 424 41 939 809 660 720 835 3 210 869 842 722 768 893 458 423 830 519 833 38 383 978 819 745 533 800 673 305 107 696 89 69 752 902 499 481 151 695 274 19 5 300 113 49 336 146 690 637 721 655 782 829 700 887 478 750 822 499 586 445 116 754 688 126 875 803 225 647 466 283 716 918 678 188 155 378 369 672 590 366 826 602 143 33 438 533 472 887 459 846 462 232 692 125 329 478 537 875 984 545 692 250 353 965 111 884 693 643 426 866 611 476 667 413 119 30 404 532 518 847 209 541 368 638 938 103 815 149 160 860 567 997 905 713 356 412 25 449 686 217 353 173 573 746 138 962 684 108 363 996 2 777 916 145 750 390 584 333 428 578 733 533 986 408 37 834 362 578 321 352 152 77 562 538 724 968 226 636 529 360 202 627 730 35 944 571 568 722
51
51 3 25 29 11 31 18 4 39 49 5 19 1 46 12 13 14 17 27 44 34 8 36 7 32 35 37 21 28 45 10 43 42 50 24 15 46 5 30 38 33 40 20 16 41 19 26 22 23 11 2
10
2 6 8 3 8 7 5 2 7 2
50
6 17 1 35 4 21 36 34 25 11 45 28 23 47 36 26 49 38 26 1 6 47 30 12 2 8 29 1 42 18 13 30 48 2 47 30 23 2 26 5 8 14 1 19 42 33 1 15 9 37
10
3 3 9 3 4 9 9 2 5 5
20
16 4 4 16 17 5 14 14 5 2 4 8 7 13 9 12 20 10 20 4
871
301 481 558 282 789 440 253 775 504 649 670 799 596 316 378 805 118 638 815 459 391 413 533 73 233 733 262 43 554 33 796 325 714 568 359 32 59 273 530 725 19 194 299 657 818 732 289 562 782 368 490 836 369 727 351 179 610 392 666 254 577 752 817 415 411 664 63 36 104 370 644 256 80 219 527 548 781 314 330 592 765 129 100 488 109 559 115 321 169 700 252 651 738 418 106 102 324 449 608 768 128 409 432 373 584 650 693 379 802 431 859 645 191 776 803 810 240 288 297 89 402 507 425 223 85 822 491 26 222 442 327 754 801 595 3 496 45 177 356 400 709 13 528 237 848 259 808 770 686 750 12 66 861 360 622 165 691 536 615 69 404 143 168 479 274 111 787 381 588 412 365 312 701 401 613 855 773 88 141 724 447 344 692 47 382 614 348 763 525 637 866 90 414 144 734 120 738 487 78 394 571 576 190 404 127 5 323 76 653 170 829 685 677 94 20 715 766 55 296 148 523 534 198 200 520 389 77 570 469 516 661 794 354 821 130 521 6 333 783 225 122 760 531 50 96 176 624 461 164 217 774 553 823 247 629 869 422 236 863 439 255 604 275 101 514 753 251 509 137 367 827 497 672 11 268 72 645 532 261 346 845 133 598 697 721 609 857 315 869 385 234 52 552 736 402 778 258 10 784 806 424 49 856 281 242 427 257 119 197 478 587 513 388 277 430 110 792 549 482 340 93 506 119 485 68 178 824 189 705 640 86 476 31 795 267 202 199 756 745 499 29 205 555 860 563 244 793 790 744 747 820 742 739 767 454 786 35 699 343 206 643 294 124 332 91 65 849 264 405 384 450 853 741 567 761 535 462 387 146 591 601 617 740 762 238 27 338 569 635 272 813 399 56 757 64 25 753 318 287 572 726 565 834 61 331 364 546 652 297 477 816 543 429 490 811 468 357 48 603 380 550 97 160 309 204 730 602 680 123 220 84 192 230 737 15 121 397 270 171 193 211 464 374 82 505 174 560 835 87 675 696 846 769 37 372 711 788 807 785 420 688 748 573 492 285 145 671 38 224 669 70 444 266 249 755 839 295 831 396 868 580 841 864 126 451 463 446 456 260 508 40 503 196 687 575 337 702 293 435 470 150 226 18 283 633 397 62 42 574 716 646 306 840 639 181 547 138 566 410 844 308 162 353 12 445 334 771 228 674 57 706 41 92 214 235 814 339 710 51 46 352 618 23 313 539 826 516 804 311 828 210 117 772 30 590 140 245 665 298 486 625 511 749 656 842 848 597 717 335 434 632 158 303 423 426 393 269 16 166 474 631 620 290 79 518 8 417 68 17 398 498 466 695 319 494 322 599 627 441 607 722 39 475 621 83 779 227 493 658 667 605 458 457 791 305 526 689 735 663 125 156 159 448 99 707 642 586 682 103 673 660 4 544 551 149 135 799 208 250 684 421 147 611 626 591 58 276 517 683 465 390 743 433 371 623 606 221 302 600 60 161 647 216 858 307 336 540 659 154 471 593 414 116 484 729 437 286 746 231 44 489 416 2 284 375 112 218 847 325 188 419 203 654 377 292 436 867 583 132 167 163 797 798 630 438 713 1 304 121 473 678 142 501 547 819 61 502 185 28 460 825 443 809 581 519 800 95 655 349 342 838 407 628 541 243 728 428 757 712 363 512 542 355 759 582 452 529 564 694 329 837 594 366 81 98 151 852 720 777 362 386 704 585 556 183 75 557 175 376 538 105 153 545 758 578 648 71 310 201 157 180 708 515 139 108 172 383 212 300 209 187 182 589 326 524 152 207 500 854 718 731 278 186 317 862 467 579 690 455 621 406 641 668 679 22 522 453 832 612 280 361 780 341 358 483 812 215 263 851 229 495 764 719 246 114 480 676 7 865 561 34 636 156 403 24 417 320 302 843 21 662 833 408 616 136 232 213 751 14 587 131 248 184 870 634 271 510 173 52 830 347
20
15 18 5 14 13 16 3 14 12 15 16 5 9 7 2 13 18 6 13 5
53
51 29 35 21 11 9 17 23 13 52 24 15 48 39 27 25 30 42 18 1 44 16 3 36 41 29 47 19 26 4 50 7 31 38 53 26 45 33 12 5 2 10 32 52 34 22 28 6 37 48 6 18 20
10
10 7 5 6 1 3 10 6 5 7
20
7 20 4 5 1 20 1 18 4 7 5 19 6 19 14 6 19 10 10 11
1000
217 453 444 778 237 420 452 535 126 553 189 271 654 465 599 406 583 880 579 558 57 472 74 715 761 451 795 63 416 622 520 348 410 111 123 195 863 265 962 653 578 522 981 336 492 321 158 259 771 737 125 636 474 836 666 793 83 478 38 670 373 662 242 470 183 631 180 123 56 349 611 835 770 936 271 485 611 109 251 278 601 959 11 833 501 30 984 245 692 111 739 694 112 743 578 142 911 179 827 11 425 607 25 707 837 897 450 391 878 648 256 702 301 456 281 705 519 101 785 46 623 305 935 775 424 107 629 409 145 100 681 481 423 786 53 47 135 813 953 872 726 225 684 982 572 951 244 105 561 925 715 338 317 448 315 465 30 174 94 693 633 353 923 459 606 20 660 573 6 777 642 296 436 287 911 510 404 461 60 898 148 405 350 272 235 241 398 493 712 70 517 734 738 5 616 881 986 657 689 269 718 42 514 638 164 632 313 747 387 555 738 227 536 937 321 649 723 892 205 845 767 210 673 858 375 220 518 248 990 988 733 492 635 141 258 280 932 926 991 975 332 663 456 399 257 946 226 697 927 915 792 541 928 312 597 395 116 277 587 217 251 555 214 215 431 304 62 842 193 273 67 476 543 744 448 813 72 503 418 121 234 249 93 679 820 170 286 952 182 401 765 722 627 32 108 65 789 392 340 637 468 222 542 48 118 640 469 163 29 607 381 156 924 183 71 586 979 139 245 447 128 893 202 619 35 303 396 149 760 860 610 794 515 758 146 661 157 969 389 13 641 991 495 427 429 428 852 509 223 821 822 268 523 133 320 262 477 548 734 382 926 473 711 979 812 27 344 303 742 988 298 834 982 888 1 670 811 966 246 486 816 844 359 324 883 98 208 748 987 686 781 675 443 805 358 289 970 742 717 779 307 374 914 124 33 575 343 81 922 580 453 246 988 402 426 383 161 957 772 299 896 38 899 99 173 252 778 326 73 522 590 971 731 655 632 644 876 784 564 166 362 593 533 161 517 407 963 127 66 684 563 8 7 992 706 366 986 699 763 605 373 441 983 181 216 589 132 81 596 26 868 460 50 960 694 783 552 752 669 771 266 190 362 300 849 615 279 433 354 913 854 870 64 516 302 196 839 828 956 791 75 103 233 961 334 827 267 985 900 390 176 140 449 333 176 840 576 950 523 678 733 200 330 940 673 334 489 86 363 795 548 561 683 577 912 709 171 449 828 806 306 397 851 853 709 672 505 766 309 558 770 677 818 890 446 423 668 993 282 290 197 400 796 809 104 191 789 967 285 632 45 868 528 856 920 218 934 547 238 327 405 612 585 854 316 746 762 513 763 869 115 513 464 168 318 491 656 1000 484 585 874 463 178 788 502 55 917 216 770 887 972 971 979 426 437 500 253 501 39 895 139 864 621 815 295 908 198 55 617 288 87 414 973 924 938 504 308 114 281 574 322 339 438 921 981 296 591 721 819 311 393 234 671 721 261 494 247 830 71 846 406 357 774 832 496 873 254 857 434 240 696 569 894 253 706 944 507 229 488 367 155 311 897 147 345 203 932 647 428 866 217 837 697 651 219 499 250 529 603 204 806 175 598 179 276 365 209 698 342 150 153 728 335 784 508 472 126 600 618 854 169 167 764 341 386 688 582 855 604 93 207 974 901 745 822 948 658 323 171 34 3 40 278 23 549 769 998 741 546 255 261 797 875 633 134 908 88 544 331 571 22 132 732 96 524 740 28 131 201 801 194 228 808 933 808 941 136 765 724 333 715 798 51 43 599 643 668 150 44 419 909 800 886 941 700 188 749 564 893 479 385 371 823 587 76 729 517 310 360 559 480 802 757 263 235 294 701 487 667 752 904 949 847 122 964 78 272 568 938 902 727 664 152 570 929 26 930 818 663 999 249 320 882 861 293 498 59 293 19 690 403 537 41 560 21 415 165 264 646 955 782 554 104 594 298 756 236 744 823 82 246 213 787 288 566 833 564 324 520 352 412 283 685 588 482 735 52 372 818 270 69 753 562 885 577 328 92 719 676 311 137 483 525 859 968 665 10 602 413 25 843 992 287 554 790 421 177 779 226 567 305 224 785 284 817 805 954 945 624 442 815 377 221 325 620 129 166 159 463 680 212 53 458 527 154 906 378 117 891 241 31 113 867 703 736 369 907 78 996 231 759 826 18 999 734 989 722 504 380 199 947 768 388 695 725 676 289 731 708 69 755 943 850 884 625 916 347 36 727 335 512 2 814 543 574 760 18 565 750 559
59
38 19 50 42 46 35 21 10 37 2 40 55 53 26 57 41 18 13 4 19 32 59 17 26 43 41 5 6 48 3 52 29 11 41 22 31 36 59 28 34 15 20 33 23 5 34 44 8 9 39 40 1 20 47 56 49 58 43 52
100
19 68 9 5 10 54 75 55 62 82 81 11 77 52 45 85 20 65 76 99 95 8 7 50 57 66 15 4 38 96 90 3 24 27 80 58 53 34 88 43 12 83 37 89 28 32 98 2 87 1 31 22 29 86 73 59 13 72 70 41 46 26 61 6 21 92 40 39 94 51 49 78 42 63 44 64 23 33 91 71 11 100 18 67 97 30 69 93 47 25 14 17 60 79 36 84 48 16 35 56
3
3 1 1
10
6 5 1 8 1 5 8 9 3 6
20
3 15 14 13 14 13 13 4 20 7 14 20 12 3 10 4 15 11 4 8
100
27 50 13 91 32 60 12 72 87 22 78 18 65 75 14 31 52 64 11 68 91 6 86 61 81 18 8 21 46 71 9 99 40 50 92 17 16 40 96 93 59 36 10 76 32 13 74 50 4 89 39 10 19 64 33 30 39 82 69 56 52 41 49 48 77 22 8 15 79 29 80 84 47 83 27 7 55 61 97 41 61 37 45 63 65 51 88 25 42 66 44 38 58 99 79 70 73 86 19 93
10
10 10 5 7 4 5 9 6 7 1
320
296 50 293 57 252 249 274 306 128 37 173 78 107 304 278 247 277 278 107 121 156 9 308 167 234 68 125 159 148 169 106 73 82 59 183 10 77 139 2 237 309 77 68 187 238 20 282 202 79 213 30 286 293 168 74 106 210 209 16 164 118 302 120 85 102 129 317 319 177 288 222 81 116 45 175 208 54 139 13 298 254 83 100 278 180 152 14 244 251 19 185 235 283 259 144 155 86 56 188 181 291 53 110 1 17 194 138 125 70 170 87 218 264 250 16 10 158 172 30 101 239 245 26 131 147 268 58 279 72 73 127 196 255 263 126 69 97 220 307 302 220 38 191 119 275 273 270 217 292 24 101 55 39 178 230 320 247 96 179 156 211 126 91 170 292 92 305 267 174 265 188 71 34 312 216 214 146 233 171 93 64 15 65 17 11 199 190 250 262 303 248 169 112 182 135 257 211 68 113 28 23 112 212 70 47 280 172 298 44 272 255 142 67 300 150 310 113 290 163 120 4 183 137 41 49 243 318 66 216 89 108 76 271 113 87 98 145 121 31 318 47 161 223 174 82 155 240 128 92 257 205 270 226 263 57 300 154 17 23 151 221 150 276 215 195 194 156 258 281 284 7 61 104 76 313 48 229 226 206 228 284 32 94 131 268 261 17 148 39 8 153 185 315 82 207 219 42 123 90 49 237 263 203 204 6 128 108 119 165 40 56 294 60 251 52 142 176 69 159 158
