20
693840425 90561
2 6 7 999957328
137 49
48 17 461 137
45068754 29153
2 9 5 999904402
220 88
1 8 3 58265
1000000000 1
12 7 74 12
714311129 39521
9 5 9 999998192
232959116 56689
4 9 1 999903057
1000000000 100000
100000 1 0 1000000000
97 39
34 37 656 97
131 74
1 9 10 78736
112 73
1 5 3 64100
46 18
7 11 9 46
198 81
8 5 7 83495
1000000000 100000
1 1 1 1000000000
82 81
58 56 739 82
1000000000 100000
999999999 1 999999999 1000000000
59 26
14 19 681 59
1000000000 100000
99999 1 99999 100000
249718282 93729
1 5 6 999917908
977365070 59489
8 5 9 999966210
