100
2 2
0.50 0.50
4 2
0.00 0.00 1.00 1.00
3 2
0.50 0.75 1.00
2 2
0.00 0.00
16 10
0.09 0.63 0.09 0.09 0.62 0.09 0.61 0.69 0.00 0.07 0.08 0.04 0.10 0.09 0.04 0.04
12 2
0.22 0.12 0.37 0.08 0.67 0.95 0.10 0.76 0.60 0.29 0.70 0.42
16 10
0.47 0.79 0.31 0.86 0.37 0.37 0.31 0.56 0.73 0.40 0.42 0.63 0.49 0.67 0.40 0.42
16 2
0.27 0.07 0.00 0.17 0.32 0.13 0.75 0.50 0.22 0.11 0.08 0.22 0.56 0.24 0.05 0.18
16 4
0.60 0.62 0.64 0.70 0.05 0.67 0.02 0.63 0.70 0.63 0.04 0.08 0.62 0.66 0.69 0.67
8 6
1.00 1.00 1.00 1.00 1.00 1.00 1.00 1.00
8 4
1.00 1.00 1.00 1.00 0.00 1.00 0.00 0.00
16 6
0.51 0.49 0.50 0.51 0.51 0.50 0.50 0.50 0.50 0.50 0.51 0.51 0.51 0.50 0.50 0.49
16 14
0.51 0.49 0.51 0.50 0.51 0.51 0.49 0.51 0.49 0.51 0.49 0.51 0.49 0.50 0.50 0.49
12 2
0.55 0.22 0.06 0.90 0.16 0.80 0.39 0.00 0.65 0.56 0.80 0.37
16 6
0.67 0.05 0.65 0.65 0.08 0.61 0.64 0.65 0.69 0.01 0.63 0.68 0.63 0.66 0.08 0.64
16 8
0.49 0.43 0.43 0.57 0.61 0.39 0.62 0.38 0.61 0.56 0.60 0.56 0.55 0.63 0.60 0.62
16 8
0.00 0.00 0.45 0.00 0.00 0.13 0.21 0.02 0.20 0.40 0.02 0.02 0.00 0.21 0.44 0.13
16 10
0.01 0.02 0.01 0.02 0.02 0.00 0.02 0.02 0.02 0.01 0.00 0.00 0.02 0.02 0.02 0.00
16 2
0.49 0.49 0.50 0.51 0.51 0.49 0.51 0.50 0.49 0.49 0.50 0.51 0.49 0.49 0.51 0.50
16 10
0.51 0.50 0.50 0.50 0.49 0.50 0.49 0.49 0.49 0.51 0.51 0.51 0.49 0.51 0.50 0.51
16 8
0.60 0.66 0.65 0.02 0.67 0.69 0.01 0.09 0.66 0.70 0.65 0.65 0.10 0.66 0.70 0.67
16 10
0.62 0.70 0.02 0.61 0.70 0.70 0.09 0.02 0.69 0.68 0.64 0.60 0.66 0.66 0.02 0.64
8 4
1.00 1.00 1.00 1.00 0.00 1.00 1.00 0.00
16 8
0.02 0.33 0.49 0.00 0.36 0.02 0.19 0.02 0.20 0.00 0.42 0.00 0.01 0.11 0.47 0.01
8 6
1.00 0.00 1.00 0.00 1.00 1.00 1.00 0.00
8 4
1.00 1.00 1.00 0.00 1.00 1.00 1.00 1.00
16 6
0.02 0.02 0.01 0.00 0.00 0.00 0.00 0.02 0.00 0.01 0.01 0.00 0.02 0.02 0.01 0.02
16 8
0.57 0.56 0.39 0.63 0.61 0.55 0.60 0.49 0.43 0.56 0.60 0.38 0.43 0.63 0.61 0.62
8 6
0.00 1.00 0.00 1.00 0.00 1.00 1.00 0.00
16 8
0.69 0.06 0.03 0.06 0.08 0.65 0.67 0.03 0.02 0.04 0.02 0.10 0.00 0.07 0.08 0.65
16 10
0.12 0.29 0.88 0.92 0.58 0.48 0.02 0.64 0.74 0.43 0.53 0.59 0.44 0.94 0.19 0.89
8 4
1.00 0.00 1.00 0.00 1.00 0.00 0.00 1.00
16 6
0.30 0.37 0.34 0.48 0.55 0.36 0.43 0.47 0.60 0.45 0.33 0.56 0.37 0.68 0.31 0.49
16 10
0.37 0.49 0.40 0.42 0.47 0.79 0.42 0.40 0.73 0.56 0.38 0.86 0.31 0.67 0.63 0.31
16 8
0.22 0.46 0.06 0.98 0.17 0.29 1.00 1.00 0.99 0.07 0.98 0.14 0.21 0.99 0.98 0.98
2 2
0.05 0.45
16 8
0.62 0.86 0.00 0.01 0.52 0.98 0.00 0.02 0.02 0.80 0.96 0.58 0.01 0.00 0.01 0.89
16 4
0.03 0.65 0.10 0.65 0.01 0.02 0.67 0.02 0.60 0.01 0.06 0.06 0.00 0.00 0.01 0.03
4 2
0.00 0.00 0.00 0.00
3 2
0.10 0.50 0.80
16 8
0.97 0.03 0.92 0.07 0.94 0.10 1.00 0.06 0.09 0.93 0.97 0.98 0.05 0.03 0.07 0.97
16 8
0.03 0.04 0.95 0.92 0.04 0.95 0.94 0.98 0.94 0.02 0.06 0.09 0.95 0.03 0.92 0.01
16 10
1.00 1.00 0.99 1.00 1.00 1.00 0.98 0.98 1.00 0.98 1.00 0.98 0.99 0.99 1.00 0.99
16 8
0.63 0.58 0.47 0.37 0.50 0.46 0.60 0.49 0.57 0.44 0.59 0.49 0.46 0.37 0.53 0.35
8 2
0.00 0.00 1.00 0.00 1.00 1.00 0.00 1.00
16 12
0.63 0.61 0.10 0.10 0.00 0.08 0.04 0.08 0.06 0.09 0.06 0.04 0.60 0.08 0.68 0.00
8 4
1.00 1.00 1.00 1.00 1.00 1.00 1.00 1.00
16 10
0.65 0.35 0.58 0.68 0.46 0.52 0.41 0.31 0.66 0.52 0.32 0.54 0.57 0.30 0.52 0.57
16 2
0.69 0.09 0.66 0.61 0.04 0.01 0.04 0.04 0.02 0.04 0.07 0.01 0.69 0.01 0.07 0.09
3 2
0.00 1.00 0.00
8 2
0.00 1.00 1.00 1.00 0.00 1.00 1.00 0.00
16 14
0.01 0.01 0.00 0.02 0.01 0.02 0.00 0.00 0.01 0.02 0.00 0.02 0.00 0.01 0.01 0.02
4 2
0.00 1.00 0.00 0.02
16 8
0.95 0.70 0.79 0.57 0.01 0.02 0.02 0.67 0.69 0.00 0.55 0.00 0.02 0.92 0.01 0.01
4 4
0.99 0.01 0.01 0.98
8 6
1.00 0.00 1.00 1.00 1.00 0.00 1.00 1.00
16 8
0.60 0.49 0.46 0.37 0.44 0.59 0.58 0.47 0.49 0.46 0.50 0.37 0.63 0.36 0.57 0.53
3 2
0.01 0.04 0.02
16 8
0.89 0.03 0.01 0.03 0.08 0.96 0.33 0.07 0.05 0.04 0.06 0.38 0.63 0.71 0.09 0.52
16 8
0.83 0.56 0.54 0.51 1.00 1.00 0.99 0.97 1.00 0.53 0.98 0.85 0.85 0.99 0.99 0.98
16 10
0.40 0.36 0.57 0.37 0.46 0.60 0.28 0.47 0.52 0.35 0.46 0.39 0.24 0.58 0.44 0.37
4 2
0.02 0.00 0.00 0.00
16 14
0.99 1.00 1.00 0.99 0.99 0.99 0.99 0.99 1.00 1.00 0.98 0.99 1.00 1.00 0.98 0.98
16 2
0.02 0.00 0.00 0.02 0.01 0.00 0.02 0.02 0.02 0.00 0.01 0.00 0.00 0.00 0.02 0.01
16 2
0.68 0.60 0.08 0.64 0.60 0.62 0.67 0.08 0.70 0.05 0.62 0.61 0.62 0.02 0.62 0.61
8 6
1.00 1.00 0.00 1.00 1.00 1.00 1.00 1.00
3 2
0.60 0.50 0.40
8 2
1.00 1.00 1.00 1.00 1.00 1.00 1.00 1.00
16 6
0.00 0.06 0.67 0.03 0.67 0.05 0.65 0.10 0.09 0.05 0.05 0.09 0.03 0.02 0.04 0.64
16 8
0.05 0.07 0.05 0.04 0.13 0.04 0.94 0.06 0.83 0.70 0.24 0.07 0.53 0.10 0.02 0.04
2 2
0.50 0.00
12 10
0.28 0.39 0.63 0.09 0.49 0.14 0.97 0.64 0.50 0.30 0.97 0.52
4 2
0.00 0.98 1.00 1.00
4 4
0.00 0.00 1.00 1.00
16 6
0.52 0.57 0.36 0.63 0.29 0.32 0.09 0.20 0.23 0.95 0.50 0.52 0.69 0.32 0.16 0.14
3 2
0.50 0.50 0.50
2 2
1.00 0.00
16 8
0.47 0.57 0.48 0.53 0.57 0.53 0.54 0.51 0.50 0.55 0.53 0.54 0.50 0.48 0.56 0.52
16 10
0.60 0.36 0.52 0.28 0.57 0.39 0.44 0.37 0.35 0.24 0.37 0.47 0.58 0.47 0.46 0.40
16 14
0.60 0.59 0.47 0.53 0.51 0.42 0.47 0.44 0.30 0.45 0.44 0.38 0.50 0.45 0.53 0.62
16 8
0.53 0.51 0.50 0.46 0.55 0.48 0.54 0.57 0.52 0.57 0.53 0.53 0.50 0.54 0.56 0.48
16 6
0.99 0.99 0.99 0.98 0.98 0.99 0.99 1.00 0.99 0.98 1.00 0.99 1.00 1.00 0.98 0.99
8 2
1.00 1.00 1.00 1.00 1.00 1.00 0.00 1.00
16 12
0.60 0.08 0.08 0.70 0.67 0.02 0.04 0.61 0.68 0.65 0.68 0.60 0.65 0.67 0.63 0.61
16 8
0.99 0.99 1.00 0.23 0.99 0.43 0.98 0.04 0.99 0.32 0.05 0.99 0.05 0.25 0.09 1.00
3 2
0.80 0.50 0.30
16 14
0.54 0.35 0.19 0.53 0.12 0.25 0.58 0.25 0.60 0.94 0.26 0.22 0.28 0.44 0.00 0.69
16 8
1.00 0.10 1.00 0.03 0.91 0.97 0.97 0.08 0.06 0.98 0.03 0.00 1.00 0.90 0.09 0.06
4 2
0.98 0.99 0.01 0.01
16 2
0.98 1.00 0.99 0.99 0.98 0.98 1.00 0.98 1.00 0.99 0.98 1.00 0.98 1.00 1.00 0.98
4 4
0.50 0.50 0.50 0.50
16 2
0.47 0.55 0.46 0.46 0.48 0.43 0.53 0.59 0.45 0.34 0.67 0.37 0.70 0.48 0.54 0.68
16 8
0.99 0.95 0.05 0.00 0.20 0.02 0.52 0.16 0.07 0.08 0.86 0.27 0.00 0.02 0.04 0.00
2 2
1.00 1.00
4 2
0.00 0.00 1.00 0.00
8 2
1.00 0.00 0.00 1.00 1.00 1.00 1.00 1.00
16 14
0.07 0.09 0.09 0.04 0.67 0.01 0.03 0.61 0.10 0.67 0.04 0.06 0.02 0.01 0.63 0.06
4 2
1.00 0.00 1.00 1.00
16 14
0.67 0.61 0.60 0.00 0.03 0.64 0.61 0.60 0.69 0.65 0.62 0.08 0.66 0.67 0.10 0.69
16 8
0.68 1.00 0.78 0.99 0.99 0.77 0.99 0.98 0.91 0.99 0.98 0.79 0.66 0.78 0.99 0.58
