200
37 12
26 29
46 25
2 31
23 2
50 16
30 30
7 38
9 25
12 49
13 19
15 2
38 34
20 36
47 33
21 10
4 9
49 43
44 15
49 8
26 9
6 32
24 2
5 40
36 37
46 9
42 12
14 24
32 7
35 19
41 46
40 21
3 20
31 45
40 27
20 25
18 21
44 24
30 13
28 10
50 26
11 37
49 42
37 37
23 34
17 6
5 25
50 1
4 2
36 3
49 15
2 50
43 29
28 24
30 18
2 1
14 11
42 29
49 14
47 38
21 4
35 38
50 20
27 22
2 18
34 50
26 16
21 18
44 16
10 16
43 47
28 30
6 20
26 15
29 24
27 9
50 38
46 15
46 27
34 11
2 45
29 34
10 14
34 32
38 46
11 16
33 30
50 42
26 23
47 9
29 22
42 48
39 26
50 50
35 43
6 22
34 4
31 20
46 1
6 49
12 35
23 12
46 30
27 3
9 17
50 48
11 34
40 11
25 9
27 31
27 48
34 25
31 34
23 7
2 21
18 35
47 26
36 42
46 35
18 46
28 31
42 9
7 17
13 7
5 49
6 43
31 26
4 24
12 19
10 28
48 36
14 18
34 23
23 23
26 40
5 23
11 10
22 26
39 28
47 1
5 5
14 28
35 9
50 25
28 3
39 41
18 14
16 49
20 30
11 5
25 12
37 47
3 13
47 28
25 50
43 19
10 41
10 21
38 9
44 32
16 33
34 15
39 4
6 8
42 7
50 28
49 24
15 9
33 25
41 29
32 11
35 10
22 17
25 25
27 8
40 19
26 3
45 45
48 47
28 11
9 16
13 4
17 25
29 15
15 26
11 22
13 22
20 2
40 36
32 45
2 23
48 18
32 4
21 48
15 50
45 20
11 49
22 48
11 40
39 32
