150
22576
8289710 4616340 7242784 6051289
89763 38728 14814 51661
678754
5022051 651887 3173128 3208867
67423 21451 86736 14753
48492
6002191 5944053 7517882 5934571
78233 73102 30693 49941
562563
4654443 8748161 9191633 3725731
88282 36795 35060 68040
569801
5028564 1436635 1433788 1490527
63091 88297 87997 47576
355663
3663009 5963528 1579522 3014779
8664 12583 42270 40735
5
1 1 0 100
1 0 0 100
800000
4332581 1738230 8853842 7979057
66171 9761 63488 15137
194553
5770863 5923674 6999039 9119987
18455 40448 24123 42326
401680
9881742 5300190 8128316 1227143
12016 27584 2739 94530
331802
5476430 1090505 3383912 7015787
20582 95030 160 99176
554699
782502 3717363 3476397 4553851
49536 17757 3698 88122
16115
7377622 4423239 3428119 4522501
4911 14189 68541 57878
2364
8174725 3509747 2855021 1065901
24608 21670 56859 25441
376837
580805 1 12 4522477
94374 1 1 34989
135431
5077930 9908269 4697063 2216021
69668 52228 51017 25459
369832
8104778 837917 9482716 3103811
31436 83259 49740 79698
271826
5848681 3660734 6561615 9781361
45804 5964 98592 49354
799948
6006947 3147310 5573892 8225117
1 1 0 50601
800000
6663773 2128441 4859555 6731059
20543 89865 38934 40017
792343
2462478 3624324 6466030 5071873
36979 86256 23376 62378
553280
2898829 7976810 1797985 5490241
32906 797 79651 56074
20095
7889401 2178548 5971737 3940021
2841 62563 80585 14240
335269
3499351 8064746 572911 4023353
23700 59858 39457 82703
18827
9521417 1 10 189194
79035 1 3 96645
396025
5344271 3955475 7015624 9597751
38461 39349 20419 27616
377149
994222 2393528 8195902 1094029
89841 38909 47907 41975
768796
3268217 3435571 6741191 4012381
90911 17965 69552 37076
485654
2369747 1851466 1404737 3987323
89794 36569 94719 37136
522668
6061790 5003700 5400881 3749377
2694 49433 37712 51952
276195
3932128 2817189 6584557 7016467
33040 72275 99069 18697
56563
7686813 4146006 5416153 7503211
99664 31074 60226 8175
566835
205676 4700337 4515148 5243207
24387 65253 78482 79003
403054
6075371 909736 661980 4610917
58649 6595 39588 72103
6541
6916556 5745855 8621202 9219739
45608 88856 9000 74094
123278
6184716 1 10 1233176
59659 1 5 69293
701470
1231899 3180633 1557767 7692767
65285 33523 91043 33180
743193
4629066 3186695 5475779 3622511
90359 85420 89158 67869
799246
7130761 6216496 2575834 7255711
71 1 0 10078
800
1 13107 5 12917
1 12917 5 13107
401275
9995231 8117 8091766 4100939
59846 44663 45148 42854
517276
3679909 725989 6219138 4563679
9288 73488 73962 44632
376239
5119320 4825672 9774660 6825901
1600 24334 93269 64903
111573
2354835 613754 8354666 456611
48305 5089 15756 81495
614862
4135212 6824411 7198036 9061141
97292 2715 88671 33798
454203
3501522 6877404 5610012 4948883
50507 58204 73723 47781
85311
5188284 3939570 1228251 6839939
25994 48757 11125 4026
800000
1836621 1140525 201072 6553111
81410 26408 62566 76085
471537
74105 1 14 6601584
19665 1 2 82759
684817
6694502 4033510 9261196 2147611
14712 53164 21454 75869
234207
7592124 1753418 8121038 1987247
98959 51187 51737 52247
38341
6370342 4120876 7474990 4328851
27728 11714 69542 60854
756756
3503873 8785111 2101072 8370787
9316 64372 56186 23609
763740
4321664 1435286 9450425 5494277
77738 82822 28133 23776
182322
5031650 8126031 7696783 6269051
87209 80191 66923 93012
591958
5714018 8464751 5445199 9550987
90915 93712 98196 90214
153484
9193125 8806940 3272286 2606753
54834 33056 80548 99239
582345
222329 7577575 7114137 6001447
9330 84145 61996 29519
22841
839581 4688924 377678 3143141
31053 28605 4361 73203
800000
9284363 992074 5483194 6912539
204 68884 1353 65381
724211
4699617 1 10 7242187
41625 1 3 16697
490500
6505831 7242242 5238425 7618073
58271 66311 45371 54712
409410
6458687 4538396 8193941 2712709
94584 3171 61694 29977
539087
4110063 6965944 2761286 9846649
42985 93934 53563 37855
732814
6181874 6876040 2702549 8962741
2650 42780 85021 47251
191141
5345474 2155104 6137340 2642777
54478 73301 5128 71018
427129
6893674 2917790 814566 7920193
25818 95514 60014 81842
175191
8881569 3979404 7922901 8677967
39044 84149 97212 13848
141758
6562056 8151980 1573018 7624009
25341 282 71838 49474
158645
3932852 2786994 887114 5226421
22550 55416 3068 94050
329934
9982771 2795359 8655738 7422683
64588 73545 46117 49844
174600
5981718 8587962 3287682 3096427
36832 64100 94151 52683
82317
3563391 7917723 6312543 8390549
60259 52603 51311 96035
669918
3255587 1 13 8709522
71775 1 4 24568
386293
5578388 1680540 2968626 3425507
7298 53688 65656 37094
547593
9799156 7817383 5484531 3474257
83236 27640 8750 81069
583762
2239480 7735643 8943983 6080311
28658 89360 12540 24320
768403
3371605 2562092 4158468 1665869
50455 70647 81235 30827
210247
6051782 481944 3834079 7261757
60604 27784 34800 98747
583767
3716257 9254192 9553421 1690019
78839 32822 61833 73258
87878
2434134 6943038 5416039 671537
59074 7519 80583 29387
800000
1261916 2960160 892887 6372013
36813 12955 35356 63252
799796
756517 7342784 1046569 7252879
56 1 0 48271
305391
5580129 5037102 11924 2991299
54848 31654 68874 70647
331451
3795470 6531800 1699694 8922097
37054 87881 35738 54478
799523
6188922 6879499 259817 3927593
10 1 0 23851
107942
6228550 8874631 3756357 7981189
84780 33994 71431 7345
515963
9084148 6864374 7665347 6658793
90579 79472 37736 72978
111272
3950833 2097098 1728066 7251823
32729 79714 67463 77795
50741
9373248 5047671 5793834 2916799
34643 20982 1297 41725
623885
671111 4861342 9501914 5980127
18633 80665 98797 27829
5205
3748359 1731255 2832413 9579277
4825 18526 20850 60900
563491
4091203 9088671 9233201 7849007
64302 74803 64772 39351
552756
4828499 4426048 8279933 9690353
49333 69806 27596 25389
457946
3941691 8519620 5251025 5353291
71839 89954 63874 49774
97791
9583212 6597304 2339600 3398627
1504 47370 43316 18777
729196
3140885 8623960 2063822 6055139
91854 92821 2962 23976
102124
7514971 6139260 4296547 5303693
10601 11676 22586 94653
556446
7764167 2743531 4637161 2443667
66590 36944 30885 693
773857
6277695 1470874 513233 4703291
37366 50160 90220 58168
544300
1938233 5065572 2344073 6767687
75532 29891 72264 74660
509808
3991966 7164969 3905607 2291581
76159 9529 93304 53672
5
1 1 0 100
1 1 0 100
800000
4184377 726967 7510534 3897703
48427 52570 85560 36214
464870
4346585 4292463 1733278 4391591
39424 91042 3128 79862
290888
9661242 4255961 4603570 1195679
50643 24046 62980 32671
32468
1212265 3540617 6252738 69499
38979 53009 99324 59141
556039
9174374 8067043 7675312 6829729
98587 35926 6332 28158
286701
8668530 1430048 4419280 6657109
36212 69484 51242 6017
776203
2976622 4456117 6143950 6643499
78062 26165 25565 44856
346976
3176025 6618983 5462775 3657419
5646 42563 63947 85745
737865
9090309 4711051 421395 9634357
59890 90684 17122 39535
28277
4929591 32874 9045755 3459923
18426 25174 60004 76396
260641
7996589 1980053 4750422 4038953
27385 37478 23029 68554
96998
1661979 3915679 5075979 2906549
99284 1857 27886 82511
173932
592924 1 13 2261200
69110 1 4 19660
558407
3792066 7738147 122957 9031807
5179 1111 59406 67209
800000
2632603 4852776 6472267 4907647
76494 20607 90885 59066
799314
496884 5173679 4334722 5846233
89 1 0 43136
193788
7375107 7988790 7344168 1454711
88929 57515 3430 74658
354645
5201287 4307708 577715 3265151
15311 3900 30092 16343
343742
1936729 1585847 5992258 4474241
23228 23330 45444 36073
799135
6436339 6922120 7913867 3346951
58 1 0 83178
721656
8977969 8522105 1943305 7129481
67462 56602 69445 87844
661672
8037010 4931374 7833802 2071291
76027 35013 8188 39447
620791
5317505 8818627 1840571 2152399
47941 48256 23185 63735
591488
800604 5311992 4911106 9432653
35609 80010 78381 84061
10
1 1 1 100
1 0 0 100
50006
1877750 2609670 6895389 5405509
81811 50503 81980 38462
155922
3291360 5326342 3624573 9968951
41900 53964 40180 73822
42028
2863742 1027308 7177075 6832697
43653 58041 67418 13075
734168
7525645 2354352 8053222 5247163
64171 53886 58018 98940
799897
9897009 8263191 7365771 8027339
88 1 0 69989
800000
7880818 5932472 2427109 3877781
1171 40625 63531 758
489906
3357037 2498527 6951749 6478991
67036 29728 68378 8811
228245
7391623 9651204 5339017 3531989
45436 28993 72266 9931
13
3 3 0 100
7 7 0 100
302752
91982 8008864 5013407 3750623
57507 38107 43433 55356
534487
6748560 6536109 9705083 8502881
82242 41379 60913 72893
196010
8774318 613918 7674553 8352901
61482 12361 75623 6767
286961
8385198 3987078 2169189 8017643
55037 6417 39137 86313
262616
3276410 4096021 8164101 4048249
61864 48150 88567 22581
799518
4036690 9290972 629041 9409319
67 1 0 35880
115659
5923375 7838020 1724339 4822703
33218 38315 71199 77833
236696
7518701 7332604 8479202 5552363
22390 9566 72774 69924
571930
8426282 1 12 6863836
90619 1 2 22779
799911
4647118 8230784 414342 4826291
11 1 0 70867
421832
6634028 1 11 4640403
23600 1 3 28559
799918
8026988 8815361 8434028 7598893
64 1 0 39039
486662
3825826 3270761 4143198 7129261
16490 82961 99312 51790
