50
10 48
1 2 572589520
2 3 134935603
3 4 406951151
4 5 14250662
5 6 215019757
6 7 642303824
7 8 132820311
8 9 869051104
9 10 293722025
10 47
1 2 818294624
2 3 872873195
3 4 725941686
4 5 564770318
5 6 408956073
6 7 429335596
7 8 267005994
8 9 213878879
9 10 290378900
10 47
1 2 681924587
2 3 25269995
3 4 908885940
4 5 150570746
5 6 191050867
6 7 405517095
7 8 392716708
8 9 565566046
9 10 339531818
10 47
1 2 85499016
2 3 951465158
3 4 733796599
4 5 129693005
5 6 668554688
6 7 169732963
7 8 123026960
8 9 642573870
9 10 265463805
10 48
1 2 666222759
2 3 317822971
3 4 279632263
4 5 789791348
5 6 342802846
6 7 851202604
7 8 894552310
8 9 431816682
9 10 186920571
10 47
1 2 326918611
2 3 84138673
3 4 70446373
4 5 456204070
5 6 867696757
6 7 221957816
7 8 742426322
8 9 150924856
9 10 333806760
10 48
1 2 412483440
2 3 476305275
3 4 113739532
4 5 50034980
5 6 444840392
6 7 985938407
7 8 475823328
8 9 467896326
9 10 387616231
10 48
1 2 692149885
2 3 973449492
3 4 693808562
4 5 30494456
5 6 182919156
6 7 358247426
7 8 685462739
8 9 799772237
9 10 934793137
10 49
1 2 175160658
2 3 209112099
3 4 77426822
4 5 658390456
5 6 909660655
6 7 152776830
7 8 712050839
8 9 772166096
9 10 629214042
10 48
1 2 228774753
2 3 607887607
3 4 242849713
4 5 649571011
5 6 157775113
6 7 805648824
7 8 409015829
8 9 273601756
9 10 825759186
10 48
1 2 129813239
2 3 139193674
3 4 218886104
4 5 808437122
5 6 299133612
6 7 440377529
7 8 640350446
8 9 50652936
9 10 95307104
10 47
1 2 569901818
2 3 629663744
3 4 581437911
4 5 317904679
5 6 323047454
6 7 92236018
7 8 428628542
8 9 288621813
9 10 601394535
10 47
1 2 635729580
2 3 926382823
3 4 591675526
4 5 96810095
5 6 960900668
6 7 994258432
7 8 137271384
8 9 389656077
9 10 300400675
10 49
1 2 376393061
2 3 620160119
3 4 285468790
4 5 750924642
5 6 188677952
6 7 553867624
7 8 398492815
8 9 530182215
9 10 50761324
10 48
1 2 184521819
2 3 532457874
3 4 401332
4 5 379268368
5 6 552659579
6 7 969308762
7 8 857491177
8 9 647977952
9 10 68222832
10 49
1 2 862060637
2 3 186317636
3 4 823739779
4 5 338996565
5 6 473627162
6 7 131309937
7 8 629083116
8 9 476457249
9 10 669595772
10 47
1 2 733495185
2 3 885478531
3 4 654665765
4 5 531190933
5 6 138928355
6 7 424768623
7 8 591824981
8 9 548296222
9 10 547847858
10 47
1 2 957562684
2 3 698085358
3 4 449201297
4 5 26210687
5 6 609196535
6 7 801076740
7 8 817050842
8 9 894419059
9 10 61238482
10 47
1 2 46522233
2 3 462640528
3 4 907063356
4 5 557140172
5 6 587132048
6 7 949088135
7 8 71304686
8 9 569862920
9 10 328301813
10 49
1 2 955969279
2 3 599301277
3 4 592415955
4 5 479216894
5 6 60632515
6 7 842974905
7 8 608558459
8 9 907443149
9 10 385898571
10 48
1 2 730750687
2 3 174030130
3 4 763979261
4 5 151089188
5 6 298991678
6 7 22961544
7 8 482153640
8 9 190791550
9 10 166060259
10 49
1 2 28460610
2 3 546237464
3 4 479841565
4 5 910874516
5 6 645442057
6 7 107904968
7 8 157451155
8 9 843508063
9 10 214469986
10 50
1 2 73288237
2 3 879056513
3 4 330729228
4 5 477731759
5 6 372015176
6 7 21123322
7 8 710947607
8 9 184789246
9 10 937698504
10 48
1 2 68252479
2 3 336781767
3 4 419507682
4 5 456790943
5 6 641712374
6 7 334710791
7 8 42202246
8 9 126768118
9 10 854168625
10 47
1 2 99912560
2 3 249128754
3 4 834672812
4 5 822037275
5 6 142030506
6 7 146795781
7 8 781912430
8 9 984066985
9 10 751893649
10 47
1 2 677510610
2 3 352480177
3 4 19120437
4 5 690123295
5 6 930940500
6 7 634505455
7 8 323508567
8 9 887192836
9 10 722061942
10 47
1 2 37457490
2 3 492542367
3 4 552578497
4 5 4550839
5 6 998411006
6 7 247778160
7 8 250531714
8 9 730639422
9 10 251455944
10 49
1 2 388280183
2 3 253814398
3 4 36676300
4 5 31191732
5 6 98140558
6 7 690756759
7 8 416837801
8 9 340370584
9 10 695731594
10 47
1 2 274637857
2 3 311421118
3 4 165569229
4 5 157700467
5 6 818755714
6 7 497216163
7 8 642940100
8 9 207549468
9 10 352564633
10 50
1 2 212163401
2 3 346732405
3 4 83497463
4 5 679388060
5 6 663005106
6 7 470173623
7 8 462320833
8 9 761980256
9 10 445483114
10 49
1 2 485130694
2 3 525405735
3 4 236502005
4 5 210795231
5 6 588761104
6 7 751035301
7 8 463849033
8 9 199859523
9 10 616005839
10 49
1 2 297414660
2 3 246662782
3 4 500247981
4 5 797634999
5 6 858486633
6 7 234103205
7 8 276289409
8 9 55487661
9 10 584153522
10 48
1 2 733244365
2 3 72643601
3 4 735710973
4 5 962176810
5 6 794101283
6 7 821081629
7 8 845844165
8 9 100084818
9 10 413167574
10 49
1 2 780721667
2 3 452761632
3 4 922652287
4 5 361679494
5 6 141805823
6 7 104433242
7 8 328438381
8 9 280876655
9 10 973479836
10 49
1 2 173205602
2 3 746903893
3 4 392881478
4 5 268053284
5 6 433171160
6 7 71711828
7 8 631341194
8 9 593154185
9 10 408256186
10 47
1 2 614534465
2 3 442873731
3 4 869324449
4 5 378182183
5 6 956748385
6 7 76205165
7 8 898135720
8 9 545572660
9 10 626018820
10 47
1 2 32167761
2 3 442444649
3 4 334984662
4 5 813817403
5 6 596159465
6 7 108625713
7 8 641925517
8 9 874261960
9 10 642939173
10 49
1 2 579154267
2 3 607809646
3 4 649463783
4 5 206519129
5 6 810179352
6 7 698479894
7 8 441467639
8 9 582506028
9 10 936516197
10 49
1 2 810118149
2 3 694015077
3 4 505943375
4 5 548969089
5 6 491005618
6 7 76204091
7 8 263439200
8 9 173758093
9 10 366997604
10 47
1 2 511042444
2 3 412554569
3 4 697214916
4 5 665111421
5 6 269688402
6 7 585708075
7 8 467080124
8 9 338077990
9 10 316772316
10 48
1 2 777338249
2 3 990359808
3 4 446270966
4 5 293068963
5 6 819597871
6 7 466623898
7 8 120921400
8 9 389442041
9 10 880171874
10 49
1 2 799219886
2 3 583939355
3 4 703302476
4 5 305812114
5 6 548987609
6 7 729929253
7 8 367674619
8 9 82444435
9 10 47803684
10 49
1 2 758126729
2 3 321456786
3 4 222366636
4 5 178035698
5 6 176344827
6 7 192548885
7 8 758205927
8 9 751589835
9 10 809642666
10 50
1 2 556704574
2 3 738682763
3 4 921671987
4 5 486503735
5 6 134884121
6 7 814529563
7 8 423945816
8 9 712501121
9 10 208631960
10 49
1 2 725463376
2 3 310371603
3 4 140128247
4 5 852280413
5 6 163302738
6 7 598179091
7 8 310863330
8 9 615845985
9 10 91761257
10 49
1 2 389516632
2 3 398132962
3 4 377652683
4 5 789824172
5 6 990229790
6 7 872842180
7 8 542365462
8 9 830714784
9 10 99945523
10 48
1 2 395595210
2 3 804745498
3 4 406681594
4 5 628668532
5 6 125626127
6 7 110413981
7 8 418827580
8 9 49322685
9 10 522863720
10 47
1 2 305564854
2 3 262436359
3 4 520247049
4 5 557925072
5 6 944765074
6 7 272735097
7 8 761270296
8 9 776585536
9 10 47505298
10 48
1 2 556129667
2 3 890508766
3 4 44454519
4 5 423541606
5 6 875878830
6 7 545270106
7 8 855101864
8 9 723186813
9 10 156888085
10 50
1 2 699433652
2 3 221851777
3 4 135105663
4 5 590669860
5 6 140548802
6 7 568482351
7 8 863307234
8 9 110218064
9 10 697961455