50
50 5000
0 0
2 1
4 4
6 9
8 16
10 25
12 36
14 49
16 64
18 81
20 100
22 121
24 144
26 169
28 196
30 225
32 256
34 289
36 324
38 361
40 400
42 441
44 484
46 529
48 576
50 625
52 676
54 729
56 784
58 841
60 900
62 961
64 1024
66 1089
68 1156
70 1225
72 1296
74 1369
76 1444
78 1521
80 1600
82 1681
84 1764
86 1849
88 1936
90 2025
92 2116
94 2209
96 2304
98 2401
50 5000
0 0
2 1
4 4
6 9
8 16
10 25
12 36
14 49
16 64
18 81
20 100
22 121
24 144
26 169
28 196
30 225
32 256
34 289
36 324
38 361
40 400
42 441
44 484
46 529
48 576
50 625
52 676
54 729
56 784
58 841
60 900
62 961
64 1024
66 1089
68 1156
70 1225
72 1296
74 1369
76 1444
78 1521
80 1600
82 1681
84 1764
86 1849
88 1936
90 2025
92 2116
94 2209
96 2304
98 2401
50 5000
0 0
2 1
4 4
6 9
8 16
10 25
12 36
14 49
16 64
18 81
20 100
22 121
24 144
26 169
28 196
30 225
32 256
34 289
36 324
38 361
40 400
42 441
44 484
46 529
48 576
50 625
52 676
54 729
56 784
58 841
60 900
62 961
64 1024
66 1089
68 1156
70 1225
72 1296
74 1369
76 1444
78 1521
80 1600
82 1681
84 1764
86 1849
88 1936
90 2025
92 2116
94 2209
96 2304
98 2401
50 5000
0 0
2 1
4 4
6 9
8 16
10 25
12 36
14 49
16 64
18 81
20 100
22 121
24 144
26 169
28 196
30 225
32 256
34 289
36 324
38 361
40 400
42 441
44 484
46 529
48 576
50 625
52 676
54 729
56 784
58 841
60 900
62 961
64 1024
66 1089
68 1156
70 1225
72 1296
74 1369
76 1444
78 1521
80 1600
82 1681
84 1764
86 1849
88 1936
90 2025
92 2116
94 2209
96 2304
98 2401
50 5000
0 0
2 1
4 4
6 9
8 16
10 25
12 36
14 49
16 64
18 81
20 100
22 121
24 144
26 169
28 196
30 225
32 256
34 289
36 324
38 361
40 400
42 441
44 484
46 529
48 576
50 625
52 676
54 729
56 784
58 841
60 900
62 961
64 1024
66 1089
68 1156
70 1225
72 1296
74 1369
76 1444
78 1521
80 1600
82 1681
84 1764
86 1849
88 1936
90 2025
92 2116
94 2209
96 2304
98 2401
50 5000
0 0
2 1
4 4
6 9
8 16
10 25
12 36
14 49
16 64
18 81
20 100
22 121
24 144
26 169
28 196
30 225
32 256
34 289
36 324
38 361
40 400
42 441
44 484
46 529
48 576
50 625
52 676
54 729
56 784
58 841
60 900
62 961
64 1024
66 1089
68 1156
70 1225
72 1296
74 1369
76 1444
78 1521
80 1600
82 1681
84 1764
86 1849
88 1936
90 2025
92 2116
94 2209
96 2304
98 2401
50 5000
0 0
2 1
4 4
6 9
8 16
10 25
12 36
14 49
16 64
18 81
20 100
22 121
24 144
26 169
28 196
30 225
32 256
34 289
36 324
38 361
40 400
42 441
44 484
46 529
48 576
50 625
52 676
54 729
56 784
58 841
60 900
62 961
64 1024
66 1089
68 1156
70 1225
72 1296
74 1369
76 1444
78 1521
80 1600
82 1681
84 1764
86 1849
88 1936
90 2025
92 2116
94 2209
96 2304
98 2401
50 5000
0 0
2 1
4 4
6 9
8 16
10 25
12 36
14 49
16 64
18 81
20 100
22 121
24 144
26 169
28 196
30 225
32 256
34 289
36 324
38 361
40 400
42 441
44 484
46 529
48 576
50 625
52 676
54 729
56 784
58 841
60 900
62 961
64 1024
66 1089
68 1156
70 1225
72 1296
74 1369
76 1444
78 1521
80 1600
82 1681
84 1764
86 1849
88 1936
90 2025
92 2116
94 2209
96 2304
98 2401
50 5000
0 0
2 1
4 4
6 9
8 16
10 25
12 36
14 49
16 64
18 81
20 100
22 121
24 144
26 169
28 196
30 225
32 256
34 289
36 324
38 361
40 400
42 441
44 484
46 529
48 576
50 625
52 676
54 729
56 784
58 841
60 900
62 961
64 1024
66 1089
68 1156
70 1225
72 1296
74 1369
76 1444
78 1521
80 1600
82 1681
84 1764
86 1849
88 1936
90 2025
92 2116
94 2209
96 2304
98 2401
50 5000
0 0
2 1
4 4
6 9
8 16
10 25
12 36
14 49
16 64
18 81
20 100
22 121
24 144
26 169
28 196
30 225
32 256
34 289
36 324
38 361
40 400
42 441
44 484
46 529
48 576
50 625
52 676
54 729
56 784
58 841
60 900
62 961
64 1024
66 1089
68 1156
70 1225
72 1296
74 1369
76 1444
78 1521
80 1600
82 1681
84 1764
86 1849
88 1936
90 2025
92 2116
94 2209
96 2304
98 2401
50 5000
0 0
2 1
4 4
6 9
8 16
10 25
12 36
14 49
16 64
18 81
20 100
22 121
24 144
26 169
28 196
30 225
32 256
34 289
36 324
38 361
40 400
42 441
44 484
46 529
48 576
50 625
52 676
54 729
56 784
58 841
60 900
62 961
64 1024
66 1089
68 1156
70 1225
72 1296
74 1369
76 1444
78 1521
80 1600
82 1681
84 1764
86 1849
88 1936
90 2025
92 2116
94 2209
96 2304
98 2401
50 5000
0 0
2 1
4 4
6 9
8 16
10 25
12 36
14 49
16 64
18 81
20 100
22 121
24 144
26 169
28 196
30 225
32 256
34 289
36 324
38 361
40 400
42 441
44 484
46 529
48 576
50 625
52 676
54 729
56 784
58 841
60 900
62 961
64 1024
66 1089
68 1156
70 1225
72 1296
74 1369
76 1444
78 1521
80 1600
82 1681
84 1764
86 1849
88 1936
90 2025
92 2116
94 2209
96 2304
98 2401
50 5000
0 0
2 1
4 4
6 9
8 16
10 25
12 36
14 49
16 64
18 81
20 100
22 121
24 144
26 169
28 196
30 225
32 256
34 289
36 324
38 361
40 400
42 441
44 484
46 529
48 576
50 625
52 676
54 729
56 784
58 841
60 900
62 961
64 1024
66 1089
68 1156
70 1225
72 1296
74 1369
76 1444
78 1521
80 1600
82 1681
84 1764
86 1849
88 1936
90 2025
92 2116
94 2209
96 2304
98 2401
50 5000
0 0
2 1
4 4
6 9
8 16
10 25
12 36
14 49
16 64
18 81
20 100
22 121
24 144
26 169
28 196
30 225
32 256
34 289
36 324
38 361
40 400
42 441
44 484
46 529
48 576
50 625
52 676
54 729
56 784
58 841
60 900
62 961
64 1024
66 1089
68 1156
70 1225
72 1296
74 1369
76 1444
78 1521
80 1600
82 1681
84 1764
86 1849
88 1936
90 2025
92 2116
94 2209
96 2304
98 2401
50 5000
0 0
2 1
4 4
6 9
8 16
10 25
12 36
14 49
16 64
18 81
20 100
22 121
24 144
26 169
28 196
30 225
32 256
34 289
36 324
38 361
40 400
42 441
44 484
46 529
48 576
50 625
52 676
54 729
56 784
58 841
60 900
62 961
64 1024
66 1089
68 1156
70 1225
72 1296
74 1369
76 1444
78 1521
80 1600
82 1681
84 1764
86 1849
88 1936
90 2025
92 2116
94 2209
96 2304
98 2401
50 5000
0 0
2 1
4 4
6 9
8 16
10 25
12 36
14 49
16 64
18 81
20 100
22 121
24 144
26 169
28 196
30 225
32 256
34 289
36 324
38 361
40 400
42 441
44 484
46 529
48 576
50 625
52 676
54 729
56 784
58 841
60 900
62 961
64 1024
66 1089
68 1156
70 1225
72 1296
74 1369
76 1444
78 1521
80 1600
82 1681
84 1764
86 1849
88 1936
90 2025
92 2116
94 2209
96 2304
98 2401
50 5000
0 0
2 1
4 4
6 9
8 16
10 25
12 36
14 49
16 64
18 81
20 100
22 121
24 144
26 169
28 196
30 225
32 256
34 289
36 324
38 361
40 400
42 441
44 484
46 529
48 576
50 625
52 676
54 729
56 784
58 841
60 900
62 961
64 1024
66 1089
68 1156
70 1225
72 1296
74 1369
76 1444
78 1521
80 1600
82 1681
84 1764
86 1849
88 1936
90 2025
92 2116
94 2209
96 2304
98 2401
50 5000
0 0
2 1
4 4
6 9
8 16
10 25
12 36
14 49
16 64
18 81
20 100
22 121
24 144
26 169
28 196
30 225
32 256
34 289
36 324
38 361
40 400
42 441
44 484
46 529
48 576
50 625
52 676
54 729
56 784
58 841
60 900
62 961
64 1024
66 1089
68 1156
70 1225
72 1296
74 1369
76 1444
78 1521
80 1600
82 1681
84 1764
86 1849
88 1936
90 2025
92 2116
94 2209
96 2304
98 2401
50 5000
0 0
2 1
4 4
6 9
8 16
10 25
12 36
14 49
16 64
18 81
20 100
22 121
24 144
26 169
28 196
30 225
32 256
34 289
36 324
38 361
40 400
42 441
44 484
46 529
48 576
50 625
52 676
54 729
56 784
58 841
60 900
62 961
64 1024
66 1089
68 1156
70 1225
72 1296
74 1369
76 1444
78 1521
80 1600
82 1681
84 1764
86 1849
88 1936
90 2025
92 2116
94 2209
96 2304
98 2401
50 5000
0 0
2 1
4 4
6 9
8 16
10 25
12 36
14 49
16 64
18 81
20 100
22 121
24 144
26 169
28 196
30 225
32 256
34 289
36 324
38 361
40 400
42 441
44 484
46 529
48 576
50 625
52 676
54 729
56 784
58 841
60 900
62 961
64 1024
66 1089
68 1156
70 1225
72 1296
74 1369
76 1444
78 1521
80 1600
82 1681
84 1764
86 1849
88 1936
90 2025
92 2116
94 2209
96 2304
98 2401
50 5000
0 0
2 1
4 4
6 9
8 16
10 25
12 36
14 49
16 64
18 81
20 100
22 121
24 144
26 169
28 196
30 225
32 256
34 289
36 324
38 361
40 400
42 441
44 484
46 529
48 576
50 625
52 676
54 729
56 784
58 841
60 900
62 961
64 1024
66 1089
68 1156
70 1225
72 1296
74 1369
76 1444
78 1521
80 1600
82 1681
84 1764
86 1849
88 1936
90 2025
92 2116
94 2209
96 2304
98 2401
50 5000
0 0
2 1
4 4
6 9
8 16
10 25
12 36
14 49
16 64
18 81
20 100
22 121
24 144
26 169
28 196
30 225
32 256
34 289
36 324
38 361
40 400
42 441
44 484
46 529
48 576
50 625
52 676
54 729
56 784
58 841
60 900
62 961
64 1024
66 1089
68 1156
70 1225
72 1296
74 1369
76 1444
78 1521
80 1600
82 1681
84 1764
86 1849
88 1936
90 2025
92 2116
94 2209
96 2304
98 2401
50 5000
0 0
2 1
4 4
6 9
8 16
10 25
12 36
14 49
16 64
18 81
20 100
22 121
24 144
26 169
28 196
30 225
32 256
34 289
36 324
38 361
40 400
42 441
44 484
46 529
48 576
50 625
52 676
54 729
56 784
58 841
60 900
62 961
64 1024
66 1089
68 1156
70 1225
72 1296
74 1369
76 1444
78 1521
80 1600
82 1681
84 1764
86 1849
88 1936
90 2025
92 2116
94 2209
96 2304
98 2401
50 5000
0 0
2 1
4 4
6 9
8 16
10 25
12 36
14 49
16 64
18 81
20 100
22 121
24 144
26 169
28 196
30 225
32 256
34 289
36 324
38 361
40 400
42 441
44 484
46 529
48 576
50 625
52 676
54 729
56 784
58 841
60 900
62 961
64 1024
66 1089
68 1156
70 1225
72 1296
74 1369
76 1444
78 1521
80 1600
82 1681
84 1764
86 1849
88 1936
90 2025
92 2116
94 2209
96 2304
98 2401
50 5000
0 0
2 1
4 4
6 9
8 16
10 25
12 36
14 49
16 64
18 81
20 100
22 121
24 144
26 169
28 196
30 225
32 256
34 289
36 324
38 361
40 400
42 441
44 484
46 529
48 576
50 625
52 676
54 729
56 784
58 841
60 900
62 961
64 1024
66 1089
68 1156
70 1225
72 1296
74 1369
76 1444
78 1521
80 1600
82 1681
84 1764
86 1849
88 1936
90 2025
92 2116
94 2209
96 2304
98 2401
50 5000
0 0
2 1
4 4
6 9
8 16
10 25
12 36
14 49
16 64
18 81
20 100
22 121
24 144
26 169
28 196
30 225
32 256
34 289
36 324
38 361
40 400
42 441
44 484
46 529
48 576
50 625
52 676
54 729
56 784
58 841
60 900
62 961
64 1024
66 1089
68 1156
70 1225
72 1296
74 1369
76 1444
78 1521
80 1600
82 1681
84 1764
86 1849
88 1936
90 2025
92 2116
94 2209
96 2304
98 2401
50 5000
0 0
2 1
4 4
6 9
8 16
10 25
12 36
14 49
16 64
18 81
20 100
22 121
24 144
26 169
28 196
30 225
32 256
34 289
36 324
38 361
40 400
42 441
44 484
46 529
48 576
50 625
52 676
54 729
56 784
58 841
60 900
62 961
64 1024
66 1089
68 1156
70 1225
72 1296
74 1369
76 1444
78 1521
80 1600
82 1681
84 1764
86 1849
88 1936
90 2025
92 2116
94 2209
96 2304
98 2401
50 5000
0 0
2 1
4 4
6 9
8 16
10 25
12 36
14 49
16 64
18 81
20 100
22 121
24 144
26 169
28 196
30 225
32 256
34 289
36 324
38 361
40 400
42 441
44 484
46 529
48 576
50 625
52 676
54 729
56 784
58 841
60 900
62 961
64 1024
66 1089
68 1156
70 1225
72 1296
74 1369
76 1444
78 1521
80 1600
82 1681
84 1764
86 1849
88 1936
90 2025
92 2116
94 2209
96 2304
98 2401
50 5000
0 0
2 1
4 4
6 9
8 16
10 25
12 36
14 49
16 64
18 81
20 100
22 121
24 144
26 169
28 196
30 225
32 256
34 289
36 324
38 361
40 400
42 441
44 484
46 529
48 576
50 625
52 676
54 729
56 784
58 841
60 900
62 961
64 1024
66 1089
68 1156
70 1225
72 1296
74 1369
76 1444
78 1521
80 1600
82 1681
84 1764
86 1849
88 1936
90 2025
92 2116
94 2209
96 2304
98 2401
50 5000
0 0
2 1
4 4
6 9
8 16
10 25
12 36
14 49
16 64
18 81
20 100
22 121
24 144
26 169
28 196
30 225
32 256
34 289
36 324
38 361
40 400
42 441
44 484
46 529
48 576
50 625
52 676
54 729
56 784
58 841
60 900
62 961
64 1024
66 1089
68 1156
70 1225
72 1296
74 1369
76 1444
78 1521
80 1600
82 1681
84 1764
86 1849
88 1936
90 2025
92 2116
94 2209
96 2304
98 2401
50 5000
0 0
2 1
4 4
6 9
8 16
10 25
12 36
14 49
16 64
18 81
20 100
22 121
24 144
26 169
28 196
30 225
32 256
34 289
36 324
38 361
40 400
42 441
44 484
46 529
48 576
50 625
52 676
54 729
56 784
58 841
60 900
62 961
64 1024
66 1089
68 1156
70 1225
72 1296
74 1369
76 1444
78 1521
80 1600
82 1681
84 1764
86 1849
88 1936
90 2025
92 2116
94 2209
96 2304
98 2401
50 5000
0 0
2 1
4 4
6 9
8 16
10 25
12 36
14 49
16 64
18 81
20 100
22 121
24 144
26 169
28 196
30 225
32 256
34 289
36 324
38 361
40 400
42 441
44 484
46 529
48 576
50 625
52 676
54 729
56 784
58 841
60 900
62 961
64 1024
66 1089
68 1156
70 1225
72 1296
74 1369
76 1444
78 1521
80 1600
82 1681
84 1764
86 1849
88 1936
90 2025
92 2116
94 2209
96 2304
98 2401
50 5000
0 0
2 1
4 4
6 9
8 16
10 25
12 36
14 49
16 64
18 81
20 100
22 121
24 144
26 169
28 196
30 225
32 256
34 289
36 324
38 361
40 400
42 441
44 484
46 529
48 576
50 625
52 676
54 729
56 784
58 841
60 900
62 961
64 1024
66 1089
68 1156
70 1225
72 1296
74 1369
76 1444
78 1521
80 1600
82 1681
84 1764
86 1849
88 1936
90 2025
92 2116
94 2209
96 2304
98 2401
50 5000
0 0
2 1
4 4
6 9
8 16
10 25
12 36
14 49
16 64
18 81
20 100
22 121
24 144
26 169
28 196
30 225
32 256
34 289
36 324
38 361
40 400
42 441
44 484
46 529
48 576
50 625
52 676
54 729
56 784
58 841
60 900
62 961
64 1024
66 1089
68 1156
70 1225
72 1296
74 1369
76 1444
78 1521
80 1600
82 1681
84 1764
86 1849
88 1936
90 2025
92 2116
94 2209
96 2304
98 2401
50 5000
0 0
2 1
4 4
6 9
8 16
10 25
12 36
14 49
16 64
18 81
20 100
22 121
24 144
26 169
28 196
30 225
32 256
34 289
36 324
38 361
40 400
42 441
44 484
46 529
48 576
50 625
52 676
54 729
56 784
58 841
60 900
62 961
64 1024
66 1089
68 1156
70 1225
72 1296
74 1369
76 1444
78 1521
80 1600
82 1681
84 1764
86 1849
88 1936
90 2025
92 2116
94 2209
96 2304
98 2401
50 5000
0 0
2 1
4 4
6 9
8 16
10 25
12 36
14 49
16 64
18 81
20 100
22 121
24 144
26 169
28 196
30 225
32 256
34 289
36 324
38 361
40 400
42 441
44 484
46 529
48 576
50 625
52 676
54 729
56 784
58 841
60 900
62 961
64 1024
66 1089
68 1156
70 1225
72 1296
74 1369
76 1444
78 1521
80 1600
82 1681
84 1764
86 1849
88 1936
90 2025
92 2116
94 2209
96 2304
98 2401
50 5000
0 0
2 1
4 4
6 9
8 16
10 25
12 36
14 49
16 64
18 81
20 100
22 121
24 144
26 169
28 196
30 225
32 256
34 289
36 324
38 361
40 400
42 441
44 484
46 529
48 576
50 625
52 676
54 729
56 784
58 841
60 900
62 961
64 1024
66 1089
68 1156
70 1225
72 1296
74 1369
76 1444
78 1521
80 1600
82 1681
84 1764
86 1849
88 1936
90 2025
92 2116
94 2209
96 2304
98 2401
50 5000
0 0
2 1
4 4
6 9
8 16
10 25
12 36
14 49
16 64
18 81
20 100
22 121
24 144
26 169
28 196
30 225
32 256
34 289
36 324
38 361
40 400
42 441
44 484
46 529
48 576
50 625
52 676
54 729
56 784
58 841
60 900
62 961
64 1024
66 1089
68 1156
70 1225
72 1296
74 1369
76 1444
78 1521
80 1600
82 1681
84 1764
86 1849
88 1936
90 2025
92 2116
94 2209
96 2304
98 2401
50 5000
0 0
2 1
4 4
6 9
8 16
10 25
12 36
14 49
16 64
18 81
20 100
22 121
24 144
26 169
28 196
30 225
32 256
34 289
36 324
38 361
40 400
42 441
44 484
46 529
48 576
50 625
52 676
54 729
56 784
58 841
60 900
62 961
64 1024
66 1089
68 1156
70 1225
72 1296
74 1369
76 1444
78 1521
80 1600
82 1681
84 1764
86 1849
88 1936
90 2025
92 2116
94 2209
96 2304
98 2401
50 5000
0 0
2 1
4 4
6 9
8 16
10 25
12 36
14 49
16 64
18 81
20 100
22 121
24 144
26 169
28 196
30 225
32 256
34 289
36 324
38 361
40 400
42 441
44 484
46 529
48 576
50 625
52 676
54 729
56 784
58 841
60 900
62 961
64 1024
66 1089
68 1156
70 1225
72 1296
74 1369
76 1444
78 1521
80 1600
82 1681
84 1764
86 1849
88 1936
90 2025
92 2116
94 2209
96 2304
98 2401
50 5000
0 0
2 1
4 4
6 9
8 16
10 25
12 36
14 49
16 64
18 81
20 100
22 121
24 144
26 169
28 196
30 225
32 256
34 289
36 324
38 361
40 400
42 441
44 484
46 529
48 576
50 625
52 676
54 729
56 784
58 841
60 900
62 961
64 1024
66 1089
68 1156
70 1225
72 1296
74 1369
76 1444
78 1521
80 1600
82 1681
84 1764
86 1849
88 1936
90 2025
92 2116
94 2209
96 2304
98 2401
50 5000
0 0
2 1
4 4
6 9
8 16
10 25
12 36
14 49
16 64
18 81
20 100
22 121
24 144
26 169
28 196
30 225
32 256
34 289
36 324
38 361
40 400
42 441
44 484
46 529
48 576
50 625
52 676
54 729
56 784
58 841
60 900
62 961
64 1024
66 1089
68 1156
70 1225
72 1296
74 1369
76 1444
78 1521
80 1600
82 1681
84 1764
86 1849
88 1936
90 2025
92 2116
94 2209
96 2304
98 2401
50 5000
0 0
2 1
4 4
6 9
8 16
10 25
12 36
14 49
16 64
18 81
20 100
22 121
24 144
26 169
28 196
30 225
32 256
34 289
36 324
38 361
40 400
42 441
44 484
46 529
48 576
50 625
52 676
54 729
56 784
58 841
60 900
62 961
64 1024
66 1089
68 1156
70 1225
72 1296
74 1369
76 1444
78 1521
80 1600
82 1681
84 1764
86 1849
88 1936
90 2025
92 2116
94 2209
96 2304
98 2401
50 5000
0 0
2 1
4 4
6 9
8 16
10 25
12 36
14 49
16 64
18 81
20 100
22 121
24 144
26 169
28 196
30 225
32 256
34 289
36 324
38 361
40 400
42 441
44 484
46 529
48 576
50 625
52 676
54 729
56 784
58 841
60 900
62 961
64 1024
66 1089
68 1156
70 1225
72 1296
74 1369
76 1444
78 1521
80 1600
82 1681
84 1764
86 1849
88 1936
90 2025
92 2116
94 2209
96 2304
98 2401
50 5000
0 0
2 1
4 4
6 9
8 16
10 25
12 36
14 49
16 64
18 81
20 100
22 121
24 144
26 169
28 196
30 225
32 256
34 289
36 324
38 361
40 400
42 441
44 484
46 529
48 576
50 625
52 676
54 729
56 784
58 841
60 900
62 961
64 1024
66 1089
68 1156
70 1225
72 1296
74 1369
76 1444
78 1521
80 1600
82 1681
84 1764
86 1849
88 1936
90 2025
92 2116
94 2209
96 2304
98 2401
50 5000
0 0
2 1
4 4
6 9
8 16
10 25
12 36
14 49
16 64
18 81
20 100
22 121
24 144
26 169
28 196
30 225
32 256
34 289
36 324
38 361
40 400
42 441
44 484
46 529
48 576
50 625
52 676
54 729
56 784
58 841
60 900
62 961
64 1024
66 1089
68 1156
70 1225
72 1296
74 1369
76 1444
78 1521
80 1600
82 1681
84 1764
86 1849
88 1936
90 2025
92 2116
94 2209
96 2304
98 2401
50 5000
0 0
2 1
4 4
6 9
8 16
10 25
12 36
14 49
16 64
18 81
20 100
22 121
24 144
26 169
28 196
30 225
32 256
34 289
36 324
38 361
40 400
42 441
44 484
46 529
48 576
50 625
52 676
54 729
56 784
58 841
60 900
62 961
64 1024
66 1089
68 1156
70 1225
72 1296
74 1369
76 1444
78 1521
80 1600
82 1681
84 1764
86 1849
88 1936
90 2025
92 2116
94 2209
96 2304
98 2401
50 5000
0 0
2 1
4 4
6 9
8 16
10 25
12 36
14 49
16 64
18 81
20 100
22 121
24 144
26 169
28 196
30 225
32 256
34 289
36 324
38 361
40 400
42 441
44 484
46 529
48 576
50 625
52 676
54 729
56 784
58 841
60 900
62 961
64 1024
66 1089
68 1156
70 1225
72 1296
74 1369
76 1444
78 1521
80 1600
82 1681
84 1764
86 1849
88 1936
90 2025
92 2116
94 2209
96 2304
98 2401
50 5000
0 0
2 1
4 4
6 9
8 16
10 25
12 36
14 49
16 64
18 81
20 100
22 121
24 144
26 169
28 196
30 225
32 256
34 289
36 324
38 361
40 400
42 441
44 484
46 529
48 576
50 625
52 676
54 729
56 784
58 841
60 900
62 961
64 1024
66 1089
68 1156
70 1225
72 1296
74 1369
76 1444
78 1521
80 1600
82 1681
84 1764
86 1849
88 1936
90 2025
92 2116
94 2209
96 2304
98 2401
50 5000
0 0
2 1
4 4
6 9
8 16
10 25
12 36
14 49
16 64
18 81
20 100
22 121
24 144
26 169
28 196
30 225
32 256
34 289
36 324
38 361
40 400
42 441
44 484
46 529
48 576
50 625
52 676
54 729
56 784
58 841
60 900
62 961
64 1024
66 1089
68 1156
70 1225
72 1296
74 1369
76 1444
78 1521
80 1600
82 1681
84 1764
86 1849
88 1936
90 2025
92 2116
94 2209
96 2304
98 2401
