437 370 75 142 741 46 328 433 773 68
964 553 653 415 502 627 798 708 300 579
521 25 557 3 54 464 52 135 605 250
271 614 979 74 762 740 272 167 572 45
493 61 44 54 688 821 37 868 201 56
169 766 316 100 402 695 833 924 868 164
Not enough observations
776 780 877 52 725 929 793 919 721 279
800 165 579 115 155 485 397 892 591 132
Not enough observations
577 428 402 291 252 544 735 545 771 34
184 661 105 194 865 465 388 877 222 869
Not enough observations
Wrong machine
29 663 215 269 304 846 114 206 387 418
863 914 332 914 352 538 579 357 505 427
Wrong machine
551 450 984 8 293 172 487 124 517 833
Not enough observations
Wrong machine
