20
15 511 831 275 539 597 170 42 467 286 37 560 817 474 917 250 
75 453 293 104 635 225 173 391 449 813 473 198 922 283 538 572 268 997 100 262 637 767 323 586 799 781 697 412 207 93 225 238 42 338 34 16 453 131 613 650 25 766 688 93 685 309 564 356 565 10 421 805 483 732 703 88 701 609 995 723 326 532 200 928 0 431 799 465 833 1 223 375 974 842 877 699 
79 709 770 113 673 56 406 641 234 71 171 184 876 843 122 908 353 829 597 47 872 386 91 782 268 297 620 263 349 657 835 667 838 817 254 864 885 342 718 717 115 512 228 424 845 393 191 747 507 664 650 66 165 398 521 37 925 330 928 860 983 412 519 851 779 710 761 828 722 21 76 946 678 313 796 838 149 143 603 805 
99 866 778 702 144 658 520 590 636 937 802 357 300 719 604 414 480 932 332 880 42 336 477 303 489 198 217 400 516 37 360 257 563 527 957 195 727 709 55 425 606 26 901 398 461 789 59 356 184 857 392 856 123 526 330 573 762 254 619 683 522 856 640 513 933 326 572 173 699 580 417 972 652 843 582 594 123 918 295 216 621 77 359 84 443 669 653 259 188 736 119 632 531 70 142 749 35 114 733 304 
55 47 696 325 768 584 566 537 178 835 226 472 540 835 426 263 947 365 53 853 152 764 936 608 585 164 506 943 251 674 324 563 473 154 540 920 296 922 812 401 458 525 736 697 717 521 437 530 626 663 47 688 810 320 409 902 
25 433 827 480 303 296 112 567 266 353 221 473 105 536 176 497 873 819 208 726 156 71 134 672 663 617 
2 999 876 
49 846 312 78 812 729 460 766 453 477 551 632 483 972 243 339 85 754 439 344 560 641 289 389 352 35 689 754 624 44 536 714 355 114 791 344 558 49 957 921 754 52 870 526 224 298 235 879 258 494 
27 378 733 719 221 320 986 89 206 453 199 328 208 839 774 86 650 597 325 450 512 575 14 695 426 230 63 103 
2 945 782 
3 767 308 284 
61 590 835 70 774 898 227 516 668 219 853 647 529 412 658 3 0 922 943 559 325 21 521 193 884 519 766 903 482 480 926 285 559 635 571 495 126 837 853 854 663 306 329 194 64 214 608 488 316 841 548 519 194 386 907 980 569 198 788 142 19 263 
1 968 
37 100 4 238 270 27 492 928 28 578 480 340 61 415 72 48 640 582 291 197 569 248 20 959 616 202 792 35 365 90 290 888 275 780 657 56 22 970 
97 921 872 464 227 634 647 68 696 837 825 503 197 416 6 826 703 154 215 156 685 832 598 280 726 585 323 63 32 972 182 837 241 966 428 467 420 47 305 11 992 300 576 558 128 650 485 97 756 341 350 208 872 925 463 548 285 833 230 45 166 59 425 153 393 21 131 394 633 279 176 702 321 227 800 418 871 444 343 859 598 9 722 443 121 729 427 491 870 880 163 203 824 349 78 968 37 782 
11 255 353 267 500 766 937 792 682 28 339 575 
69 126 403 347 309 113 772 666 749 385 947 305 489 767 697 743 320 38 615 900 554 185 550 230 400 716 706 266 823 479 858 760 881 565 486 530 576 699 997 373 919 795 483 741 792 848 675 343 275 52 967 895 145 837 241 578 630 663 716 22 556 251 268 910 962 692 207 146 1 418 
87 197 815 96 597 393 940 142 664 555 775 213 968 722 953 237 183 164 604 477 402 147 554 390 331 265 774 560 65 529 615 809 246 859 814 167 21 920 508 583 934 20 147 761 525 225 936 965 624 357 193 545 800 66 886 140 478 888 61 586 670 652 881 5 221 153 837 102 944 981 370 804 269 372 959 560 780 962 704 24 484 228 38 413 546 694 289 970 
2 201 260 
89 884 843 512 375 348 280 458 45 782 100 428 923 394 238 276 668 506 599 875 126 149 585 297 474 726 730 853 847 803 773 133 413 65 93 84 341 245 151 129 10 406 427 60 667 246 590 331 193 134 624 579 824 113 805 434 83 265 713 777 176 470 997 784 741 821 73 537 494 117 309 174 957 164 416 998 364 352 580 418 497 666 684 94 23 637 802 299 461 245 
