100
2 4
10 5
3 12
7 7 7
3 12
4 2 1
5 1000000000
25 25 25 25 25
2 2
1 1
5 5
1 1 1 1 1
5 448257424
1 2 3 4 5
5 915742169
18 7 21 11 25
5 832215102
23 23 23 23 23
5 514164620
4 4 4 4 4
5 232755690
10 10 10 10 10
5 203691802
19 19 19 19 19
5 280371018
19 19 19 19 19
5 979320719
24 24 24 24 24
5 916472865
18 18 18 18 18
5 667053441
7 7 7 7 7
5 270513754
3 3 3 3 3
5 170746084
8 8 8 8 8
5 570022778
1 1 1 1 1
5 620392118
9 9 9 9 9
5 404321294
8 8 8 8 8
5 683937905
21 21 21 21 21
5 928287413
15 15 15 15 15
5 348110582
25 25 25 25 25
5 382011071
20 20 20 20 20
5 333002498
25 25 25 25 25
5 317784355
15 15 15 15 15
5 221046371
24 24 24 24 24
5 711929976
13 13 13 13 13
5 944366791
3 3 3 3 3
5 607126135
25 25 25 25 25
5 940725507
6 6 6 6 6
5 494516246
17 17 17 17 17
5 487101270
1 2 3 4 5
5 321642565
1 2 3 4 5
5 343334912
1 2 3 4 5
5 729298569
1 2 3 4 5
5 33890319
1 2 3 4 5
5 818399538
1 2 3 4 5
5 662509895
1 2 3 4 5
5 573871270
1 2 3 4 5
5 152702143
1 2 3 4 5
5 214856840
1 2 3 4 5
5 758934264
1 2 3 4 5
5 323803569
1 2 3 4 5
5 744589820
1 2 3 4 5
5 206902078
1 2 3 4 5
5 116896278
1 2 3 4 5
5 541936195
1 2 3 4 5
5 760289017
1 2 3 4 5
5 220912532
1 2 3 4 5
5 182197710
1 2 3 4 5
5 519928715
1 2 3 4 5
5 407207672
1 2 3 4 5
5 670280620
1 2 3 4 5
5 621676478
1 2 3 4 5
5 487607695
1 2 3 4 5
5 905820154
1 2 3 4 5
5 9402424
4 12 23 22 22
5 685999447
20 4 1 5 3
5 969995206
15 17 20 17 15
5 958067532
11 12 1 25 19
5 873859154
4 21 25 5 17
5 837493284
20 19 14 16 25
5 154618277
17 7 8 13 1
5 7563667
20 19 23 24 13
5 91914736
10 21 21 13 12
5 389738986
3 5 25 3 2
5 498492275
17 7 21 4 23
5 2370886
1 15 6 23 25
5 989242721
11 1 10 18 14
5 191324473
20 11 1 25 17
5 497585022
5 10 9 19 22
5 901403156
4 23 8 3 24
5 167541935
18 10 15 3 20
5 882330116
9 3 19 16 22
5 101324241
8 4 13 11 17
5 161712635
14 11 11 15 6
5 158958347
20 21 9 21 19
5 237782384
19 3 4 15 25
5 741445141
11 20 18 23 6
5 868920026
25 16 25 18 11
5 626874357
2 19 4 19 19
5 336658256
12 4 23 19 20
5 412963093
3 2 15 20 7
5 687999363
6 17 25 7 3
5 299300484
20 19 3 2 8
5 796767353
14 5 10 16 15
5 784170182
22 12 5 10 19
5 703665643
22 7 22 18 24
5 143408531
1 20 21 15 20
5 383088316
11 12 9 13 24
5 671508513
14 9 16 22 25
5 617057698
20 6 9 24 7
5 961261907
6 19 3 10 11
5 953065129
22 17 7 18 15
5 393715487
16 4 3 10 1
5 868958253
19 5 19 12 16
5 371477023
12 25 16 1 13
5 524361619
12 23 10 15 4
