100 1000 50
27 20 49 45 46 28 46 45 18 31 10 26 16 36 46 9 32 8 17 7 27 33 46 36 35 48 25 45 10 2 16 35 38 30 36 23 10 43 9 24 16 31 25 20 47 26 27 41 33 10 41 8 42 18 13 50 17 1 31 2 6 35 45 17 19 10 8 7 40 25 44 30 15 18 39 6 10 43 20 27 43 18 37 48 48 23 11 48 38 9 50 10 35 35 26 44 17 42 45 5
7 84
29 88
13 83
84 23
90 24
64 8
11 59
96 57
47 90
3 45
60 75
76 36
75 84
83 53
57 83
15 73
16 73
24 72
97 38
94 41
51 40
20 71
90 65
24 25
66 5
78 2
20 100
47 57
60 79
10 21
69 61
52 78
90 37
47 64
53 21
34 74
11 40
8 86
9 15
78 10
29 94
65 19
48 59
32 63
76 100
54 77
64 16
98 63
86 88
56 61
42 33
30 58
96 2
47 14
53 26
68 52
44 80
67 63
44 66
67 44
71 3
32 78
95 88
28 82
83 33
34 99
35 3
88 17
62 65
70 95
64 88
74 46
74 39
43 71
66 99
37 35
42 58
8 19
19 75
34 4
3 81
72 91
42 51
11 57
60 83
13 49
65 2
75 5
82 41
60 4
4 15
16 61
9 97
99 87
35 91
30 43
18 68
54 74
28 64
45 32
40 24
100 61
13 31
26 82
50 32
27 69
50 59
62 75
49 18
21 92
66 12
50 17
56 16
26 34
19 63
84 52
21 51
98 81
67 62
73 14
97 19
100 91
27 62
32 77
79 9
23 70
100 55
36 31
10 42
37 75
77 72
9 53
66 2
39 30
44 95
46 23
49 97
31 98
89 39
13 82
86 37
40 10
61 2
52 29
6 71
22 90
60 20
23 36
31 16
96 10
60 85
13 2
41 61
88 31
9 18
85 5
63 82
49 68
54 80
5 78
15 61
11 55
52 94
80 72
92 14
78 55
59 81
15 65
7 97
96 36
77 100
25 96
48 68
51 72
10 33
94 37
32 59
91 52
39 76
93 58
52 19
9 22
72 2
54 68
46 35
34 60
75 99
7 57
84 85
55 21
7 41
23 31
64 26
11 12
40 76
63 16
65 23
1 87
21 1
42 32
57 37
73 44
3 69
24 30
17 6
73 45
25 27
42 47
26 41
10 35
63 57
87 7
50 48
62 23
39 19
47 98
65 33
2 98
57 30
46 95
32 55
66 95
68 60
71 8
100 72
67 71
45 94
21 85
41 9
46 2
5 22
70 11
20 19
99 36
59 21
59 38
23 4
3 85
68 74
39 10
17 62
73 40
38 40
86 58
8 31
27 54
5 46
46 85
85 11
38 27
98 54
41 34
94 48
70 98
71 63
77 37
21 75
45 25
65 67
8 70
1 67
64 2
65 91
62 42
6 21
75 79
38 65
97 17
51 20
67 86
26 47
16 41
57 80
49 77
81 10
89 96
72 1
2 88
81 29
26 97
87 90
59 24
12 95
78 77
55 92
14 53
34 19
60 7
97 21
44 7
20 57
61 96
69 99
29 84
51 30
80 94
95 11
12 32
41 96
9 84
32 4
21 61
32 95
95 30
55 72
97 3
20 39
100 69
31 73
71 88
79 91
52 46
23 100
100 64
43 19
99 40
35 16
77 85
12 96
67 28
96 64
31 75
47 22
88 61
23 72
55 84
66 65
13 51
65 96
73 99
74 56
94 100
43 11
79 54
91 29
60 62
72 37
79 28
36 43
97 37
9 4
89 88
55 74
43 99
70 50
82 25
46 47
83 49
18 7
82 31
54 46
95 85
42 12
71 76
47 67
83 34
30 20
18 45
42 48
65 6
53 31
37 25
60 22
69 7
45 57
15 21
71 42
17 14
93 84
30 12
2 31
14 6
33 19
86 33
62 24
9 5
62 19
70 22
83 54
86 30
96 22
12 85
65 99
9 78
31 41
23 38
18 57
30 32
71 38
87 44
15 17
71 83
29 14
94 3
79 86
53 90
36 1
33 53
81 71
37 21
13 71
53 86
47 76
7 28
85 59
8 95
87 36
27 66
99 93
55 9
61 8
62 97
65 28
79 10
35 29
64 93
19 74
5 92
3 38
68 27
52 21
91 78
62 14
63 97
46 8
82 74
46 90
58 65
21 8
16 36
88 63
78 67
46 55
81 20
88 15
35 1
4 78
15 51
39 1
96 45
88 42
74 25
47 44
39 95
63 45
39 36
50 18
14 93
90 86
61 22
49 91
68 57
56 82
96 97
32 84
56 93
79 13
4 63
76 90
52 60
60 63
12 45
84 14
39 70
71 77
9 72
7 77
96 16
32 3
98 58
57 19
71 35
100 99
18 21
72 14
58 89
100 35
20 5
35 54
23 80
45 43
86 82
73 3
50 83
52 30
92 45
59 3
98 1
33 58
75 97
52 99
81 45
4 81
75 39
8 32
63 53
22 14
71 55
35 12
23 37
53 30
85 37
50 77
21 13
37 19
25 5
43 26
79 76
23 55
20 43
12 40
28 59
52 9
44 6
31 48
84 62
57 39
45 64
47 48
75 41
51 91
86 46
78 43
64 9
98 16
74 66
9 77
44 40
20 90
89 77
80 63
20 92
29 93
57 36
12 84
89 48
53 42
29 33
60 50
72 25
48 75
45 78
98 92
10 59
49 54
28 47
81 61
66 26
13 12
16 19
69 33
44 19
86 89
80 73
15 84
60 99
43 10
84 49
60 40
52 42
44 39
23 43
35 18
19 12
59 27
80 89
56 80
11 20
93 98
45 80
21 71
89 35
65 26
75 53
4 77
93 16
81 41
54 86
8 97
99 13
10 74
87 38
26 58
98 30
21 66
26 84
57 66
81 16
5 73
94 12
66 53
25 14
23 7
11 32
50 30
21 84
98 48
28 39
45 29
33 54
14 12
86 39
96 51
48 33
58 5
22 80
75 94
26 85
79 99
54 65
62 68
1 84
13 59
45 71
94 54
82 79
29 65
35 62
51 46
92 85
100 70
32 13
48 19
99 32
22 68
47 34
37 20
37 40
95 50
18 86
14 55
79 44
2 80
77 13
22 81
46 65
58 40
43 59
11 52
43 64
80 13
3 49
2 87
67 76
26 37
82 58
66 58
58 55
27 60
35 4
11 54
50 64
66 70
87 51
2 30
49 24
78 88
46 76
24 65
80 86
73 2
26 73
86 43
98 18
27 24
40 82
11 18
67 39
53 96
89 21
20 36
61 75
73 65
96 72
49 32
53 4
41 29
67 60
19 42
40 88
63 8
16 13
17 60
56 57
80 7
7 47
84 11
17 63
88 1
37 98
66 72
90 81
96 77
2 24
50 42
27 64
51 48
48 11
40 8
73 61
26 81
84 8
92 11
53 85
53 100
96 55
56 75
68 50
3 61
11 77
88 41
52 36
93 75
40 61
83 18
51 65
75 15
35 20
45 51
67 83
5 90
70 79
1 59
54 73
26 49
14 74
38 83
74 38
58 32
79 68
91 43
32 34
16 28
86 19
78 16
51 86
75 36
76 60
35 21
92 1
80 26
48 66
7 27
72 16
35 8
64 72
11 58
88 22
88 51
76 17
64 42
86 95
57 31
6 35
71 24
11 90
47 15
3 29
32 93
57 65
28 1
93 92
52 53
69 57
24 74
77 88
51 84
21 17
48 72
72 22
25 93
4 40
8 50
23 8
95 35
75 52
92 82
27 93
10 4
51 43
66 38
43 53
67 3
2 14
29 100
61 38
13 20
31 3
71 18
12 65
14 95
61 24
25 38
12 39
65 53
55 61
9 90
45 15
68 44
66 13
60 65
29 49
85 70
37 42
47 82
31 32
53 69
65 44
57 41
16 51
32 57
40 77
33 21
86 35
91 2
17 18
21 49
33 24
57 33
27 57
35 58
92 41
68 91
7 15
36 79
26 61
38 36
70 59
62 31
22 16
66 81
78 56
10 66
21 76
74 90
90 96
56 35
47 70
3 83
15 58
38 51
79 49
69 43
22 57
24 53
32 40
73 79
61 47
58 16
87 80
42 60
50 63
51 71
94 30
4 75
39 88
75 13
20 86
75 18
55 30
67 5
84 100
71 93
18 79
65 8
76 83
47 19
39 16
20 79
1 26
42 65
33 100
76 14
88 70
100 54
12 21
64 86
35 22
88 36
66 88
90 38
31 69
2 5
5 38
54 2
99 57
58 18
64 12
43 80
67 30
96 94
24 51
61 19
54 44
18 1
6 26
86 56
41 45
94 59
66 51
34 39
31 93
67 18
32 97
9 43
57 2
33 52
3 23
97 76
81 67
32 69
20 94
63 90
71 34
83 9
100 98
47 84
39 81
26 45
91 34
78 34
55 56
25 55
78 69
68 1
78 73
37 34
78 14
13 25
74 2
3 64
9 89
66 75
78 50
1 86
46 37
22 28
96 47
7 93
11 22
52 61
80 60
27 46
22 66
46 16
98 3
48 70
6 95
47 94
6 30
82 23
89 79
60 15
99 31
10 92
65 94
90 40
25 51
49 1
78 65
5 29
70 18
58 43
60 86
31 22
53 55
66 14
50 14
11 16
36 86
60 36
52 28
81 92
27 50
68 89
92 39
100 95
94 5
82 30
35 42
88 56
14 37
33 70
98 59
21 95
91 4
66 78
5 79
17 54
17 82
94 46
91 8
55 83
14 44
11 42
98 52
49 56
37 81
8 59
73 48
