20
5134 2621 141 183 1000000 2309 282 36 56 66 26
1163 9027 94 86 1000000 1054 6993 92 90 59 19
37637 35252 131 4 1326 1844 2265 72 38 3 79
6 10 3 2 2 0 0 5 4 3 2
36402 39273 278 35 1000000 11371 25106 51 98 33 54
6503 8478 146 197 1000000 332 8138 33 8 90 43
39491 39608 20414 20014 3 22564 17425 7 17 95 40
4 4 1 1 3 1 1 2 2 2 2
196 827 117 730 108 131 477 41 72 11 66
39954 39461 443 17 1000000 34349 36388 60 98 69 44
39078 39880 20882 20735 3 22243 24336 53 36 6 40
24576 30148 1171 1922 740 19787 13047 34 74 34 11
39527 38179 294 327 1000000 12899 20050 56 52 99 46
28557 13495 1138 1991 385 23252 10801 56 19 77 36
490 844 318 332 275 241 434 79 99 34 80
35728 35276 139 460 1000000 14745 27690 33 97 8 69
4886 4367 95 87 1000000 3493 4363 2 66 19 64
39843 39881 20522 20114 3 11897 5279 74 89 96 58
20133 29990 1305 1623 603 7664 19517 81 90 36 9
4 4 2 2 1 0 2 1 2 3 4
