20
17 14
6 24 16 40 28 10 13 50 20 15 45 41 17 6 32 41 23 
17 3
13 20 11 24 36 36 27 7 31 2 13 21 16 7 7 6 15 
20 7
12 35 42 15 23 45 23 4 16 2 4 33 2 12 42 8 6 42 21 40 
20 1
1 1 1 1 1 1 1 1 1 1 1 1 1 1 1 1 1 1 1 1
20 1
50 50 50 50 50 50 50 50 50 50 50 50 50 50 50 50 50 50 50 50 
19 8
17 34 41 7 30 23 25 28 17 46 48 16 41 48 48 35 41 15 32 
20 1
0 0 0 0 0 0 0 0 0 0 0 0 0 0 0 0 0 0 0 2 
10 11
1 2 3 4 5 6 7 8 9 10 
4 1
2 7 5 14
4 2
0 0 1 2
18 10
24 45 1 4 10 30 50 37 23 49 8 6 31 15 13 31 36 44 
19 8
29 23 14 31 27 10 28 6 22 8 13 40 21 2 23 11 2 48 47 
18 5
23 45 33 46 21 47 41 25 12 42 46 19 31 48 24 36 49 4 
2 1
2 2
18 10
11 32 46 13 48 39 45 2 0 6 10 41 48 34 46 0 39 47 
18 8
31 25 31 50 12 9 19 23 14 19 15 23 19 43 46 2 17 1 
20 4
39 5 32 21 9 29 28 32 35 5 22 0 38 21 23 7 23 39 17 13 
19 3
43 38 44 43 4 16 1 3 43 37 46 8 45 4 48 19 0 9 4 
18 2
26 24 7 5 2 45 35 39 5 14 41 5 48 13 11 20 29 18 
20 1
0 0 0 0 0 0 0 0 0 0 0 0 0 0 0 0 0 0 0 0 
