20
2 1
2 2
20 1
1 1 1 1 1 1 1 1 1 1 1 1 1 1 1 1 1 1 1 1
19 3
43 38 44 43 4 16 1 3 43 37 46 8 45 4 48 19 0 9 4
17 14
15 2 48 50 34 36 9 47 27 2 38 6 39 49 43 5 17
20 1
50 50 50 50 50 50 50 50 50 50 50 50 50 50 50 50 50 50 50 50
20 1
0 0 0 0 0 0 0 0 0 0 0 0 0 0 0 0 0 0 0 0
18 6
27 0 48 28 9 44 42 23 34 37 13 29 18 7 6 28 30 37
18 17
9 27 48 38 12 10 4 39 17 19 22 4 1 24 22 20 19 18
18 5
23 45 33 46 21 47 41 25 12 42 46 19 31 48 24 36 49 4
4 2
0 0 1 2
19 4
3 22 50 29 18 42 36 32 3 44 32 44 19 42 7 50 12 19 36
19 20
29 1 14 31 2 43 30 38 27 9 16 33 49 34 29 37 41 29 10
10 11 1 2 3 4 5 6 7 8 9 10
20 1
0 0 0 0 0 0 0 0 0 0 0 0 0 0 0 0 0 0 0 2
19 5
4 13 23 37 5 37 34 10 21 7 22 4 32 18 7 36 44 10 36
18 10
36 0 0 8 36 20 49 2 42 4 34 29 30 29 1 23 45 7
19 4
0 24 42 4 11 35 50 24 11 9 8 25 0 37 34 8 28 7 2
20 5
23 50 37 34 14 11 48 33 21 17 49 33 25 38 30 45 34 35 1 20
18 9
22 24 19 13 46 10 5 30 47 10 42 45 25 3 14 19 14 44
18 4
28 50 46 28 25 11 3 1 24 31 2 13 3 43 34 38 46 48