100
1 2
01
11
10 10
0001100111 1111110100 1111011111 0100011101 1010001010 0000010001 0101101010 1110000000 1011111100 0000100011
1010101001 1110100011 0001000011 1111010101 1011110110 0000110100 0100001010 0101001110 0100111000 1011011101
2 8
10000101 00101101
11101001 10011000
5 5
01100 10110 00100 10010 11101
10001 11001 01111 00000 01011
4 4
0000 0100 1110 1010
1010 0100 0000 1110
10 10
0100101111 0011100010 1010010011 1111011000 1011000101 1000111001 0101110110 0000111110 1111000101 0100001000
1100011000 1001010000 1101000001 0011111101 0110101011 1101100110 0001010111 1010001100 0010101011 0110110110
10 10
0010100100 1110000000 0001011111 0011110111 0011001011 1101011010 1011000110 1100100111 0100111100 1100000101
0001011110 0010100101 1110000001 0100111101 0011110110 1100100110 1100000100 0011001010 1101011011 1011000111
4 10
1111011101 0110001100 1100110010 0000011010
0111000100 0001011000 1011110011 0110101001
7 10
1100101011 1001001110 1000101010 0001101110 0010111101 1111000010 0011100001
0101110111 1100110011 1111100000 0100010011 1110111100 0010011111 0001110110
2 7
1000111 0110011
1100011 0010111
4 9
101011011 100010011 001101110 000100110
100100001 000010100 001011100 101101001
3 5
11010 00100 10110
01010 00110 11000
2 7
0001111 1010100
0001111 1010100
5 10
1101011010 0010011010 1100100101 1100111110 1100010011
1111110101 1011100011 0100101001 0000010101 0010010100
10 10
1001110010 1111001101 0101110000 1010001011 0110010111 0101100010 0110100100 1010101101 0001011011 1000011100
1111011010 1111001000 0101100111 0011011000 0000000111 1011110001 1100001110 1100111101 0010110110 0000100001
2 6
101100 000011
111111 010000
10 10
0010101011 1001000000 1000101010 0111011100 1110111111 0001100101 0110011101 1101110000 0011010010 1100000111
1111100011 0010000001 0100111000 1110010100 0000110110 1011001110 1101011011 1010100100 0101111001 0001001111
10 10
0011111011 1011100101 1001010010 1100100101 1100011101 0010001010 0111100000 1011010110 0100001100 0100111011
0000100100 1101001101 1011111100 0101101011 1101111010 1010001101 0010100000 0010010011 0101010011 1110010110
10 9
111111100 111000101 100101110 111011100 100010001 111100101 100001110 100000010 100100010 100110001
010101100 001010010 001101011 010011111 010000000 010100000 010001100 001001011 001110010 010111111
10 10
1110110100 0100011010 1001001011 1111110000 0000110000 0111110101 1110000011 1001101110 0010001111 0001001101
1000010111 1110101100 0101000110 1111011111 0011010011 1000110010 1111101000 0110101001 0001101100 0000010001
2 2
00 01
01 10
7 9
010010010 100101110 010010011 010000001 110011100 010111101 101010111
111110011 001100000 100100010 100111010 111010001 000001010 011111110
8 10
0101011111 1100011001 1100101111 1000010001 1000100111 1110011000 1010010000 0001010111
0000100100 0100011010 0010100101 1101101010 1001100010 0100101100 0110101101 0000010010
10 10
0001100000 0000000010 1101011011 1111011100 0100100111 0111110110 1010001001 1101001101 1010111110 0010110001
1001111000 1011111111 1001101110 0011010101 1110011101 0000000100 0100100001 1110101010 0101000011 0110010010
4 8
00100110 11011010 00101000 10010110
10011010 01101000 01100110 11010110
2 3
100 101
010 011
10 10
0001110001 1001011010 0111001000 1100011100 1100110111 0000110110 1110000101 0011101111 1111100001 0010001010
0011000011 0000011010 0010100110 0111100100 1100011011 1001110110 0001011101 1111001101 1100110000 1110101001
10 10
1111111110 1101101111 0001001011 0010011010 0001110100 1000000101 1100010000 1111100000 0010100011 0110011101
0101001011 1111000110 1011010011 0001110101 1100101000 0010100010 0010011101 1110111001 0001001100 1100110110
10 10
1101011101 1001100110 0110011010 1000000101 0110110110 1011011011 0111101001 1100111101 0000000000 0011100010
0011100000 0010010011 1101111111 0101111010 1110100001 0011001100 0110011000 1001000111 1000100111 1100011100
4 7
0111111 1011111 1110111 1110011
1100101 1100001 0101101 1001101
10 10
0110011011 1101110000 1010101100 1001010111 0001000100 1000110010 1011101011 0110101110 0101001101 0110010001
1010011100 1010010110 1101001001 1010100011 0111100110 0001111101 0101011010 0110100001 0100111111 1001000000
6 9
110010110 000111100 011000111 001000011 110001100 101001011
111000001 011000001 001110010 001110001 100011110 101111101
6 5
00001 11001 00011 11011 01101 01111
10010 11110 01010 11100 10000 01000
10 10
0000001001 0100101000 1101101011 1011011110 1101111000 0110110101 0010010011 0111010110 1010000101 1001100110
0111011111 0001100011 1100001000 0011111110 0000000000 0101000101 1101010011 1010111101 1110110000 1010101110
2 9
110001000 111100010
001100110 000001100
10 10
1110001111 0100000111 1100110000 1001001111 0011111000 1111111001 0100100011 0000111100 1011010110 0011000000
1111001001 1010110110 0111111110 1101110110 0111011010 0000000001 0000111001 1100000000 0011000101 1000101111
7 7
0011001 1101000 1001000 1010000 1011000 0100101 1000110
1101100 0011001 1010000 0000001 0010001 0100001 0001111
8 9
100010101 100011001 011001111 111001111 000101100 100101100 000011001 000010101
000011001 111000011 111111010 011000011 111001111 100011001 011111010 011001111
9 10
0100110100 1010000001 0001100001 0010011111 1111101110 0100011000 1010010101 1111001010 1010100000
0000000110 1111100110 1101110110 1101011001 1100000111 1100100011 0101011110 1010100101 0100000000
3 9
100001111 101010101 110011010
001100011 011110110 010101100
8 9
111110010 111101010 001110101 110000010 001101101 111111010 001111101 000000101
001110101 110000010 000000101 111101010 001101101 111111010 001111101 111110010
10 10
0000011110 1110001010 1010101000 1110111100 1001110011 0001010011 0001101101 1111100011 0110000101 0101010100
1010100010 0101010100 1100111001 1101001010 0110001111 0010011011 0011000100 1001110011 0010101101 1101110100
4 3
111 110 101 011
111 101 010 001
8 8
01101000 10101111 00011111 01100000 00111111 00010111 10100111 00110111
00101010 10010010 01011101 00000010 00100010 01010101 00001010 10011010
10 10
1111000110 0000001010 1000000001 0011110110 1110011001 1011110111 0100010100 1101101101 0111111001 0000101010
1000010010 1100100011 1001001101 0111011110 0100100010 0000101101 1111010101 1010111001 0111111110 0011000000
4 10
0001100011 0100101011 0011110011 0110111011
1010010010 1000000010 1101001010 1111011010
4 5
00010 11101 10101 01010
10000 01111 11000 00111
8 10
1011111111 1001000110 1001011110 0000010011 0000010001 0001110110 1111111000 1101001001
1010001000 0101000001 1101101010 1011011011 1011101000 1101010011 0000111100 0101111001
8 10
1100010010 1001010101 1001110000 1001001011 0010101010 1001011100 0011100111 0010100010
0000011000 0001010101 1110100000 1011111001 1011101110 1011000010 1011100111 0000010000
1 2
10
11
10 10
0010110011 1111101000 0111001011 0001010010 1101000100 0000101111 1010001000 0100111111 1101010101 1010110100
1110110110 1010100110 1011011011 1101000010 1000111010 0111011100 0000000001 0000111101 0111001101 0101100001
10 10
0000000111 1100110101 0011001101 0111010011 1001111000 1100101110 0110011011 1011110000 0011001010 1100100100
1100001111 0100110101 0011101011 1000010110 1100001000 0110111101 0011110000 1111000010 0011100001 1001011110
10 10
1000010100 1101011101 1011110001 0010101111 0110100110 0011011010 1101100010 1001101010 0100010001 0110001101
1011011110 1111010110 0100111001 0000011011 1111101001 1010100000 1001000101 0100010010 0110100101 0001101110
4 3
010 011 001 000
001 010 011 000
10 10
0001100001 1101010100 1111100101 0000001011 0010001000 1110111010 0000010111 0111111010 1111110110 1000001101
0010111111 1101100100 0011010101 0011001001 0001010110 1110001010 1100111011 1011010011 1100101000 0100100100
10 10
0010000000 1000100101 0110101110 1001011111 1101011100 0111100001 0101011011 0110100010 1011110110 1000011001
0100010101 1011101000 0100011001 1001000001 0111101100 0000110111 1010101110 1010010010 0101010110 1111101011
2 2
00 10
00 11
9 7
0101001 1101101 1111001 1100001 0000000 1111000 1100000 0010110 0011101
0000111 1001001 0001000 0001110 1011000 0101011 0110010 0011001 1001101
1 9
111101111
011000111
7 6
010000 111010 101000 100111 111100 101010 100100
101010 111010 011011 011100 010101 101001 111001
2 4
1101 0011
1111 1101
10 10
1100110000 1001111001 0000000111 0000110111 1011001111 0110000010 0001111000 0110001010 1111110101 1111001100
0011101100 1010010011 1010011011 1100101110 0111010110 0011010101 1100011110 0000101001 0101100000 1101100001
10 10
1111101001 1101011010 1111110011 0101100100 0010010110 0000101000 1101001101 0000101111 1010010101 0010010010
0110101100 1011010011 0011010000 0100001000 1001101010 0110110110 1011010111 1001101101 0100011111 1100100001
7 7
1010100 0100011 0001100 1010010 0100101 0110101 0111100
0110111 0101110 1110011 0100100 0010110 0110010 1100011
10 10
1011010001 0011000000 1110110011 1011001111 0100111100 1100000110 0000101111 0000111000 1111110101 0101001010
1010101000 0010111001 0111011011 0110011101 1100100010 1001000111 0010100111 0101101110 1001010000 1101010100
9 7
0111100 1010001 1000110 1100101 0001000 1110000 0111001 0011110 0001011
0001010 0111000 0111101 1100100 0001001 0011111 1000111 1110001 1010000
2 5
00010 11011
00110 11111
2 5
10000 11101
10010 11111
10 10
0000101011 1101100100 0000010110 1011111010 1111010110 0111001001 1100000101 1010101000 0111110011 0000011101
1110100101 0110000000 0100110010 0101010011 1001000000 1001001011 0010101100 1001111101 0011111110 1110011111
2 7
0011101 0001011
1001011 1011101
10 10
1011101011 0010001000 0111110111 0101001101 0100111110 0011010001 1000100010 1101001101 1000110010 1110010100
1001110111 1010111110 1000000100 1110011000 0110100010 1111000001 0101111011 0101101011 0000000100 0011011101
10 5
00110 10110 01111 00100 10100 10101 01011 01001 01101 10111
10011 00001 11000 11010 11100 00010 11110 00011 00000 10001
4 6
101011 111001 101111 111101
001101 011111 001001 011011
3 9
111100000 101000000 000111001
010010100 111001111 101000011
10 6
010001 010111 111110 100101 111100 001110 010101 100111 001100 010011
010001 001000 100111 100101 010011 100011 111000 100001 001010 111010
10 10
1000010110 0111100100 0000000011 1011011000 1111000000 0100111010 0111110111 1000101001 1101011111 0010101101
1100101011 0011110101 1111011010 0011100110 1001011101 1011000010 0100000001 1100010100 0000111000 0110101111
4 8
10001111 11101011 00010111 01110011
01111011 00011111 10000111 11100011
2 5
10000 01111
01110 00100
7 9
011110010 110111011 100001101 111000000 000111000 101011100 001011011
011011011 101000000 001110010 111011100 010111000 110001101 100111011
3 8
11101100 01111011 10101010
01010111 00010001 10000110
10 10
0100111110 1000010101 1011100001 1111001110 1010011011 0100011010 0110100001 0011001001 0001110100 1101100110
1011010001 1110000100 1001011111 1100101100 0010000011 0101010000 0111101011 1010101011 0101110100 0000111110
8 4
0010 0100 0101 0011 1110 0001 0000 1111
1001 1000 1010 0110 0111 1101 1100 1011
4 3
000 010 101 011
110 011 100 101
10 8
00010011 10000000 11111100 11110111 01100111 00100100 01110010 01000100 00011111 00011011
00110001 01010001 01101010 10000010 00000111 00010010 01101110 01100110 11110101 10001001
10 10
1100000001 1010001000 0100101111 0010011100 1111111010 1110010010 0001110111 0001101100 1011100101 0101010011
1101011010 1000000010 0101110100 0011111101 1100100110 1011101001 1000011001 0110001111 0111100111 0010010000
3 6
011011 000010 010110
000001 010001 001001
1 6
100100
101010
2 8
11001101 00011010
11101101 00111010
4 9
111110001 011110001 110011110 010011110
111100001 011100001 010001110 110001110
10 10
1001001101 0101001010 1011000111 0010000000 0010110000 1101111101 0110000001 0100111111 1001111110 1110110010
1101010100 0100010110 0010011001 0101100011 1011101110 0010101001 1110011011 1001010111 0110101000 1001100100
10 10
0001001000 0111010111 0100111011 1000001100 1110100000 1110100111 0001111111 0011110110 1010000001 1101011000
1110100010 1000001110 0010010101 1011110110 0111100110 1100101111 0101011000 0111010001 0001111001 1000001001
1 9
001101010
001111101
6 6
110111 011001 101100 111110 111011 010100
011011 110101 101110 111100 111001 010110
4 2
00 11 01 10
11 00 01 10
10 10
1000101010 0100110111 1001111001 1110001110 0011011000 1001101100 0101010011 1110000101 0010010001 0111100110
1110001010 0100110011 1000101100 0011000100 1111101110 0100111000 1101011011 1001100101 0011010001 0010010111
10 10
1101101110 0110000101 0011100001 1101011010 1010001100 1111010000 1000111101 0101010111 0000100011 0010111010
1001101111 0101100110 1100110011 0011000000 1110111001 1011011110 1110001101 0110110100 0000000010 0001011001
5 7
1111011 0010000 0101101 0110111 0010101
1101111 1110101 1010010 0111001 1010111
10 10
0110111000 0000100110 1001111010 0111010101 1100001101 0010101010 1101010111 0111010100 1000001001 1011100011
0000010010 1110110101 1010110001 1001011011 1111101111 0101101100 0101101101 1011000010 0100000000 0010011110
10 10
1000000111 0100011001 0111100010 0001010010 0101101101 0100010101 1010101001 1111100110 1011011100 1010111010
0111000110 1001101001 0111001010 1000001111 0100110001 1100110101 0110111110 0010000001 1001111010 1011010100
2 4
1011 0111
0000 1100
