50
10
0.37 0.30 0.13 0.43 0.17 0.03 0.47 0.10 0.33 0.23
0.97 0.57 0.63 0.70 0.83 0.77 0.80 0.73 0.60 0.93
4
0.93 0.79 0.50 0.14
0.86 0.57 0.36 0.43
10
0.06 0.21 0.33 0.64 0.58 0.73 0.36 0.45 0.27 0.76
0.61 0.12 0.24 0.97 0.85 0.55 0.91 0.48 0.79 0.15
10
0.45 0.16 0.20 0.23 0.64 0.90 0.82 0.96 0.55 0.51
0.05 0.26 0.61 0.10 0.09 0.65 0.59 0.04 0.97 0.43
10
0.91 0.82 0.09 0.53 0.85 0.56 0.68 0.41 0.21 0.06
0.12 0.03 0.97 0.79 0.47 0.94 0.35 0.65 0.71 0.50
8
0.82 0.59 0.88 0.76 0.71 0.85 0.74 0.91
0.12 0.26 0.44 0.09 0.50 0.21 0.56 0.03
10
0.687 0.652 0.143 0.875 0.116 0.125 0.812 0.080 0.563 0.018
0.732 0.214 0.705 0.554 0.366 0.098 0.527 0.402 0.170 0.937
10
0.52 0.26 0.23 0.31 0.37 0.45 0.60 0.98 0.89 0.83
0.48 0.66 0.29 0.82 0.91 0.12 0.32 0.20 0.75 0.49
10
0.14 0.97 0.34 0.17 0.28 0.62 0.31 0.52 0.66 0.59
0.55 0.90 0.07 0.69 0.24 0.86 0.10 0.93 0.41 0.38
10
0.228 0.211 0.018 0.386 0.465 0.921 0.737 0.061 0.833 0.140
0.281 0.298 0.193 0.632 0.877 0.947 0.868 0.930 0.860 0.105
10
0.50 0.08 0.67 0.62 0.71 0.96 0.25 0.21 0.46 0.33
0.79 0.29 0.12 0.04 0.17 0.92 0.42 0.75 0.38 0.54
10
0.683 0.485 0.406 0.149 0.693 0.277 0.653 0.990 0.119 0.525
0.396 0.624 0.327 0.921 0.950 0.386 0.802 0.842 0.931 0.050
8
0.67 0.73 0.72 0.78 0.63 0.58 0.85 0.66
0.21 0.09 0.34 0.42 0.04 0.30 0.25 0.33
10
0.30 0.20 0.24 0.19 0.14 0.44 0.03 0.33 0.29 0.13
0.59 0.70 0.54 0.99 0.90 0.93 0.47 0.63 0.46 0.61
9
0.50 0.63 0.97 0.30 0.04 0.75 0.96 0.37 0.82
0.92 0.91 0.17 0.09 0.25 0.36 0.84 0.86 0.11
10
0.62 0.86 0.49 0.60 0.91 0.36 0.67 0.64 0.35 0.37
0.32 0.40 0.81 0.85 0.58 0.22 0.97 0.33 0.47 0.38
1
0.1
0.6
10
0.485 0.621 0.816 0.612 0.650 0.660 0.913 0.835 0.524 0.942
0.010 0.379 0.146 0.466 0.058 0.184 0.456 0.049 0.398 0.087
10
0.908 0.500 0.217 0.258 0.242 0.317 0.800 0.108 0.967 0.508
0.192 0.942 0.633 0.767 0.483 0.158 0.608 0.333 0.583 0.725
10
0.33 0.90 0.24 0.39 0.47 0.63 0.53 0.51 0.52 0.07
0.02 0.49 0.23 0.92 0.93 0.10 0.82 0.45 0.86 0.96
10
0.72 0.96 0.84 0.08 0.56 0.76 0.88 0.24 0.68 0.64
0.28 0.04 0.48 0.12 0.16 0.60 0.44 0.32 0.20 0.92
10
0.31 0.12 0.44 0.04 0.62 0.06 0.54 0.56 0.10 0.50
0.92 0.65 0.96 0.75 0.73 0.83 0.77 0.85 0.94 0.69
10
0.18 0.26 0.98 0.69 0.14 0.63 0.83 0.95 0.03 0.68
0.72 0.46 0.15 0.58 0.54 0.34 0.65 0.29 0.42 0.51
3
0.53 0.42 0.05
0.37 0.63 0.21
10
0.68 0.15 0.19 0.64 0.45 0.98 0.96 0.72 0.51 0.75
0.85 0.26 0.66 0.53 0.23 0.32 0.43 0.28 0.83 0.81
10
0.92 0.69 0.83 0.78 0.64 0.72 0.75 0.97 0.67 0.94
0.50 0.06 0.08 0.44 0.58 0.19 0.14 0.39 0.56 0.11
5
0.59 0.64 0.50 0.82 0.55
0.18 0.32 0.41 0.05 0.14
10
0.94 0.57 0.69 0.89 0.49 0.54 0.97 0.71 0.91 0.83
0.11 0.26 0.29 0.23 0.34 0.37 0.03 0.09 0.20 0.43
3
0.31 0.74 0.46
0.43 0.71 0.66
8
0.84 0.93 0.01 0.71 0.40 0.05 0.73 0.48
0.27 0.19 0.04 0.65 0.53 0.99 0.13 0.85
1
0.2
0.4
10
0.71 0.87 0.62 0.56 0.89 0.82 0.67 0.78 0.51 0.76
0.44 0.04 0.40 0.47 0.16 0.24 0.27 0.11 0.38 0.29
10
0.12 0.30 0.32 0.99 0.18 0.90 0.15 0.89 0.38 0.19
0.98 0.95 0.33 0.60 0.01 0.14 0.91 0.67 0.25 0.47
10
0.971 0.942 0.663 0.933 0.481 0.837 0.808 0.404 0.394 0.885
0.144 0.298 0.288 0.327 0.202 0.212 0.019 0.106 0.356 0.375
5
0.28 0.06 0.83 0.61 0.22
0.72 0.56 0.33 0.50 0.67
10
0.01 0.47 0.34 0.46 0.25 0.28 0.12 0.03 0.04 0.40
0.61 0.97 0.96 0.62 0.72 0.89 0.50 0.76 0.85 0.66
10
0.80 0.92 0.93 0.70 0.75 0.69 0.81 0.62 0.87 0.79
0.21 0.52 0.45 0.26 0.19 0.39 0.57 0.49 0.54 0.36
10
0.39 0.03 0.19 0.29 0.77 0.42 0.23 0.58 0.16 0.68
0.32 0.84 0.71 0.10 0.48 0.74 0.52 0.06 0.35 0.55
1
0.4
0.7
8
0.72 0.98 0.57 0.96 0.48 0.54 0.93 0.39
0.06 0.17 0.07 0.33 0.13 0.35 0.11 0.24
10
0.40 0.02 0.09 0.76 0.23 0.50 0.42 0.21 0.74 0.79
0.26 0.20 0.65 0.69 0.95 0.99 0.56 0.48 0.44 0.12
10
0.24 0.44 0.46 0.17 0.11 0.12 0.06 0.37 0.13 0.23
0.76 0.66 0.67 0.93 0.87 0.49 0.55 0.73 0.62 0.96
4
0.74 0.82 0.89 0.76
0.95 0.05 0.61 0.11
10
0.723 0.920 0.589 0.696 0.643 0.839 0.679 0.759 0.902 0.714
0.420 0.134 0.161 0.455 0.116 0.071 0.232 0.384 0.545 0.339
7
0.38 0.25 0.47 0.15 0.45 0.02 0.17
0.58 0.51 0.72 0.98 0.94 0.91 0.57
4
0.34 0.22 0.69 0.25
0.47 0.28 0.19 0.50
10
0.40 0.49 0.59 0.17 0.01 0.32 0.48 0.83 0.68 0.99
0.79 0.04 0.85 0.56 0.54 0.52 0.14 0.62 0.36 0.64
9
0.748 0.301 0.476 0.689 0.806 0.515 0.641 0.845 0.670
0.388 0.893 0.757 0.981 0.282 0.126 0.184 0.485 0.524
1
0.33
0.50
10
0.97 0.61 0.32 0.94 0.19 0.71 0.90 0.06 0.26 0.39
0.42 0.77 0.81 0.13 0.23 0.10 0.16 0.03 0.68 0.48
