50
3
1 2 3
2 3 5
3 5 6
2 3 4
1 2 3
10
12 15 19 21 23 24 25 26 30 31
7 10 12 14 16 17 19 21 23 24
2 3 5 7 9 11 12 13 15 17
4 6 8 10 11 13 15 17 19 20
5 8 10 11 13 15 17 19 20 21
5 7 10 12 14 16 17 18 21 23
9 11 14 16 17 18 20 23 25 26
14 18 21 24 26 28 30 32 33 34
17 20 23 24 26 29 30 31 33 34
2 4 5 6 8 9 11 12 13 14
15 19 21 23 25 27 29 30 32 33
11 14 17 19 20 21 23 25 29 30
8 11 13 16 17 18 19 20 25 26
6 9 11 14 16 17 18 19 23 24
13 17 18 19 20 22 25 26 30 32
13 17 20 23 25 26 28 30 32 33
3 6 7 9 11 12 14 15 17 18
12 15 17 18 19 20 23 25 28 30
11 13 16 17 18 19 21 24 26 28
3
3 4 5
3 4 5
1 2 3
1 2 3
2 3 4
4
14 31 41 43
43 52 90 107
14 26 34 59
31 43 65 69
41 50 73 95
26 43 50 52
34 65 73 90
7
4 9 13 16 17 18 28
23 24 27 28 31 33 34
4 9 13 16 17 18 29
6 11 15 18 20 21 32
6 11 15 18 20 21 33
22 25 26 29 30 32 34
5 10 14 17 19 20 31
1 2 3 4 5 6 22
2 7 8 9 10 11 25
3 8 12 13 14 15 27
5 10 14 17 19 20 30
3 8 12 13 14 15 26
2 7 8 9 10 11 24
2
2 22
22 222
2 22
8
6 8 12 15 18 21 24 25
7 9 12 13 16 17 18 22
17 20 22 23 27 29 35 38
11 13 17 19 22 25 31 34
21 24 25 28 29 34 35 38
4 6 8 9 12 13 17 20
13 14 18 20 21 22 24 27
15 16 21 22 23 25 27 29
8 9 13 16 20 22 27 28
18 20 24 27 28 31 32 35
4 6 9 11 14 16 20 24
10 12 16 18 21 23 28 29
14 17 18 22 24 27 32 35
1 4 7 10 13 15 18 21
10 11 15 16 18 19 22 23
3
9 13 14
7 9 10
3 6 9
3 7 9
9 10 14
7
6 8 10 12 15 17 19
7 10 11 13 17 19 21
7 10 12 15 17 19 20
6 9 11 13 15 17 19
9 11 12 14 19 20 22
4 7 8 10 13 15 17
1 2 3 5 6 7 9
1 2 3 4 6 7 9
3 5 7 8 10 11 12
2 4 6 7 8 10 11
5 7 9 10 12 13 14
9 11 13 17 19 21 22
2 4 5 7 9 10 11
7
19 24 27 30 34 38 40
12 16 19 22 25 28 29
13 20 23 28 32 34 38
8 10 14 19 21 23 27
18 21 23 26 28 34 39
14 22 26 29 36 39 40
16 20 21 23 26 32 36
2 6 10 12 16 18 19
2 5 8 10 12 13 14
6 7 10 12 16 20 22
5 7 11 16 20 21 24
10 11 14 16 19 23 26
12 16 19 25 26 28 34
3
5 7 8
4 6 8
2 3 4
2 3 5
3 5 7
4
4 6 7 8
6 8 9 10
2 4 6 7
7 8 10 12
7 9 10 12
4 6 8 9
2 4 6 7
7
6 11 13 16 17 18 20
4 8 11 12 15 18 21
16 21 23 25 27 30 31
10 15 18 19 20 23 24
7 11 16 18 19 22 25
2 4 5 7 8 10 13
8 13 17 19 20 24 27
13 18 19 22 24 26 29
8 12 14 18 19 21 23
10 16 18 21 23 26 30
5 8 9 11 13 16 19
13 19 20 23 24 29 31
2 5 6 8 10 13 16
2
9 14
5 7
7 14
8
5 6 9 16 18 22 27 29
11 16 21 22 25 30 32 33
12 13 16 22 26 30 35 37
7 9 15 16 21 25 30 32
9 10 15 21 24 25 32 34
5 6 10 13 17 19 26 28
2 5 7 11 14 15 20 21
20 27 32 35 38 43 47 50
16 17 21 25 29 33 38 42
21 29 34 37 42 45 51 54
14 18 24 26 29 32 35 40
2 5 9 12 16 18 22 27
18 19 25 30 32 38 43 45
27 28 32 33 40 43 50 54
15 22 25 30 33 38 39 43
2
6 8
2 4
2 6
9
5 10 18 23 25 28 29 32 35
11 18 25 29 33 41 44 49 53
12 19 30 35 38 44 46 50 57
17 23 36 45 50 55 57 58 65
3 5 7 11 12 14 17 18 20
17 28 37 41 44 48 55 59 62
20 28 39 53 54 62 67 73 77
15 23 27 29 35 40 45 49 53
21 29 40 44 46 49 57 64 67
25 32 41 49 50 51 58 68 73
3 8 13 15 16 17 21 25 29
14 22 34 40 43 48 49 51 62
18 25 38 49 52 59 64 68 73
13 18 23 25 30 34 36 38 39
16 25 32 33 38 43 50 52 54
7 13 23 27 32 37 40 41 46
8 10 13 18 19 22 23 25 28
4
2 6 10 14
13 14 15 16
9 10 11 12
3 7 11 15
4 8 12 16
1 5 9 13
1 2 3 4
4
6 10 13 16
6 9 13 14
5 7 9 10
7 12 14 17
5 7 10 12
3 5 6 9
3 5 6 7
10
9 19 29 39 49 59 69 79 89 99
1 2 3 4 5 6 7 8 9 10
2 12 22 32 42 52 62 72 82 92
1 11 21 31 41 51 61 71 81 91
10 20 30 40 50 60 70 80 90 100
11 12 13 14 15 16 17 18 19 20
8 18 28 38 48 58 68 78 88 98
21 22 23 24 25 26 27 28 29 30
6 16 26 36 46 56 66 76 86 96
91 92 93 94 95 96 97 98 99 100
61 62 63 64 65 66 67 68 69 70
7 17 27 37 47 57 67 77 87 97
4 14 24 34 44 54 64 74 84 94
71 72 73 74 75 76 77 78 79 80
41 42 43 44 45 46 47 48 49 50
51 52 53 54 55 56 57 58 59 60
3 13 23 33 43 53 63 73 83 93
31 32 33 34 35 36 37 38 39 40
81 82 83 84 85 86 87 88 89 90
4
2 4 5 10
3 5 6 11
1 2 3 8
3 5 6 12
7 9 12 13
2 4 5 9
8 10 11 13
10
18 21 24 25 27 31 35 38 39 42
10 16 19 20 23 24 26 27 33 34
21 23 30 32 34 37 39 40 42 45
15 19 24 26 28 31 32 35 37 39
5 9 11 13 15 16 18 21 22 23
13 17 21 22 26 29 30 31 36 37
22 26 28 30 33 37 39 42 43 45
15 16 20 21 24 29 31 34 35 37
20 22 27 30 33 36 37 39 41 43
7 11 14 15 19 21 24 25 27 28
3 5 7 9 10 13 15 18 19 22
18 22 25 27 29 34 37 38 39 40
9 14 15 17 19 21 22 25 30 32
3 6 7 9 12 15 16 18 20 21
16 18 21 22 26 30 32 37 38 39
7 12 14 15 17 20 21 24 27 30
6 9 12 14 16 17 19 22 23 26
12 15 17 19 23 26 28 29 30 33
9 13 15 17 20 22 26 27 28 30
10
8 9 10 11 12 13 14 15 16 17
6 7 8 9 10 11 12 13 14 15
1 2 3 4 5 6 7 8 9 10
3 4 5 6 7 8 9 10 11 12
7 8 9 10 11 12 13 14 15 16
5 6 7 8 9 10 11 12 13 14
9 10 11 12 13 14 15 16 17 18
10 11 12 13 14 15 16 17 18 19
4 5 6 7 8 9 10 11 12 13
4 5 6 7 8 9 10 11 12 13
5 6 7 8 9 10 11 12 13 14
10 11 12 13 14 15 16 17 18 19
9 10 11 12 13 14 15 16 17 18
3 4 5 6 7 8 9 10 11 12
8 9 10 11 12 13 14 15 16 17
2 3 4 5 6 7 8 9 10 11
7 8 9 10 11 12 13 14 15 16
6 7 8 9 10 11 12 13 14 15
2 3 4 5 6 7 8 9 10 11
3
3 4 5
2 3 4
2 3 4
3 4 5
1 2 3
9
8 10 11 13 16 19 20 22 24
9 12 14 15 18 20 21 24 26
4 6 7 8 10 11 14 15 17
8 10 13 15 17 19 20 22 23
1 2 4 6 7 8 9 11 12
3 5 7 9 11 13 14 16 18
11 13 16 18 19 22 24 25 27
10 13 15 17 19 22 23 25 27
4 7 8 10 12 15 17 18 19
6 9 10 11 14 17 18 19 21
11 14 17 18 20 23 24 27 28
2 4 5 7 9 10 12 13 14
12 14 18 19 21 24 26 27 28
6 8 9 10 11 13 15 17 18
7 9 11 12 14 16 18 19 20
9 12 14 17 18 20 21 23 24
2 4 6 8 9 10 12 13 14
10
96 115 124 127 158 165 184 195 210 227
148 160 178 180 210 223 270 272 285 321
162 164 177 204 221 227 258 279 285 300
33 45 49 69 88 103 134 135 160 171
141 143 146 188 193 209 230 245 270 291
142 154 167 202 214 223 238 254 272 299
12 16 37 61 85 98 117 127 148 156
117 134 138 166 184 186 230 238 258 282
121 138 141 165 178 184 186 214 223 239
163 188 209 227 231 245 282 301 321 325
37 49 69 105 124 141 146 167 177 209
12 33 52 74 96 121 141 142 162 163
127 135 139 173 195 214 245 254 279 301
156 171 190 200 227 239 291 299 300 325
16 45 57 88 115 138 143 154 164 188
85 88 104 134 158 178 193 214 221 231
98 103 111 143 165 184 209 223 227 245
61 69 71 111 127 165 188 202 204 227
52 57 69 71 104 111 138 139 178 190
7
7 8 9 10 11 12 13
4 5 6 7 8 9 10
3 4 5 6 7 8 9
2 3 4 5 6 7 8
5 6 7 8 9 10 11
7 8 9 10 11 12 13
2 3 4 5 6 7 8
6 7 8 9 10 11 12
3 4 5 6 7 8 9
4 5 6 7 8 9 10
6 7 8 9 10 11 12
5 6 7 8 9 10 11
1 2 3 4 5 6 7
3
3 4 5
1 2 3
2 3 4
2 3 4
1 2 3
4
1 2 3 4
1 2 3 4
2 3 4 5
4 5 6 7
3 4 5 6
3 4 5 6
4 5 6 7
10
7 8 10 14 16 17 20 21 23 24
4 5 7 8 11 12 13 15 16 18
6 8 9 10 12 13 15 16 18 20
12 15 16 22 23 25 27 30 31 32
7 10 12 14 16 18 20 22 23 25
17 19 22 24 27 28 30 32 34 36
11 13 15 20 22 23 25 28 29 30
4 5 8 10 11 13 15 16 17 19
2 4 6 7 9 10 11 13 15 17
2 4 5 7 9 10 11 12 13 14
10 12 13 18 20 21 24 26 27 28
9 11 12 16 17 19 22 24 25 27
13 16 18 23 25 27 29 31 33 34
5 7 9 12 14 16 18 19 21 22
15 17 21 23 25 27 29 31 33 34
10 13 16 17 19 21 23 25 27 28
14 18 20 25 27 28 30 32 34 36
11 15 18 20 22 24 25 27 29 30
13 16 19 21 24 26 28 30 31 32
7
4 8 11 14 15 16 17
10 16 23 24 27 31 33
8 11 16 19 23 24 27
7 14 17 19 20 22 25
12 16 20 22 28 31 34
13 17 26 27 30 34 37
6 11 13 16 19 20 21
13 18 21 25 29 33 37
9 15 20 23 25 28 29
5 8 9 11 13 16 18
11 13 19 20 25 27 30
3 5 6 7 9 10 13
3 4 5 8 11 12 13
2
4 8
6 8
2 6
2
4 8
2 6
2 4
2
22 222
2 22
22 222
4
2 4 5 7
8 10 12 13
5 6 9 12
2 4 6 8
7 8 11 13
4 5 7 10
4 5 6 8
10
20 23 29 33 34 37 41 44 45 48
13 17 19 22 25 28 32 33 36 38
14 18 22 24 27 30 33 36 38 40
12 14 19 22 26 28 30 32 33 37
5 7 10 12 13 14 17 20 23 26
17 20 25 27 32 33 36 39 40 44
2 5 6 8 11 13 14 16 18 20
15 17 22 23 29 32 33 36 38 41
20 23 27 30 34 36 38 40 41 45
16 19 25 28 30 32 36 39 40 43
11 16 17 20 23 26 29 32 34 37
3 7 10 13 16 17 18 19 22 23
22 26 30 33 37 38 40 43 46 48
10 13 17 20 23 25 27 30 31 34
18 22 28 30 31 33 38 40 41 46
8 13 14 17 20 22 23 27 30 33
4 10 11 14 17 19 22 25 28 29
7 12 14 17 20 22 24 28 30 33
2 3 4 7 10 12 15 17 20 22
10
4 5 8 9 10 12 14 16 18 20
19 21 22 26 31 32 34 41 43 45
9 10 12 18 20 22 24 29 31 32
1 2 3 5 6 8 11 13 16 17
13 14 16 22 25 26 29 34 37 38
8 9 11 15 18 21 23 26 28 31
1 4 5 8 9 10 13 14 16 19
16 18 20 24 28 30 32 38 42 44
13 16 21 26 29 31 34 35 38 41
14 17 18 23 27 29 30 35 40 42
17 20 26 31 32 37 38 42 44 45
2 5 8 9 10 12 14 17 18 21
5 9 13 15 18 20 22 23 24 26
5 8 10 13 15 17 19 21 23 26
16 18 23 28 31 34 37 40 42 43
10 12 14 20 21 25 27 31 34 37
11 14 19 23 24 27 29 30 32 34
8 12 17 21 22 25 26 29 30 32
6 10 15 18 20 21 25 27 28 31
3
4 5 6
5 6 8
3 5 6
2 4 5
2 3 5
9
9 12 13 15 16 19 21 22 24
12 15 17 19 20 23 25 27 29
1 3 4 5 7 8 10 11 13
3 5 7 9 11 12 14 15 16
7 11 12 14 15 17 19 21 23
6 9 11 13 14 16 18 19 22
1 3 4 6 7 9 11 12 14
8 11 14 16 17 19 21 23 25
11 14 16 17 19 21 22 23 25
13 17 20 22 23 24 25 29 30
10 13 16 18 19 21 22 25 26
14 16 18 21 22 25 26 29 30
7 10 12 14 15 16 19 20 22
3 5 6 8 10 11 13 15 17
4 7 9 10 12 14 16 18 20
5 8 10 13 14 15 17 19 21
4 6 9 11 12 13 16 17 18
10
14 26 29 31 38 41 48 51 54 59
5 10 15 17 22 26 28 31 32 37
12 18 23 24 25 31 36 39 43 47
19 32 36 43 48 51 57 60 63 69
21 37 42 47 51 56 62 63 66 72
18 22 30 32 36 41 46 50 51 56
8 15 16 23 28 30 34 36 39 40
10 13 16 22 23 29 30 35 36 42
15 20 28 30 33 38 39 43 48 51
22 23 34 38 43 48 50 53 57 62
31 34 39 46 47 54 55 57 63 66
1 4 8 10 12 14 15 16 19 21
35 36 40 49 54 59 62 66 69 72
16 31 35 39 43 50 53 56 57 66
27 31 36 42 44 51 53 56 60 63
15 28 30 36 39 46 50 53 55 62
12 22 23 25 33 36 43 44 47 54
4 10 13 18 20 22 23 31 34 36
10 17 22 24 30 32 38 42 46 49
2
6 8
2 4
4 8
10
11 13 15 19 21 25 27 30 35 38
8 10 11 14 17 20 23 26 27 29
12 16 19 23 25 27 30 33 36 37
1 4 6 9 10 11 12 14 16 18
19 20 24 27 28 33 37 39 40 45
14 18 20 26 29 30 33 34 37 39
18 19 22 25 26 32 36 37 39 43
16 21 23 27 32 35 36 38 39 40
1 4 6 8 10 11 13 15 18 19
6 8 10 11 14 15 18 21 22 24
15 18 21 23 24 31 33 34 38 41
10 11 14 17 20 21 23 24 26 28
10 11 14 16 20 23 25 29 32 34
4 6 9 10 11 13 15 18 19 20
6 9 10 11 14 17 19 20 23 25
13 15 18 22 23 28 30 33 36 39
18 23 25 29 34 38 39 41 43 45
4 6 8 10 11 14 16 18 21 23
11 14 17 20 23 25 28 31 32 33
7
22 38 51 68 76 91 92
66 84 108 124 168 193 217
86 108 129 130 181 218 227
22 34 55 64 66 86 110
92 132 146 170 217 227 251
34 43 62 91 115 117 132
51 62 69 78 108 129 141
91 117 138 165 193 218 238
110 122 141 157 191 238 251
68 91 97 102 124 130 157
38 43 56 65 84 108 122
76 115 132 147 168 181 191
64 65 78 102 147 165 170
6
14 22 24 29 34 39
22 28 29 39 40 42
15 21 22 29 33 34
21 28 32 34 36 42
8 13 17 22 24 28
11 17 21 22 26 29
6 13 17 21 23 28
5 6 11 14 16 21
5 8 10 15 20 22
20 23 26 34 35 36
10 17 21 24 27 32
4
9 11 14 15
7 8 10 11
4 6 7 9
7 9 11 15
2 4 7 9
4 6 8 11
5 7 10 14
7
5 12 19 26 33 40 47
1 2 3 4 5 6 7
3 10 17 24 31 38 45
6 13 20 27 34 41 48
1 8 15 22 29 36 43
2 9 16 23 30 37 44
22 23 24 25 26 27 28
15 16 17 18 19 20 21
8 9 10 11 12 13 14
4 11 18 25 32 39 46
36 37 38 39 40 41 42
29 30 31 32 33 34 35
7 14 21 28 35 42 49
9
8 11 12 13 15 20 21 25 27
11 13 15 17 19 20 21 23 24
15 17 19 21 23 25 27 29 31
5 6 8 10 11 12 13 16 18
2 3 4 6 7 8 9 10 11
17 18 20 22 25 27 29 31 32
9 10 11 12 13 15 17 18 22
10 14 16 17 18 23 24 29 31
4 6 8 10 11 15 16 19 20
4 5 6 8 10 11 12 14 15
9 12 13 15 17 21 22 27 29
3 5 6 9 10 13 14 17 18
2 4 5 7 9 11 13 15 17
11 15 18 20 22 24 25 31 32
13 14 16 18 20 21 22 24 25
7 10 11 12 13 19 20 23 25
7 9 10 11 12 13 15 17 20
10
8 16 23 29 34 38 41 43 44 61
47 48 50 53 54 57 58 60 62 64
5 13 20 26 31 32 33 34 35 54
46 49 51 52 55 56 59 61 63 64
2 10 11 12 13 14 15 16 17 49
6 14 21 27 32 36 37 38 39 56
9 17 24 30 35 39 42 44 45 63
6 14 21 27 32 36 37 38 39 57
4 12 19 25 26 27 28 29 30 52
7 15 22 28 33 37 40 41 42 59
1 2 3 4 5 6 7 8 9 46
5 13 20 26 31 32 33 34 35 55
4 12 19 25 26 27 28 29 30 53
7 15 22 28 33 37 40 41 42 58
9 17 24 30 35 39 42 44 45 62
8 16 23 29 34 38 41 43 44 60
3 11 18 19 20 21 22 23 24 50
1 2 3 4 5 6 7 8 9 47
3 11 18 19 20 21 22 23 24 51
5
3 6 8 9 10
11 12 18 21 23
6 7 9 11 12
8 9 12 15 17
3 5 8 9 11
9 11 15 16 19
9 11 15 16 21
8 10 12 15 18
10 14 17 19 23
8
3 7 9 12 15 19 21 22
7 12 14 17 23 27 29 30
12 19 21 24 27 33 37 40
14 21 22 28 30 35 39 44
4 9 12 14 19 21 22 26
12 23 25 29 32 37 39 40
1 2 3 7 10 12 14 15
10 15 19 20 25 31 32 35
13 25 28 30 35 40 44 48
15 22 26 30 32 39 40 48
10 21 23 27 31 33 35 39
1 3 4 5 7 10 12 13
5 13 15 17 20 24 28 30
3 9 12 15 20 23 25 28
7 17 20 23 25 27 30 32
