100
2 10000000 1
2 10000000 1
2 10000000 1
2 10000000 1
2 10000000 1
2 10000000 1
2 10000000 1
2 10000000 1
2 10000000 1
2 10000000 1
2 10000000 1
2 10000000 1
2 10000000 1
2 10000000 1
2 10000000 1
2 10000000 1
2 10000000 1
2 10000000 1
2 10000000 1
2 10000000 1
2 10000000 1
2 10000000 1
2 10000000 1
2 10000000 1
2 10000000 1
2 10000000 1
2 10000000 1
2 10000000 1
2 10000000 1
2 10000000 1
2 10000000 1
2 10000000 1
2 10000000 1
2 10000000 1
2 10000000 1
2 10000000 1
2 10000000 1
2 10000000 1
2 10000000 1
2 10000000 1
2 10000000 1
2 10000000 1
2 10000000 1
2 10000000 1
2 10000000 1
2 10000000 1
2 10000000 1
2 10000000 1
2 10000000 1
2 10000000 1
2 10000000 1
2 10000000 1
2 10000000 1
2 10000000 1
2 10000000 1
2 10000000 1
2 10000000 1
2 10000000 1
2 10000000 1
2 10000000 1
2 10000000 1
2 10000000 1
2 10000000 1
2 10000000 1
2 10000000 1
2 10000000 1
2 10000000 1
2 10000000 1
2 10000000 1
2 10000000 1
2 10000000 1
2 10000000 1
2 10000000 1
2 10000000 1
2 10000000 1
2 10000000 1
2 10000000 1
2 10000000 1
2 10000000 1
2 10000000 1
2 10000000 1
2 10000000 1
2 10000000 1
2 10000000 1
2 10000000 1
2 10000000 1
2 10000000 1
2 10000000 1
2 10000000 1
2 10000000 1
2 10000000 1
2 10000000 1
2 10000000 1
2 10000000 1
2 10000000 1
2 10000000 1
2 10000000 1
2 10000000 1
2 10000000 1
2 10000000 1
