1000 10000
0 87
0 168
0 184
0 243
0 253
0 280
0 298
0 361
0 440
0 501
0 568
0 608
0 625
0 631
0 657
0 676
0 773
0 788
0 805
0 839
0 906
0 908
0 983
1 15
1 36
1 51
1 67
1 148
1 169
1 203
1 277
1 294
1 360
1 475
1 489
1 525
1 540
1 598
1 636
1 674
1 706
1 894
1 955
1 989
1 994
2 53
2 63
2 107
2 117
2 161
2 184
2 249
2 317
2 364
2 395
2 508
2 556
2 689
2 698
2 713
2 790
2 820
2 833
2 837
2 870
2 948
2 963
2 969
2 999
3 70
3 217
3 221
3 250
3 417
3 427
3 446
3 629
3 638
3 651
3 686
3 746
3 783
3 825
3 857
3 870
3 912
3 998
4 27
4 159
4 185
4 208
4 285
4 383
4 426
4 439
4 479
4 498
4 514
4 520
4 529
4 530
4 582
4 707
4 738
4 776
4 807
4 884
4 912
4 926
4 966
5 41
5 91
5 177
5 192
5 199
5 210
5 219
5 346
5 379
5 391
5 413
5 535
5 546
5 563
5 620
5 699
5 737
5 773
5 865
5 939
6 16
6 35
6 38
6 57
6 114
6 152
6 178
6 191
6 318
6 344
6 501
6 528
6 602
6 622
6 629
6 632
6 695
6 808
6 866
6 874
7 34
7 120
7 184
7 189
7 213
7 225
7 383
7 434
7 476
7 481
7 604
7 620
7 637
7 663
7 749
7 841
7 867
8 117
8 136
8 154
8 182
8 235
8 292
8 351
8 393
8 441
8 625
8 754
8 786
8 804
8 809
8 829
8 865
8 916
8 921
8 924
8 944
8 965
9 19
9 163
9 228
9 232
9 331
9 356
9 423
9 432
9 461
9 480
9 564
9 601
9 620
9 651
9 714
9 727
9 881
9 935
10 62
10 137
10 247
10 254
10 323
10 369
10 432
10 460
10 475
10 538
10 631
10 677
10 705
10 723
10 756
10 765
10 832
10 836
10 881
10 905
10 918
10 955
10 956
10 963
10 985
11 75
11 111
11 125
11 167
11 326
11 327
11 367
11 471
11 499
11 529
11 551
11 630
11 657
11 804
11 860
11 869
11 887
11 906
11 935
11 994
12 41
12 48
12 56
12 63
12 106
12 131
12 230
12 269
12 288
12 343
12 397
12 427
12 436
12 486
12 557
12 612
12 679
12 777
12 792
12 808
12 847
12 972
13 49
13 114
13 145
13 491
13 494
13 504
13 645
13 670
13 678
13 778
13 823
13 826
13 846
13 982
14 53
14 76
14 101
14 107
14 121
14 259
14 378
14 383
14 403
14 425
14 566
14 604
14 645
14 663
14 715
14 725
14 778
14 780
14 783
14 840
14 846
14 848
14 860
14 872
14 913
15 22
15 213
15 232
15 267
15 304
15 319
15 365
15 384
15 478
15 633
15 761
15 768
15 812
15 853
15 924
16 34
16 41
16 72
16 398
16 465
16 513
16 523
16 579
16 658
16 727
16 912
16 977
17 51
17 52
17 95
17 211
17 289
17 296
17 340
17 348
17 354
17 426
17 442
17 533
17 539
17 574
17 595
17 663
17 673
17 700
17 708
17 785
17 819
17 860
17 888
18 41
18 67
18 147
18 194
18 275
18 386
18 547
18 603
18 683
18 717
18 728
18 779
18 873
19 112
19 182
19 187
19 238
19 260
19 301
19 457
19 551
19 592
19 647
19 649
19 663
19 705
19 730
19 766
19 985
20 71
20 118
20 123
20 226
20 283
20 284
20 332
20 353
20 387
20 401
20 448
20 456
20 489
20 506
20 535
20 584
20 589
20 665
20 762
20 798
20 833
20 870
21 128
21 154
21 161
21 189
21 214
21 236
21 262
21 274
21 284
21 427
21 458
21 499
21 522
21 602
21 638
21 753
21 754
21 758
21 852
21 868
21 869
21 895
21 905
21 974
22 162
22 229
22 264
22 419
22 451
22 459
22 481
22 532
22 535
22 581
22 622
22 712
22 717
22 735
22 765
22 795
22 839
23 82
23 136
23 193
23 210
23 226
23 533
23 644
23 675
23 717
23 718
23 747
23 869
23 900
23 913
23 965
23 967
24 42
24 57
24 206
24 268
24 272
24 279
24 445
24 468
24 523
24 530
24 568
24 612
24 629
24 657
24 677
24 688
24 711
24 784
24 843
24 852
24 882
24 943
25 71
25 281
25 288
25 310
25 357
25 414
25 459
25 474
25 521
25 531
25 542
25 584
25 659
25 788
25 817
25 836
25 864
25 875
25 887
25 960
25 998
26 70
26 145
26 192
26 217
26 233
26 266
26 321
26 378
26 420
26 551
26 590
26 697
26 748
26 792
26 838
26 850
26 857
26 915
26 991
27 60
27 106
27 118
27 169
27 356
27 375
27 423
27 453
27 562
27 563
27 602
27 668
27 692
27 739
27 841
27 876
27 950
27 960
28 81
28 213
28 234
28 269
28 506
28 512
28 563
28 594
28 605
28 662
28 684
28 685
28 696
28 719
28 745
28 753
28 811
28 817
28 945
29 32
29 281
29 286
29 394
29 426
29 488
29 537
29 592
29 643
29 674
29 691
29 717
29 766
29 800
29 900
29 910
29 927
29 970
30 84
30 106
30 184
30 186
30 193
30 219
30 254
30 259
30 293
30 325
30 330
30 381
30 419
30 432
30 567
30 675
30 712
30 722
30 736
30 815
30 881
30 918
30 940
30 963
31 109
31 121
31 161
31 187
31 219
31 299
31 329
31 440
31 487
31 646
31 650
31 684
31 695
31 717
31 755
31 779
31 795
31 815
31 858
31 873
31 980
31 991
31 995
32 122
32 249
32 269
32 283
32 300
32 325
32 438
32 465
32 500
32 528
32 599
32 641
32 651
32 652
32 675
32 778
32 830
32 931
32 935
32 955
32 960
32 982
33 178
33 184
33 211
33 327
33 346
33 436
33 468
33 476
33 671
33 678
33 743
33 763
33 789
33 802
33 814
33 995
34 120
34 246
34 261
34 300
34 317
34 364
34 399
34 402
34 521
34 557
34 698
34 729
34 747
34 814
34 830
34 857
34 974
35 44
35 79
35 191
35 317
35 459
35 464
35 475
35 519
35 638
35 662
35 694
35 716
35 730
35 752
35 842
35 860
35 892
35 957
35 964
36 72
36 98
36 152
36 195
36 295
36 305
36 393
36 401
36 482
36 526
36 554
36 555
36 633
36 758
36 776
36 829
36 852
36 881
36 900
37 47
37 89
37 177
37 179
37 222
37 249
37 287
37 314
37 319
37 375
37 388
37 426
37 500
37 520
37 591
37 702
37 750
37 888
37 980
38 140
38 145
38 180
38 205
38 340
38 390
38 492
38 564
38 591
38 621
38 638
38 652
38 672
38 687
38 708
38 747
38 806
38 828
38 940
38 976
39 99
39 248
39 252
39 259
39 337
39 374
39 378
39 397
39 459
39 477
39 516
39 582
39 626
39 711
39 783
39 789
39 790
39 866
39 899
39 902
39 950
39 955
40 108
40 225
40 355
40 356
40 413
40 595
40 612
40 667
40 752
40 766
40 862
40 947
41 138
41 139
41 204
41 236
41 237
41 266
41 269
41 370
41 604
41 632
41 660
41 671
41 723
41 747
41 764
41 796
41 829
41 950
41 952
41 969
42 50
42 285
42 307
42 359
42 390
42 426
42 582
42 682
42 718
42 739
42 761
42 800
42 899
42 956
42 973
42 998
43 51
43 58
43 93
43 97
43 184
43 238
43 239
43 274
43 332
43 351
43 385
43 401
43 471
43 476
43 592
43 831
43 836
43 861
43 926
43 973
43 995
44 86
44 158
44 166
44 218
44 319
44 344
44 391
44 424
44 474
44 563
44 588
44 603
44 699
44 703
44 766
44 771
44 781
44 827
44 836
44 890
44 987
45 58
45 76
45 90
45 101
45 176
45 228
45 323
45 340
45 379
45 494
45 511
45 526
45 618
45 703
45 735
45 769
45 871
45 872
45 963
46 134
46 139
46 317
46 379
46 382
46 388
46 470
46 501
46 522
46 551
46 587
46 593
46 610
46 631
46 689
46 700
46 756
46 762
46 773
46 809
46 856
46 908
46 925
46 932
46 982
47 214
47 292
47 307
47 345
47 361
47 367
47 440
47 463
47 569
47 637
47 656
47 700
47 704
47 763
47 765
47 769
47 805
47 869
47 878
47 952
47 953
47 959
47 962
47 967
47 981
48 55
48 57
48 82
48 198
48 210
48 262
48 277
48 384
48 465
48 513
48 622
48 626
48 699
48 770
48 839
48 845
48 901
48 917
49 56
49 173
49 180
49 215
49 409
49 533
49 566
49 599
49 624
49 741
49 759
49 789
49 832
49 848
49 864
49 900
49 908
49 909
49 913
49 952
49 992
49 998
50 154
50 210
50 252
50 256
50 257
50 295
50 317
50 375
50 383
50 389
50 416
50 425
50 502
50 542
50 644
50 854
50 889
50 934
50 970
51 91
51 101
51 115
51 151
51 214
51 241
51 269
51 279
51 351
51 385
51 437
51 510
51 576
51 623
51 629
51 719
51 731
51 808
51 930
51 991
52 66
52 87
52 96
52 148
52 172
52 198
52 280
52 308
52 328
52 373
52 434
52 495
52 622
52 637
52 658
52 666
52 707
52 738
52 740
52 836
52 885
52 936
52 960
53 86
53 111
53 126
53 135
53 280
53 327
53 377
53 415
53 599
53 602
53 609
53 746
53 827
53 839
53 871
53 887
53 935
53 994
54 108
54 210
54 253
54 332
54 341
54 385
54 480
54 534
54 601
54 602
54 626
54 636
54 646
54 662
54 743
54 746
54 747
54 805
54 814
54 846
54 874
54 986
55 237
55 258
55 267
55 293
55 301
55 316
55 320
55 331
55 396
55 443
55 491
55 513
55 533
55 612
55 690
55 691
55 699
55 773
55 783
55 786
55 797
55 845
55 924
55 990
56 80
56 89
56 117
56 155
56 172
56 277
56 284
56 312
56 340
56 351
56 409
56 413
56 415
56 416
56 430
56 451
56 464
56 473
56 489
56 506
56 514
56 515
56 693
56 708
56 808
56 812
56 813
56 830
56 868
56 900
56 916
56 927
56 945
57 62
57 75
57 76
57 89
57 395
57 408
57 468
57 469
57 485
57 536
57 602
57 660
57 673
57 722
57 764
57 808
57 898
57 941
57 997
58 95
58 98
58 108
58 156
58 277
58 338
58 359
58 385
58 447
58 450
58 466
58 531
58 535
58 540
58 565
58 578
58 600
58 631
58 664
58 679
58 791
58 798
58 812
58 880
58 892
58 939
58 960
58 981
59 150
59 201
59 373
59 403
59 451
59 489
59 599
59 629
59 676
59 807
59 831
59 832
60 78
60 126
60 141
60 156
60 206
60 215
60 286
60 363
60 369
60 433
60 473
60 509
60 514
60 519
60 520
60 568
60 718
60 747
60 749
60 791
60 901
61 154
61 199
61 204
61 238
61 258
61 326
61 388
61 400
61 412
61 428
61 444
61 599
61 650
61 705
61 707
61 711
61 872
61 885
61 890
61 910
61 986
61 995
62 81
62 158
62 174
62 230
62 321
62 438
62 566
62 572
62 601
62 702
62 720
62 737
62 749
62 809
62 826
62 852
62 905
63 83
63 215
63 246
63 382
63 394
63 410
63 526
63 534
63 655
63 710
63 721
63 752
64 80
64 83
64 400
64 450
64 555
64 645
64 781
64 801
64 885
64 949
64 969
64 975
64 999
65 88
65 144
65 156
65 395
65 446
65 447
65 460
65 561
65 655
65 689
65 705
65 892
65 919
65 969
65 987
66 117
66 179
66 203
66 229
66 256
66 265
66 272
66 297
66 313
66 327
66 345
66 348
66 365
66 383
66 396
66 444
66 487
66 517
66 567
66 687
66 753
66 787
66 827
66 832
66 876
66 889
66 970
66 974
67 169
67 272
67 333
67 362
67 403
67 406
67 419
67 456
67 477
67 511
67 609
67 617
67 819
67 861
67 864
67 900
67 942
67 945
67 960
67 992
68 79
68 88
68 188
68 244
68 252
68 263
68 267
68 313
68 386
68 594
68 698
68 719
68 777
68 877
68 902
68 905
69 199
69 240
69 241
69 248
69 273
69 275
69 308
69 321
69 342
69 358
69 438
69 457
69 478
69 512
69 557
69 605
69 628
69 660
69 826
69 859
69 919
69 943
69 974
69 990
70 90
70 104
70 137
70 185
70 253
70 269
70 297
70 298
70 354
70 356
70 370
70 443
70 454
70 470
70 492
70 583
70 603
70 697
70 718
70 775
70 777
70 816
70 867
70 898
70 984
71 93
71 118
71 130
71 142
71 222
71 268
71 274
71 296
71 381
71 405
71 544
71 583
71 609
71 700
71 858
71 871
72 89
72 174
72 249
72 253
72 289
72 342
72 426
72 455
72 478
72 484
72 509
72 629
72 679
72 708
72 761
72 795
72 801
72 844
72 887
72 928
72 986
73 82
73 107
73 296
73 317
73 372
73 386
73 408
73 440
73 586
73 676
73 682
73 814
73 852
73 859
73 980
74 122
74 153
74 269
74 337
74 355
74 363
74 442
74 476
74 491
74 543
74 562
74 584
74 636
74 666
74 737
74 751
74 776
74 838
74 869
74 897
74 974
75 118
75 214
75 237
75 248
75 256
75 301
75 340
75 369
75 455
75 471
75 483
75 488
75 490
75 497
75 520
75 548
75 574
75 583
75 671
75 715
75 744
75 876
75 895
76 204
76 315
76 318
76 336
76 351
76 380
76 744
76 745
76 759
76 783
76 847
76 905
76 920
76 938
77 79
77 115
77 169
77 294
77 309
77 310
77 314
77 355
77 396
77 459
77 575
77 590
77 602
77 620
77 659
77 697
77 723
77 795
77 814
77 879
77 944
78 273
78 341
78 431
78 442
78 484
78 570
78 619
78 622
78 660
78 727
78 746
78 773
78 864
78 882
78 911
78 948
79 93
79 107
79 128
79 176
79 211
79 243
79 255
79 342
79 370
79 460
79 541
79 635
79 681
79 686
79 687
79 775
79 784
79 808
79 829
79 850
80 166
80 192
80 216
80 288
80 310
80 400
80 411
80 429
80 465
80 669
80 684
80 744
80 793
80 808
80 873
80 950
80 958
80 971
80 990
81 84
81 167
81 214
81 249
81 275
81 286
81 336
81 383
81 444
81 546
81 547
81 604
81 673
81 694
81 718
81 793
81 888
81 947
81 963
81 976
81 991
82 88
82 164
82 212
82 280
82 285
82 340
82 342
82 415
82 428
82 430
82 477
82 510
82 538
82 549
82 551
82 608
82 614
82 800
82 812
82 813
82 870
82 911
82 942
82 997
83 198
83 291
83 375
83 384
83 416
83 450
83 492
83 509
83 514
83 532
83 543
83 587
83 590
83 624
83 627
83 674
83 697
83 749
83 785
83 831
83 901
83 961
84 86
84 126
84 251
84 262
84 264
84 288
84 333
84 405
84 469
84 491
84 554
84 593
84 674
84 798
84 860
84 938
84 943
84 944
84 961
85 122
85 124
85 169
85 191
85 321
85 334
85 335
85 417
85 456
85 504
85 585
85 641
85 667
85 674
85 874
85 885
85 911
86 101
86 157
86 183
86 230
86 257
86 309
86 374
86 414
86 416
86 467
86 516
86 523
86 556
86 561
86 616
86 746
86 790
86 888
86 952
87 100
87 112
87 255
87 399
87 487
87 507
87 583
87 594
87 682
87 798
87 839
87 882
87 901
87 939
87 946
87 960
88 221
88 227
88 331
88 354
88 487
88 561
88 597
88 672
88 714
88 719
88 722
88 736
88 766
88 773
88 966
88 980
88 996
89 254
89 276
89 284
89 307
89 322
89 332
89 614
89 821
89 843
89 977
89 986
90 100
90 115
90 197
90 228
90 273
90 288
90 317
90 325
90 344
90 360
90 392
90 428
90 446
90 448
90 482
90 533
90 570
90 572
90 598
90 690
90 717
90 721
90 743
90 787
90 853
90 863
90 890
90 948
91 106
91 119
91 148
91 174
91 201
91 313
91 386
91 450
91 498
91 503
91 530
91 534
91 537
91 599
91 617
91 634
91 691
91 794
91 859
91 893
91 914
91 941
91 961
91 966
92 94
92 116
92 145
92 202
92 221
92 285
92 303
92 377
92 428
92 466
92 644
92 661
92 761
92 783
92 803
92 944
93 136
93 139
93 169
93 278
93 279
93 382
93 448
93 490
93 555
93 558
93 588
93 602
93 614
93 626
93 648
93 707
93 735
93 766
93 799
93 855
94 124
94 163
94 340
94 385
94 405
94 469
94 491
94 664
94 703
94 738
94 812
94 936
94 947
95 111
95 220
95 235
95 281
95 306
95 447
95 563
95 666
95 683
95 767
95 929
95 969
96 97
96 112
96 267
96 325
96 352
96 420
96 455
96 478
96 523
96 557
96 564
96 573
96 693
96 714
96 767
96 793
96 870
96 883
96 976
97 179
97 217
97 226
97 239
97 245
97 285
97 359
97 473
97 476
97 540
97 754
97 764
97 776
97 818
97 885
97 972
98 133
98 212
98 218
98 313
98 319
98 338
98 508
98 580
98 595
98 738
98 827
98 837
98 908
98 917
99 137
99 185
99 220
99 339
99 529
99 611
99 790
99 798
99 819
99 843
99 855
99 867
99 870
99 921
99 969
100 207
100 236
100 395
100 454
100 650
100 661
100 758
100 779
100 796
100 832
100 869
100 881
100 923
101 124
101 179
101 191
101 247
101 333
101 347
101 366
101 465
101 519
101 639
101 647
101 705
101 733
101 738
101 852
101 956
102 120
102 184
102 198
102 201
102 227
102 474
102 480
102 483
102 512
102 599
102 616
102 619
102 637
102 752
102 828
102 851
102 970
103 126
103 183
103 353
103 498
103 524
103 538
103 598
103 650
103 703
103 791
103 989
104 110
104 182
104 201
104 278
104 299
104 334
104 354
104 401
104 411
104 475
104 539
104 570
104 675
104 724
104 729
104 733
104 790
104 819
104 875
104 973
104 974
105 159
105 186
105 249
105 284
105 285
105 351
105 396
105 400
105 458
105 501
105 539
105 552
105 566
105 628
105 629
105 675
105 825
105 932
105 979
106 131
106 184
106 196
106 239
106 244
106 258
106 320
106 328
106 338
106 350
106 476
106 493
106 503
106 523
106 749
106 767
106 969
107 113
107 124
107 127
107 129
107 146
107 317
107 383
107 399
107 410
107 491
107 544
107 605
107 715
107 734
107 744
107 759
107 775
107 837
107 910
107 941
108 110
108 122
108 155
108 182
108 193
108 199
108 232
108 296
108 339
108 414
108 468
108 486
108 620
108 688
108 695
108 697
108 754
108 794
108 826
108 865
108 870
108 889
108 906
108 912
108 925
109 113
109 151
109 201
109 280
109 284
109 447
109 512
109 525
109 552
109 610
109 618
109 784
109 814
109 844
109 898
109 915
109 944
110 137
110 160
110 237
110 267
110 307
110 410
110 462
110 516
110 520
110 551
110 554
110 636
110 721
110 956
110 988
111 120
111 193
111 198
111 216
111 289
111 300
111 334
111 395
111 412
111 426
111 450
111 526
111 562
111 574
111 608
111 653
111 744
111 790
111 859
111 961
112 120
112 232
112 243
112 272
112 288
112 306
112 407
112 449
112 476
112 509
112 530
112 563
112 567
112 626
112 721
112 744
112 810
112 877
112 887
112 916
112 919
113 256
113 457
113 496
113 508
113 602
113 736
113 738
113 756
113 785
113 893
113 927
113 952
114 137
114 151
114 212
114 266
114 274
114 395
114 488
114 513
114 575
114 624
114 653
114 700
114 710
114 734
114 762
114 782
114 787
114 840
114 879
114 937
114 953
115 117
115 125
115 133
115 162
115 183
115 185
115 310
115 338
115 530
115 602
115 632
115 667
115 668
115 753
115 766
115 782
115 804
115 845
115 855
115 859
115 891
115 946
116 117
116 139
116 159
116 185
116 240
116 268
116 297
116 299
116 316
116 337
116 370
116 412
116 420
116 467
116 477
116 661
116 672
116 694
116 705
116 713
116 770
116 801
116 962
116 970
117 205
117 206
117 236
117 247
117 262
117 273
117 281
117 288
117 329
117 343
117 389
117 446
117 451
117 546
117 555
117 570
117 646
117 676
117 702
117 728
117 738
117 774
117 837
117 842
117 891
117 912
117 926
117 965
118 232
118 294
118 311
118 334
118 400
118 407
118 416
118 470
118 491
118 577
118 613
118 630
118 637
118 683
118 870
118 914
118 943
119 150
119 192
119 212
119 228
119 238
119 337
119 345
119 372
119 417
119 428
119 474
119 577
119 585
119 773
119 852
119 913
119 942
119 956
120 124
120 147
120 193
120 197
120 329
120 388
120 440
120 504
120 684
120 688
120 706
120 748
120 752
120 837
120 866
120 879
120 902
120 970
120 977
121 159
121 224
121 269
121 275
121 385
121 441
121 474
121 647
121 663
121 711
121 781
121 804
121 845
121 884
121 943
121 949
122 143
122 194
122 197
122 401
122 404
122 432
122 441
122 496
122 516
122 647
122 773
122 783
122 793
122 827
122 842
123 137
123 198
123 299
123 362
123 377
123 447
123 452
123 489
123 561
123 643
123 704
123 850
123 914
123 929
123 989
124 217
124 228
124 268
124 325
124 359
124 379
124 471
124 504
124 506
124 583
124 611
124 619
124 661
124 684
124 685
124 693
124 739
124 837
124 939
124 976
124 980
124 984
125 201
125 218
125 220
125 231
125 270
125 304
125 346
125 374
125 384
125 417
125 460
125 474
125 477
125 494
125 557
125 703
125 798
125 853
125 879
125 924
125 925
125 988
125 999
126 132
126 226
126 239
126 309
126 347
126 382
126 404
126 447
126 456
126 507
126 701
126 742
126 771
126 911
127 163
127 276
127 285
127 294
127 330
127 357
127 411
127 413
127 450
127 456
127 458
127 564
127 678
127 753
127 760
127 774
127 783
127 786
127 985
128 193
128 261
128 341
128 406
128 499
128 521
128 549
128 607
128 625
128 647
128 673
128 750
128 779
128 798
128 893
128 913
128 971
129 188
129 254
129 307
129 327
129 339
129 465
129 557
129 612
129 785
129 831
129 836
129 921
129 970
129 992
130 161
130 253
130 294
130 320
130 325
130 350
130 351
130 375
130 651
130 675
130 713
130 892
130 930
130 983
131 149
131 340
131 390
131 391
131 436
131 449
131 502
131 517
131 536
131 597
131 659
131 682
131 750
131 847
131 885
131 899
131 901
131 926
131 960
131 992
132 276
132 332
132 450
132 475
132 485
132 598
132 611
132 664
132 667
132 691
132 775
132 777
132 818
132 959
132 962
133 145
133 153
133 243
133 296
133 302
133 310
133 436
133 460
133 467
133 560
133 571
133 648
133 715
133 727
133 847
133 851
133 866
133 906
133 926
134 147
134 214
134 263
134 265
134 312
134 337
134 425
134 432
134 452
134 463
134 464
134 477
134 564
134 574
134 607
134 672
134 727
134 738
134 777
134 829
134 896
134 957
134 976
135 317
135 355
135 398
135 473
135 533
135 579
135 650
135 654
135 785
135 810
135 911
135 965
135 992
136 158
136 177
136 410
136 441
136 566
136 656
136 763
136 851
137 200
137 228
137 300
137 382
137 399
137 416
137 458
137 562
137 570
137 586
137 603
137 620
137 680
137 695
137 724
137 770
137 784
137 825
137 850
138 245
138 394
138 415
138 434
138 484
138 508
138 525
138 546
138 595
138 721
138 800
138 837
138 848
138 960
138 975
139 150
139 151
139 186
139 212
139 496
139 535
139 559
139 610
139 718
139 730
139 806
139 811
139 918
140 374
140 482
140 513
140 600
140 662
140 693
140 721
140 723
140 789
140 832
140 881
140 900
141 150
141 247
141 345
141 360
141 412
141 438
141 499
141 715
141 759
141 768
141 839
141 841
141 852
141 944
141 963
142 165
142 173
142 180
142 232
142 236
142 366
142 383
142 564
142 674
142 757
142 759
142 760
142 778
142 788
142 812
142 862
142 882
142 886
142 898
142 915
143 180
143 207
143 254
143 282
143 325
143 338
143 455
143 552
143 783
143 801
143 805
143 813
143 824
143 879
143 901
143 906
143 926
143 963
144 158
144 171
144 194
144 214
144 237
144 292
144 398
144 426
144 472
144 477
144 522
144 571
144 593
144 596
144 712
144 792
144 794
144 817
144 852
144 858
144 888
144 967
144 979
144 988
145 284
145 307
145 356
145 365
145 458
145 492
145 512
145 540
145 615
145 744
145 752
145 819
145 860
146 219
146 224
146 351
146 506
146 656
146 782
146 813
146 843
146 862
146 925
146 938
147 161
147 178
147 260
147 398
147 441
147 443
147 481
147 501
147 525
147 578
147 606
147 622
147 637
147 674
147 684
147 731
147 746
147 762
147 792
147 804
147 817
147 861
147 864
147 904
147 905
147 923
148 191
148 197
148 236
148 261
148 276
148 297
148 299
148 378
148 491
148 537
148 585
148 662
148 700
148 732
148 775
148 846
148 986
149 164
149 249
149 250
149 432
149 433
149 444
149 479
149 499
149 518
149 714
149 722
149 725
149 758
149 767
149 887
149 894
149 904
149 928
149 943
150 190
150 239
150 240
150 247
150 339
150 378
150 390
150 441
150 448
150 453
150 560
150 593
150 634
150 682
150 739
150 744
150 803
150 828
150 889
150 893
151 176
151 183
151 222
151 251
151 274
151 349
151 378
151 428
151 431
151 503
151 507
151 519
151 565
151 570
151 596
151 656
151 684
151 735
151 796
151 914
152 171
152 172
152 174
152 212
152 248
152 249
152 394
152 410
152 412
152 438
152 541
152 546
152 592
152 624
152 655
152 840
152 842
152 899
153 163
153 191
153 233
153 285
153 294
153 431
153 438
153 503
153 549
153 719
153 728
153 774
153 816
153 832
153 835
153 838
153 871
153 888
153 914
154 222
154 366
154 405
154 473
154 698
154 760
154 808
154 914
154 968
154 983
155 233
155 307
155 406
155 529
155 638
155 731
155 869
155 902
155 916
155 925
155 961
156 233
156 258
156 336
156 367
156 426
156 432
156 468
156 509
156 586
156 624
156 636
156 673
156 786
156 817
156 866
156 916
156 918
156 961
156 976
156 990
157 202
157 230
157 241
157 305
157 331
157 380
157 382
157 420
157 453
157 454
157 504
157 624
157 636
157 688
157 698
157 788
157 885
157 963
158 166
158 227
158 342
158 430
158 478
158 495
158 546
158 569
158 574
158 663
158 668
158 772
158 868
158 958
159 247
159 363
159 379
159 427
159 437
159 462
159 477
159 611
159 612
159 623
159 665
159 685
159 761
159 793
159 976
160 253
160 260
160 303
160 329
160 380
160 391
160 431
160 667
160 768
160 792
160 796
160 828
160 834
160 872
161 186
161 256
161 374
161 377
161 394
161 469
161 471
161 490
161 533
161 567
161 654
161 661
161 765
161 796
161 913
161 942
161 947
162 192
162 303
162 310
162 317
162 331
162 373
162 390
162 501
162 539
162 604
162 621
162 661
162 717
162 779
162 825
162 832
162 867
162 871
162 897
162 944
162 999
163 170
163 216
163 261
163 276
163 332
163 358
163 422
163 440
163 450
163 464
163 532
163 590
163 671
163 858
163 942
164 165
164 202
164 230
164 275
164 296
164 414
164 466
164 535
164 567
164 627
164 684
164 766
164 792
164 853
164 905
164 939
164 944
164 946
164 987
165 329
165 341
165 350
165 503
165 507
165 531
165 553
165 615
165 736
165 792
165 875
165 914
165 923
165 948
165 960
165 961
165 962
166 224
166 316
166 332
166 385
166 392
166 404
166 460
166 504
166 577
166 591
166 628
166 664
166 668
166 718
166 898
166 977
167 196
167 297
167 406
167 477
167 488
167 493
167 511
167 633
167 644
167 649
167 698
167 719
167 760
167 782
167 866
168 171
168 179
168 314
168 331
168 400
168 511
168 527
168 547
168 568
168 687
168 710
168 889
169 293
169 315
169 366
169 457
169 595
169 599
169 689
169 742
169 938
169 953
170 185
170 201
170 341
170 381
170 458
170 493
170 509
170 521
170 622
170 682
170 767
170 810
170 866
170 894
170 914
171 175
171 218
171 231
171 264
171 332
171 346
171 596
171 977
172 197
172 221
172 266
172 321
172 368
172 423
172 430
172 445
172 462
172 486
172 506
172 616
172 627
172 641
172 650
172 657
172 665
172 675
172 706
172 809
172 859
172 881
172 943
173 312
173 316
173 354
173 367
173 411
173 423
173 470
173 496
173 509
173 633
173 665
173 685
173 713
173 787
173 836
173 844
173 875
173 957
173 963
173 979
173 997
174 181
174 208
174 237
174 252
174 290
174 417
174 471
174 492
174 501
174 537
174 559
174 587
174 591
174 599
174 634
174 653
174 714
174 725
174 755
174 756
174 762
174 837
174 880
174 966
175 253
175 347
175 412
175 450
175 501
175 697
175 700
175 722
175 778
175 809
176 260
176 280
176 300
176 359
176 360
176 370
176 588
176 616
176 621
176 653
176 674
176 708
176 740
176 766
176 793
176 811
176 812
176 832
176 845
176 863
176 899
176 962
177 185
177 206
177 322
177 382
177 436
177 499
177 564
177 652
177 697
177 703
177 798
177 804
177 950
178 255
178 263
178 273
178 275
178 324
178 539
178 568
178 576
178 606
178 780
178 852
178 876
178 878
178 881
178 962
178 999
179 266
179 278
179 299
179 331
179 378
179 436
179 517
179 554
179 665
179 727
179 799
179 891
179 926
179 963
179 977
179 979
180 237
180 315
180 322
180 414
180 466
180 494
180 554
180 592
180 712
180 739
180 780
180 805
180 906
180 969
180 997
181 295
181 328
181 365
181 487
181 628
181 665
181 705
182 271
182 280
182 290
182 384
182 405
182 472
182 477
182 490
182 631
182 657
182 688
182 692
182 726
182 758
182 772
182 861
183 199
183 314
183 317
183 324
183 372
183 386
183 396
183 405
183 621
183 632
183 682
183 697
183 745
183 803
183 847
183 914
184 188
184 273
184 355
184 388
184 413
184 470
184 521
184 556
184 561
184 590
184 625
184 662
184 754
184 784
184 829
184 846
184 881
184 910
184 989
185 189
185 219
185 237
185 246
185 262
185 264
185 286
185 332
185 392
185 438
185 490
185 588
185 681
185 756
185 780
185 843
185 845
185 865
185 904
185 905
185 951
185 999
186 211
186 233
186 239
186 327
186 358
186 398
186 464
186 555
186 635
186 655
186 691
186 715
186 722
186 815
186 893
186 913
187 192
187 250
187 331
187 332
187 363
187 368
187 387
187 394
187 506
187 538
187 545
187 551
187 619
187 622
187 658
187 682
187 809
187 963
187 971
188 219
188 246
188 262
188 303
188 313
188 324
188 336
188 395
188 425
188 449
188 512
188 532
188 547
188 715
188 880
188 913
188 940
189 239
189 357
189 408
189 566
189 574
189 598
189 630
189 642
189 761
189 910
189 928
189 945
190 195
190 289
190 300
190 379
190 391
190 399
190 406
190 415
190 418
190 473
190 521
190 542
190 561
190 603
190 697
190 703
190 758
190 803
190 813
190 981
191 288
191 292
191 296
191 441
191 516
191 560
191 580
191 589
191 601
191 722
191 752
191 825
191 952
191 955
191 966
192 200
192 224
192 285
192 322
192 340
192 524
192 573
192 638
192 742
193 302
193 432
193 474
193 485
193 519
193 564
193 575
193 602
193 654
193 697
193 702
193 706
193 731
193 744
193 810
193 818
193 873
193 990
194 257
194 430
194 486
194 489
194 544
194 575
194 577
194 642
194 751
194 763
194 933
194 936
194 972
194 976
195 214
195 218
195 230
195 246
195 253
195 268
195 270
195 283
195 403
195 408
195 441
195 476
195 496
195 514
195 518
195 616
195 645
195 685
195 721
195 897
195 928
195 986
196 320
196 340
196 362
196 430
196 504
196 527
196 532
196 534
196 572
196 631
196 665
196 672
196 719
196 737
196 741
196 746
196 807
196 826
196 860
196 863
196 875
196 923
196 931
196 952
196 957
197 237
197 252
197 286
197 319
197 349
197 370
197 385
197 405
197 451
197 455
197 462
197 501
197 511
197 513
197 658
197 709
197 865
197 917
197 948
197 953
197 984
198 213
198 217
198 251
198 289
198 302
198 306
198 332
198 388
198 458
198 510
198 566
198 603
198 640
198 651
198 734
198 788
198 841
198 869
198 886
198 989
199 200
199 204
199 231
199 256
199 277
199 403
199 436
199 441
199 456
199 498
199 533
199 582
199 629
199 666
199 708
199 828
199 875
199 999
200 248
200 326
200 346
200 359
200 379
200 498
200 505
200 528
200 583
200 648
200 681
200 682
200 702
200 703
200 735
200 876
200 941
200 964
201 254
201 306
201 312
201 342
201 365
201 385
201 394
201 453
201 507
201 548
201 549
201 621
201 726
201 728
201 772
201 797
201 835
201 859
201 960
202 216
202 225
202 238
202 367
202 371
202 379
202 463
202 478
202 564
202 674
202 718
202 725
202 902
203 264
203 282
203 328
203 471
203 475
203 496
203 510
203 520
203 529
203 594
203 706
203 766
203 822
203 853
203 963
204 248
204 294
204 346
204 393
204 425
204 455
204 474
204 494
204 511
204 530
204 560
204 611
204 618
204 626
204 681
204 696
204 766
204 816
204 857
204 929
204 967
204 994
205 219
205 253
205 255
205 262
205 282
205 308
205 369
205 377
205 432
205 606
205 614
205 632
205 634
205 638
205 655
205 665
205 685
205 796
205 866
206 210
206 225
206 294
206 331
206 334
206 365
206 407
206 573
206 650
206 767
206 911
207 270
207 285
207 327
207 332
207 359
207 399
207 407
207 450
207 472
207 538
207 544
207 651
207 721
207 879
207 905
207 916
207 919
207 966
207 984
208 225
208 295
208 315
208 347
208 378
208 395
208 404
208 457
208 546
208 588
208 597
208 638
208 667
208 682
208 693
208 789
208 800
208 823
208 837
208 847
208 936
208 970
209 266
209 325
209 385
209 407
209 451
209 480
209 521
209 552
209 595
209 712
209 761
209 795
209 829
209 836
209 919
209 950
209 985
210 259
210 444
210 450
210 498
210 654
210 673
210 727
210 733
210 791
210 885
210 910
210 986
211 216
211 260
211 329
211 334
211 371
211 391
211 424
211 477
211 498
211 527
211 543
211 551
211 622
211 974
211 983
212 294
212 324
212 427
212 461
212 571
212 604
212 636
212 702
212 739
212 753
212 819
212 879
212 884
212 897
212 928
213 303
213 316
213 327
213 451
213 486
213 494
213 502
213 533
213 541
213 594
213 632
213 634
213 641
213 678
213 697
213 937
213 992
214 234
214 256
214 298
214 368
214 391
214 422
214 601
214 667
214 700
214 705
214 756
214 801
214 804
214 808
214 874
214 923
215 325
215 381
215 438
215 448
215 488
215 502
215 523
215 562
215 631
215 699
215 715
215 802
215 813
215 898
215 921
215 987
216 262
216 481
216 531
216 601
216 602
216 685
216 692
216 702
216 834
216 915
216 956
217 272
217 314
217 340
217 347
217 427
217 471
217 560
217 615
217 741
217 778
217 784
217 870
217 927
217 964
217 998
218 301
218 321
218 359
218 422
218 464
218 495
218 525
218 602
218 614
218 690
218 703
218 716
218 804
218 859
218 889
218 908
218 910
219 361
219 400
219 447
219 485
219 503
219 521
219 585
219 610
219 613
219 661
219 682
219 815
219 864
219 890
219 984
219 985
220 280
220 331
220 356
220 494
220 504
220 625
220 626
220 687
220 765
220 783
220 801
220 806
220 860
220 896
220 905
220 919
220 943
220 984
220 997
221 283
221 370
221 377
221 467
221 574
221 648
221 651
221 655
221 712
221 719
221 727
221 790
221 868
221 875
221 939
222 244
222 286
222 354
222 356
222 455
222 572
222 594
222 601
222 628
222 652
222 706
222 722
222 755
222 769
222 823
222 921
222 967
222 977
223 251
223 273
223 279
223 296
223 324
223 348
223 373
223 383
223 432
223 453
223 467
223 490
223 492
223 495
223 572
223 622
223 653
223 673
223 737
223 744
223 762
223 766
223 774
223 789
223 808
223 832
223 857
223 963
224 271
224 336
224 348
224 414
224 439
224 465
224 480
224 488
224 521
224 627
224 653
224 666
224 699
224 737
224 787
224 789
224 850
224 876
224 905
224 945
225 240
225 373
225 442
225 501
225 589
225 699
225 702
225 733
225 798
225 836
225 932
225 940
226 238
226 289
226 290
226 321
226 445
226 542
226 580
226 931
226 965
226 976
227 315
227 323
227 418
227 471
227 488
227 554
227 622
227 690
227 736
227 759
227 887
227 916
227 969
228 415
228 424
228 441
228 462
228 483
228 562
228 844
228 917
229 260
229 386
229 408
229 438
229 534
229 675
229 707
229 768
229 805
229 848
229 860
229 987
230 307
230 308
230 310
230 324
230 420
230 449
230 725
230 732
230 785
230 919
231 237
231 238
231 344
231 367
231 407
231 411
231 453
231 550
231 627
231 636
231 709
231 858
231 874
232 255
232 263
232 292
232 410
232 422
232 475
232 494
232 499
232 520
232 610
232 650
232 741
232 767
232 769
232 842
232 867
232 877
232 903
232 955
233 385
233 390
233 458
233 464
233 543
233 557
233 574
233 708
233 712
233 727
233 784
233 851
233 907
234 268
234 272
234 344
234 362
234 399
234 442
234 661
234 711
234 788
234 868
235 327
235 435
235 537
235 629
235 635
235 698
235 723
235 753
235 782
235 787
235 848
235 970
236 303
236 343
236 370
236 396
236 600
236 656
236 672
236 675
236 687
236 773
236 788
237 281
237 296
237 299
237 315
237 337
237 455
237 471
237 490
237 535
237 536
237 672
237 673
237 707
237 800
237 863
237 909
237 948
238 240
238 577
238 579
238 584
238 609
238 706
238 717
238 768
238 928
238 949
238 989
239 338
239 354
239 393
239 468
239 485
239 693
239 762
239 792
239 986
240 262
240 361
240 490
240 593
240 632
240 691
240 890
240 948
240 986
241 266
241 329
241 363
241 522
241 685
241 692
241 827
241 846
241 848
241 859
241 881
241 886
241 895
241 928
241 963
241 990
242 265
242 328
242 393
242 402
242 543
242 578
242 647
242 648
242 649
242 666
242 686
242 731
242 807
242 831
242 895
243 446
243 471
243 484
243 496
243 527
243 565
243 670
243 677
243 698
243 805
243 822
243 864
243 942
243 995
244 307
244 422
244 469
244 549
244 595
244 764
244 847
244 859
244 997
245 253
245 285
245 326
245 334
245 466
245 519
245 540
245 577
245 579
245 685
245 717
245 801
245 805
245 892
245 938
246 301
246 335
246 407
246 429
246 447
246 504
246 553
246 609
246 617
246 761
246 763
246 963
246 973
247 297
247 351
247 386
247 418
247 432
247 478
247 514
247 836
247 864
248 269
248 272
248 424
248 449
248 472
248 477
248 487
248 507
248 549
248 718
248 726
248 770
248 776
248 793
248 806
248 872
248 895
249 335
249 363
249 417
249 422
249 477
249 482
249 550
249 570
249 603
249 756
249 800
249 821
249 851
249 860
249 945
249 956
249 958
249 993
250 303
250 466
250 561
250 573
250 590
250 593
250 744
250 759
250 776
250 850
250 876
250 881
250 953
251 327
251 330
251 331
251 347
251 382
251 400
251 424
251 493
251 592
251 662
251 831
251 845
251 970
251 971
252 329
252 350
252 561
252 623
252 658
252 740
252 778
252 827
253 353
253 478
253 500
253 509
253 561
253 578
253 630
253 756
253 823
253 831
253 873
253 900
253 904
253 945
253 998
254 298
254 355
254 410
254 459
254 470
254 588
254 642
254 647
254 653
254 661
254 671
254 726
254 734
254 745
254 817
254 914
255 270
255 397
255 435
255 502
255 506
255 508
255 573
255 659
255 700
255 768
255 820
255 826
255 839
256 280
256 284
256 299
256 321
256 380
256 405
256 430
256 443
256 466
256 480
256 506
256 569
256 641
256 838
256 847
257 267
257 334
257 347
257 374
257 420
257 446
257 584
257 709
257 760
257 765
257 787
257 800
257 809
257 832
257 835
257 866
257 931
258 351
258 393
258 399
258 400
258 516
258 518
258 569
258 617
258 716
258 807
258 813
258 821
258 827
258 835
258 862
258 875
258 950
258 986
258 999
259 261
259 427
259 461
259 472
259 531
259 621
259 686
259 709
259 720
259 829
259 831
259 836
259 968
259 999
260 267
260 412
260 485
260 508
260 556
260 574
260 606
260 640
260 650
260 692
260 706
260 842
260 847
260 856
260 866
260 956
261 319
261 325
261 351
261 487
261 496
261 587
261 664
261 739
261 804
261 928
262 306
262 308
262 320
262 477
262 514
262 515
262 522
262 579
262 582
262 586
262 602
262 638
262 727
262 769
262 826
262 923
262 931
262 970
262 991
263 332
263 392
263 438
263 504
263 515
263 544
263 626
263 704
263 771
263 784
263 868
263 890
264 296
264 352
264 444
264 477
264 509
264 585
264 610
264 658
264 663
264 794
264 797
264 834
264 871
264 872
264 899
264 904
264 922
264 964
265 365
265 385
265 423
265 426
265 441
265 447
265 483
265 522
265 556
265 573
265 612
265 640
265 642
265 791
265 828
265 963
266 278
266 280
266 316
266 333
266 381
266 436
266 453
266 461
266 599
266 638
266 763
266 889
266 890
266 966
266 973
267 292
267 309
267 347
267 365
267 383
267 403
267 407
267 409
267 548
267 583
267 630
267 665
267 769
267 773
267 791
267 833
267 849
267 950
267 979
268 277
268 376
268 409
268 498
268 515
268 547
268 552
268 560
268 567
268 587
268 591
268 625
268 655
268 661
268 675
268 688
268 800
268 832
268 909
269 293
269 369
269 409
269 426
269 489
269 519
269 586
269 590
269 672
269 694
269 720
269 786
269 817
269 837
269 855
269 877
269 945
269 965
270 289
270 309
270 311
270 315
270 400
270 570
270 590
270 641
270 665
270 682
270 703
270 732
270 779
270 795
270 824
270 894
270 930
271 294
271 333
271 348
271 393
271 433
271 463
271 495
271 525
271 541
271 585
271 597
271 627
271 628
271 673
271 754
271 787
271 798
271 806
271 812
271 851
271 925
271 938
271 970
272 273
272 320
272 393
272 400
272 416
272 444
272 519
272 540
272 688
272 691
272 773
272 787
272 862
272 915
272 932
272 975
273 284
273 304
273 308
273 331
273 336
273 377
273 414
273 470
273 587
273 639
273 645
273 672
273 682
273 734
273 810
273 834
273 860
273 882
273 893
273 929
274 285
274 314
274 455
274 492
274 500
274 564
274 576
274 607
274 731
274 738
274 814
274 852
274 859
274 881
274 910
275 443
275 540
275 542
275 567
275 574
275 686
275 724
275 726
275 751
275 816
275 907
276 290
276 328
276 343
276 346
276 446
276 497
276 611
276 697
276 732
276 762
276 782
276 815
276 858
276 867
276 890
276 949
277 352
277 376
277 466
277 524
277 623
277 643
277 654
277 669
277 716
277 746
277 759
277 762
277 808
277 847
277 891
277 906
278 286
278 404
278 441
278 494
278 511
278 622
278 652
278 664
278 775
278 790
278 862
278 866
278 882
279 374
279 430
279 460
279 477
279 576
279 578
279 682
279 758
279 847
279 915
279 973
280 332
280 351
280 372
280 383
280 516
280 602
280 698
280 774
280 784
280 867
281 298
281 329
281 444
281 494
281 654
281 699
281 748
281 955
282 305
282 318
282 325
282 331
282 351
282 372
282 379
282 521
282 731
282 772
282 819
282 847
282 862
282 894
282 967
283 290
283 321
283 397
283 512
283 544
283 559
283 583
283 646
283 660
283 685
283 707
283 775
283 864
283 893
283 924
283 935
283 982
284 325
284 339
284 387
284 389
284 393
284 495
284 533
284 626
284 651
284 747
284 805
284 905
284 938
284 966
284 971
284 978
285 293
285 373
285 517
285 525
285 570
285 616
285 672
285 676
285 782
285 922
285 960
286 291
286 341
286 371
286 443
286 446
286 533
286 564
286 597
286 605
286 615
286 661
286 793
286 821
286 830
286 852
286 862
286 873
287 292
287 293
287 349
287 371
287 428
287 449
287 450
287 465
287 513
287 577
287 682
287 693
287 749
287 840
287 841
287 859
287 866
287 873
287 904
288 330
288 347
288 384
288 512
288 586
288 598
288 680
288 736
288 873
288 895
288 911
288 914
288 953
288 954
288 958
288 982
289 391
289 456
289 457
289 500
289 521
289 569
289 580
289 586
289 609
289 683
289 832
289 866
289 966
290 293
290 372
290 393
290 402
290 406
290 432
290 454
290 467
290 532
290 594
290 758
290 889
290 927
291 356
291 373
291 432
291 493
291 503
291 519
291 577
291 590
291 608
291 642
291 680
291 714
291 759
291 820
291 827
291 833
291 877
291 993
291 998
292 308
292 338
292 361
292 366
292 389
292 516
292 610
292 833
292 865
292 982
293 324
293 526
293 587
293 600
293 617
293 700
293 742
293 757
293 870
293 910
293 948
293 953
293 960
293 994
294 388
294 406
294 552
294 642
294 646
294 709
294 722
294 811
294 814
294 820
295 308
295 310
295 410
295 466
295 503
295 518
295 589
295 635
295 688
295 695
295 749
295 799
295 846
295 893
295 932
296 318
296 359
296 409
296 492
296 495
296 508
296 596
296 628
296 732
296 777
296 789
296 793
296 798
296 802
296 804
296 896
296 917
296 939
297 324
297 364
297 405
297 528
297 533
297 675
297 693
297 717
297 727
297 791
297 802
297 829
297 843
297 874
298 307
298 400
298 403
298 522
298 600
298 637
298 644
299 304
299 313
299 361
299 403
299 423
299 474
299 492
299 518
299 529
299 563
299 849
299 878
299 959
300 337
300 351
300 355
300 429
300 491
300 542
300 659
300 681
300 687
300 704
300 778
300 797
300 882
300 939
301 374
301 407
301 412
301 461
301 466
301 629
301 638
301 690
301 730
301 751
301 880
301 895
301 943
301 945
301 947
302 311
302 337
302 408
302 492
302 525
302 648
302 712
302 720
302 729
302 855
302 937
303 509
303 514
303 566
303 598
303 868
303 897
304 319
304 386
304 424
304 487
304 496
304 544
304 557
304 561
304 751
304 866
304 910
305 311
305 340
305 361
305 377
305 428
305 438
305 517
305 530
305 532
305 538
305 543
305 557
305 567
305 614
305 677
305 706
305 723
305 734
305 867
305 874
306 370
306 422
306 432
306 442
306 495
306 531
306 546
306 557
306 604
306 645
306 677
306 699
306 823
306 882
307 312
307 351
307 375
307 411
307 518
307 694
307 698
307 744
307 801
307 816
307 967
308 314
308 389
308 417
308 438
308 485
308 570
308 571
308 723
308 758
308 903
308 955
308 957
309 320
309 489
309 503
309 565
309 580
309 605
309 684
309 701
309 897
309 964
309 997
310 462
310 477
310 487
310 494
310 739
310 773
310 808
310 846
310 849
310 949
310 968
311 345
311 491
311 504
311 544
311 545
311 596
311 607
311 636
311 669
311 776
311 871
312 347
312 466
312 528
312 546
312 568
312 612
312 649
312 694
312 743
312 811
312 879
313 427
313 440
313 485
313 575
313 600
313 645
313 743
313 772
313 848
313 856
313 965
314 360
314 455
314 728
314 807
314 821
314 839
314 895
314 917
314 943
314 949
314 953
314 968
314 976
315 346
315 355
315 393
315 413
315 478
315 528
315 614
315 620
315 652
315 661
315 672
315 686
315 701
315 790
315 899
315 948
315 966
316 329
316 441
316 593
316 705
316 848
316 871
316 931
316 953
316 961
316 964
316 965
316 980
317 347
317 384
317 395
317 415
317 430
317 433
317 532
317 555
317 596
317 607
317 737
317 749
317 821
317 969
318 362
318 474
318 508
318 577
318 594
318 635
318 647
318 686
318 698
318 794
318 816
318 833
318 897
318 917
319 405
319 413
319 522
319 581
319 597
319 631
319 673
319 722
319 771
319 786
319 830
319 875
320 324
320 385
320 394
320 461
320 511
320 595
320 651
320 671
320 773
320 846
320 864
320 962
320 972
321 331
321 389
321 402
321 418
321 438
321 477
321 602
321 673
321 763
321 855
321 870
321 899
321 939
321 940
321 944
321 999
322 338
322 355
322 368
322 460
322 570
322 607
322 618
322 796
322 847
322 974
323 331
323 416
323 463
323 518
323 610
323 707
323 717
323 857
323 886
323 891
323 945
323 958
324 402
324 416
324 430
324 472
324 607
324 616
324 677
325 362
325 377
325 421
325 517
325 578
325 629
325 641
325 819
325 821
325 920
326 338
326 351
326 485
326 668
326 704
326 709
326 792
326 845
326 894
326 966
327 366
327 398
327 588
327 600
327 717
327 794
327 831
327 843
327 903
328 355
328 477
328 478
328 490
328 527
328 606
328 713
328 740
328 801
328 815
328 937
329 526
329 683
329 739
329 741
329 821
329 874
329 889
330 336
330 413
330 425
330 428
330 499
330 592
330 595
330 716
330 892
330 912
330 914
330 948
330 966
331 450
331 467
331 547
331 549
331 763
331 773
331 865
331 889
331 918
331 923
332 432
332 569
332 611
332 613
332 655
332 723
332 785
332 802
332 820
332 905
333 454
333 479
333 511
333 538
333 554
333 555
333 569
333 592
333 807
333 904
334 348
334 407
334 426
334 470
334 495
334 712
334 761
334 864
334 868
334 929
334 947
334 993
335 381
335 449
335 453
335 459
335 554
335 622
335 653
335 708
335 745
335 750
335 780
335 791
335 831
335 911
335 972
335 980
336 394
336 416
336 435
336 509
336 601
336 609
336 625
336 665
336 700
336 706
336 749
336 757
336 817
336 839
336 854
336 891
336 922
336 986
337 340
337 349
337 355
337 409
337 411
337 427
337 440
337 452
337 474
337 505
337 568
337 702
337 728
337 751
337 835
337 892
337 918
337 926
337 967
338 442
338 532
338 575
338 620
338 714
338 716
338 935
338 982
339 468
339 525
339 589
339 628
339 800
339 872
339 889
340 366
340 388
340 455
340 603
340 610
340 662
340 785
340 802
340 869
340 892
340 983
340 997
341 357
341 369
341 378
341 379
341 426
341 450
341 507
341 536
341 575
341 614
341 646
341 743
341 791
341 866
341 924
341 940
341 980
342 368
342 528
342 628
342 652
342 670
342 855
342 869
342 870
342 907
343 345
343 370
343 410
343 461
343 476
343 550
343 559
343 599
343 636
343 639
343 665
343 682
343 770
343 775
343 815
343 940
343 971
344 500
344 547
344 558
344 700
344 704
344 783
344 878
344 923
344 948
345 363
345 368
345 408
345 439
345 512
345 555
345 588
345 593
345 679
345 707
345 728
345 758
345 831
345 901
345 925
345 926
345 963
346 416
346 425
346 444
346 518
346 640
346 667
346 682
346 717
346 734
346 780
346 848
346 918
346 931
347 354
347 367
347 390
347 412
347 427
347 434
347 435
347 503
347 506
347 546
347 576
347 668
347 727
347 768
347 790
347 850
348 349
348 361
348 410
348 638
348 652
348 725
348 767
348 867
348 953
349 446
349 450
349 478
349 491
349 508
349 519
349 577
349 634
349 636
349 643
349 663
349 677
349 743
349 769
349 788
349 867
349 927
350 410
350 441
350 444
350 472
350 482
350 520
350 581
350 678
350 789
350 867
350 918
351 404
351 425
351 452
351 463
351 475
351 532
351 541
351 545
351 553
351 666
351 724
351 782
351 805
351 808
351 884
351 900
351 910
351 925
351 936
351 976
351 999
352 360
352 554
352 568
352 619
352 629
352 645
352 649
352 655
352 658
352 667
352 696
352 719
352 767
352 811
352 815
352 837
352 887
352 938
353 427
353 492
353 517
353 571
353 583
353 642
353 770
353 790
353 838
353 952
354 467
354 474
354 506
354 514
354 602
354 609
354 697
354 712
354 769
354 783
354 810
354 817
354 828
354 849
354 881
354 890
355 381
355 496
355 549
355 566
355 587
355 620
355 640
355 652
355 701
355 795
355 832
355 863
355 879
355 995
356 357
356 433
356 485
356 528
356 535
356 651
356 680
356 683
356 685
356 811
356 820
356 832
356 896
356 903
357 362
357 386
357 389
357 435
357 447
357 463
357 615
357 657
357 662
357 728
357 771
357 775
357 850
357 906
357 938
358 410
358 474
358 523
358 606
358 613
358 679
358 757
358 834
358 908
358 947
359 391
359 409
359 551
359 579
359 634
359 647
359 649
359 684
359 716
359 765
359 789
359 965
359 992
360 546
360 573
360 674
360 696
360 756
360 787
360 827
360 905
360 911
360 947
360 949
361 376
361 540
361 541
361 622
361 744
361 815
361 823
361 874
362 368
362 379
362 535
362 538
362 571
362 596
362 598
362 609
362 672
362 681
362 689
362 811
362 830
362 845
362 883
362 928
362 955
363 439
363 460
363 540
363 578
363 584
363 690
363 703
363 749
363 756
363 788
363 800
363 815
363 842
363 844
363 872
363 917
363 963
364 444
364 450
364 465
364 502
364 637
364 683
364 695
364 727
364 756
364 782
364 790
364 804
364 836
364 995
365 379
365 411
365 416
365 436
365 543
365 601
365 624
365 756
365 828
365 887
366 399
366 803
366 840
366 843
366 845
366 909
366 942
367 572
367 639
367 654
367 683
367 711
367 770
367 788
367 840
367 841
368 382
368 420
368 437
368 460
368 483
368 565
368 578
368 583
368 601
368 617
368 671
368 693
368 702
368 721
368 831
368 840
368 854
368 941
369 540
369 653
369 707
369 745
369 805
369 892
369 931
369 940
370 419
370 452
370 476
370 491
370 589
370 668
370 760
370 761
370 820
370 821
370 870
370 888
370 900
371 411
371 507
371 519
371 644
371 685
371 712
371 729
371 747
371 748
371 961
372 419
372 431
372 438
372 459
372 621
372 654
372 664
372 693
372 847
372 874
372 955
372 993
373 400
373 487
373 732
373 916
373 932
373 991
374 376
374 382
374 472
374 561
374 605
374 638
374 694
374 776
374 877
374 906
374 946
374 986
374 991
374 992
374 996
375 391
375 431
375 466
375 502
375 532
375 580
375 651
375 679
375 721
375 899
375 990
376 409
376 441
376 507
376 529
376 578
376 584
376 607
376 625
376 627
376 648
376 677
376 726
376 754
376 760
376 882
376 940
376 969
376 985
377 500
377 531
377 542
377 648
377 837
377 857
377 858
377 942
377 990
378 416
378 430
378 449
378 465
378 481
378 523
378 570
378 618
378 650
378 675
378 689
378 764
378 822
378 897
378 965
379 382
379 518
379 594
379 596
379 627
379 664
379 685
379 736
379 809
379 858
379 925
379 927
379 952
380 392
380 407
380 456
380 491
380 503
380 597
380 675
380 705
380 720
380 800
380 885
380 894
380 920
380 942
380 975
381 390
381 471
381 477
381 503
381 504
381 517
381 531
381 536
381 581
381 633
381 650
381 697
381 705
381 726
381 857
381 891
381 897
381 971
382 425
382 436
382 615
382 643
382 704
382 723
382 741
382 893
382 894
383 440
383 496
383 528
383 760
383 767
383 858
383 954
384 406
384 433
384 735
384 748
384 774
384 796
384 874
384 900
384 909
384 976
385 510
385 520
385 555
385 580
385 603
385 621
385 628
385 653
385 753
385 826
385 932
385 939
386 426
386 471
386 493
386 577
386 601
386 625
386 667
386 813
386 818
386 965
387 432
387 482
387 509
387 575
387 602
387 617
387 639
387 918
388 429
388 458
388 520
388 545
388 723
388 829
388 849
388 855
388 879
388 882
389 487
389 489
389 512
389 591
389 682
389 685
389 687
389 716
389 729
389 750
389 907
389 927
389 958
390 399
390 475
390 486
390 501
390 527
390 535
390 577
390 766
390 805
390 809
390 821
391 510
391 556
391 561
391 713
391 739
391 814
391 823
391 861
391 869
391 903
391 933
392 434
392 453
392 454
392 476
392 479
392 486
392 589
392 619
392 632
392 676
392 730
392 746
392 787
392 830
392 935
392 948
392 950
392 997
393 469
393 545
393 567
393 668
393 767
393 793
393 897
393 914
393 917
393 976
394 512
394 687
394 769
394 804
394 813
394 820
394 857
394 903
394 935
394 982
394 998
395 418
395 442
395 447
395 499
395 589
395 735
395 763
395 786
395 808
395 825
395 839
395 841
395 850
395 877
395 884
395 888
395 947
395 979
396 425
396 438
396 442
396 615
396 639
396 650
396 687
396 821
396 846
396 888
396 935
396 961
396 986
396 990
397 422
397 501
397 547
397 565
397 574
397 586
397 611
397 715
397 730
397 745
397 806
397 875
397 896
397 903
397 907
397 933
398 430
398 466
398 478
398 498
398 563
398 631
398 716
398 724
398 786
398 868
398 870
398 904
398 930
398 965
398 979
398 996
399 420
399 497
399 573
399 588
399 612
399 634
399 679
399 751
399 764
399 780
399 810
399 856
399 920
399 999
400 429
400 537
400 640
400 661
400 686
400 701
400 704
400 714
400 739
400 750
400 763
400 781
400 862
400 944
400 994
401 434
401 455
401 528
401 570
401 641
401 662
401 749
401 770
401 842
401 906
401 943
401 945
402 446
402 491
402 511
402 540
402 545
402 553
402 626
402 642
402 649
402 674
402 781
402 822
402 861
402 928
402 986
403 460
403 474
403 591
403 661
403 663
403 665
403 669
403 680
403 774
403 823
403 850
403 857
403 952
403 966
403 978
403 989
404 449
404 493
404 515
404 529
404 554
404 623
404 657
404 677
404 701
404 858
404 925
404 930
404 962
404 989
405 439
405 531
405 547
405 555
405 596
405 711
405 713
405 743
405 776
405 789
405 811
405 864
405 910
405 939
405 953
405 954
405 979
406 424
406 481
406 484
406 499
406 534
406 605
406 712
406 782
406 848
406 857
406 899
406 948
406 998
407 409
407 410
407 440
407 506
407 584
407 627
407 668
407 783
407 793
407 837
407 895
407 914
407 930
407 978
407 992
407 994
408 422
408 489
408 613
408 698
408 764
408 786
408 787
408 869
409 506
409 507
409 523
409 603
409 714
409 783
409 825
409 828
409 844
409 900
410 600
410 651
410 809
410 824
410 949
410 977
411 457
411 485
411 581
411 705
411 788
411 795
411 803
411 858
411 863
411 867
411 888
411 952
411 967
411 992
412 496
412 512
412 555
412 562
412 602
412 648
412 676
412 715
412 739
412 747
412 759
412 863
412 887
412 988
413 483
413 518
413 588
413 637
413 641
413 786
413 822
413 861
413 985
414 526
414 541
414 550
414 624
414 656
414 672
414 675
414 703
414 782
414 793
414 809
414 810
414 816
414 819
414 825
414 917
414 955
415 498
415 623
415 662
415 673
415 684
415 790
415 832
415 854
415 863
415 903
415 935
415 947
415 964
415 968
416 439
416 486
416 494
416 535
416 544
416 552
416 558
416 582
416 753
416 890
416 912
416 989
417 434
417 470
417 534
417 606
417 695
417 830
417 912
417 921
417 981
418 423
418 533
418 568
418 579
418 722
418 759
418 804
418 809
418 895
418 930
418 936
419 422
419 423
419 524
419 643
419 676
419 678
419 732
419 784
419 855
419 867
420 430
420 437
420 485
420 489
420 503
420 514
420 600
420 607
420 697
420 759
420 773
420 849
420 858
421 450
421 511
421 514
421 545
421 753
421 863
421 955
421 968
422 479
422 622
422 675
422 711
422 771
422 809
422 824
422 866
422 988
423 447
423 492
423 684
423 712
423 747
423 822
423 838
423 879
423 915
423 932
423 972
424 446
424 485
424 491
424 514
424 715
424 774
424 818
424 826
424 829
424 865
424 937
424 982
425 480
425 543
425 579
425 588
425 681
425 697
425 766
425 808
425 890
426 460
426 491
426 523
426 580
426 648
426 675
426 705
426 789
426 826
426 837
426 879
426 885
426 917
427 447
427 458
427 472
427 557
427 580
427 605
427 607
427 690
427 928
427 947
427 987
428 516
428 518
428 554
428 583
428 786
428 832
428 854
428 910
428 925
429 433
429 504
429 513
429 576
429 612
429 616
429 633
429 636
429 686
429 784
429 816
429 822
430 515
430 516
430 620
430 732
430 783
430 792
430 953
430 958
430 978
431 456
431 461
431 535
431 545
431 607
431 752
431 831
431 900
432 488
432 528
432 532
432 549
432 576
432 662
432 718
432 796
432 867
432 979
432 995
433 511
433 603
433 663
433 791
433 881
433 987
434 503
434 608
434 689
434 753
434 794
434 874
434 927
434 988
435 500
435 517
435 527
435 541
435 676
435 714
435 744
435 780
435 824
435 889
435 913
435 926
435 927
435 955
435 965
435 985
435 999
436 616
436 621
436 665
436 679
436 829
436 889
436 944
437 444
437 472
437 475
437 607
437 693
437 719
437 779
437 859
437 861
437 930
437 986
438 449
438 604
438 619
438 632
438 645
438 660
438 692
438 699
438 770
438 994
439 459
439 500
439 550
439 572
439 613
439 693
439 804
439 819
439 927
439 929
439 958
440 453
440 479
440 498
440 655
440 673
440 717
440 880
441 456
441 515
441 550
441 556
441 559
441 571
441 583
441 610
441 665
441 694
441 721
441 799
441 823
441 866
441 954
441 957
441 982
442 494
442 669
442 696
442 710
442 723
442 740
442 834
442 914
443 453
443 503
443 530
443 549
443 571
443 573
443 597
443 612
443 675
443 714
443 794
443 922
443 966
444 495
444 516
444 534
444 625
444 676
444 779
444 846
444 939
445 448
445 497
445 506
445 778
445 863
445 898
445 927
446 456
446 645
446 657
446 744
446 748
446 768
446 805
446 813
446 844
446 887
446 900
446 922
446 983
447 479
447 543
447 582
447 659
447 676
447 696
447 731
447 944
447 993
448 478
448 486
448 513
448 579
448 664
448 683
448 693
448 729
448 763
448 867
448 912
448 945
448 977
449 469
449 479
449 517
449 537
449 550
449 594
449 660
449 691
449 737
449 765
449 798
449 822
449 850
449 857
449 880
450 563
450 591
450 657
450 659
450 664
450 685
450 787
450 875
450 906
450 918
451 533
451 619
451 640
451 684
451 713
451 754
451 765
451 795
451 801
451 886
451 936
451 998
452 536
452 629
452 655
452 744
452 762
452 779
452 850
452 865
453 569
453 641
453 666
453 756
453 765
453 781
453 783
453 819
453 850
453 854
453 962
453 967
454 455
454 607
454 698
454 718
454 730
454 775
454 787
454 790
454 912
455 462
455 476
455 487
455 514
455 523
455 528
455 625
455 651
455 666
455 839
455 854
455 906
455 971
455 994
456 513
456 541
456 562
456 569
456 613
456 620
456 686
456 842
456 923
457 467
457 470
457 508
457 512
457 597
457 609
457 650
457 670
457 716
457 718
457 949
457 974
457 976
457 986
458 491
458 722
458 828
458 875
458 964
459 496
459 499
459 540
459 654
459 669
459 696
459 713
459 722
459 751
459 783
459 889
459 907
459 987
459 989
460 490
460 498
460 571
460 605
460 686
460 720
460 723
460 772
460 778
460 844
460 867
460 875
460 884
460 889
460 907
460 958
461 496
461 559
461 650
461 672
461 689
461 774
461 817
461 872
461 907
461 957
462 573
462 636
462 686
462 816
462 886
462 948
462 989
463 492
463 519
463 535
463 588
463 590
463 732
463 738
463 769
463 870
464 477
464 493
464 575
464 612
464 621
464 650
464 713
464 731
464 743
464 766
464 772
464 810
464 827
464 846
464 864
464 879
464 939
465 530
465 654
465 788
465 800
465 818
465 822
465 861
465 947
466 468
466 474
466 536
466 573
466 609
466 619
466 627
466 631
466 656
466 767
466 821
466 858
466 971
467 696
467 710
467 801
467 838
467 852
467 905
467 981
467 989
468 523
468 593
468 626
468 691
468 735
468 746
468 776
468 824
468 945
468 948
469 508
469 509
469 527
469 554
469 578
469 582
469 594
469 762
469 845
469 929
469 955
470 507
470 555
470 814
470 838
471 543
471 648
471 687
471 760
472 483
472 572
472 758
472 765
472 809
472 835
472 849
472 853
472 946
472 965
473 503
473 523
473 578
473 594
473 595
473 636
473 640
473 674
473 700
473 774
473 839
473 901
473 903
473 923
473 929
474 518
474 541
474 552
474 580
474 595
474 666
474 691
474 893
474 941
474 985
475 476
475 485
475 755
475 798
475 815
475 895
476 482
476 574
476 595
476 608
476 642
476 693
476 743
476 745
476 763
476 837
476 842
476 978
477 493
477 538
477 570
477 572
477 592
477 635
477 678
477 886
477 950
477 953
477 971
478 492
478 537
478 541
478 612
478 721
478 722
478 723
478 794
478 797
478 858
478 945
478 977
479 484
479 515
479 519
479 526
479 555
479 562
479 585
479 603
479 643
479 735
479 802
479 852
479 881
479 882
479 920
479 991
480 500
480 518
480 541
480 577
480 606
480 640
480 641
480 658
480 664
480 690
480 765
480 981
481 488
481 519
481 529
481 611
481 619
481 632
481 647
481 802
481 824
481 839
481 889
481 901
481 946
482 494
482 571
482 602
482 684
482 707
482 852
482 955
482 995
482 996
483 501
483 558
483 624
483 626
483 724
483 742
483 818
483 867
484 584
484 695
484 723
484 855
484 874
484 928
484 988
485 508
485 537
485 583
485 627
485 655
485 657
485 759
485 791
485 815
485 875
485 918
485 935
485 969
486 598
486 640
486 698
486 804
486 852
486 980
487 496
487 497
487 546
487 739
487 879
487 900
487 924
487 960
488 560
488 567
488 584
488 587
488 638
488 649
488 650
488 787
489 517
489 534
489 541
489 564
489 599
489 644
489 702
489 937
489 964
489 965
490 521
490 601
490 665
490 732
490 757
490 768
490 884
490 901
490 993
491 637
491 670
491 799
491 822
491 861
491 870
491 997
492 616
492 627
492 648
492 663
492 670
492 799
492 804
492 901
492 925
492 931
492 993
493 507
493 562
493 609
493 647
493 727
493 736
493 765
493 974
493 991
494 513
494 519
494 581
494 594
494 624
494 648
494 658
494 800
494 875
494 879
494 964
494 994
495 526
495 539
495 593
495 700
495 741
495 868
495 959
495 970
495 999
496 675
496 685
496 791
496 805
496 814
496 861
496 864
496 993
497 620
497 648
497 680
497 701
497 765
497 798
497 801
497 809
497 869
497 923
498 505
498 576
498 639
498 651
498 698
498 800
498 880
498 992
499 501
499 513
499 519
499 637
499 682
499 692
499 753
499 771
499 790
499 819
499 822
499 851
499 886
499 899
499 906
499 953
500 534
500 640
500 642
500 777
500 792
500 795
500 829
500 857
500 860
500 956
500 985
500 996
501 617
501 632
501 701
501 780
501 846
501 886
501 912
501 943
502 581
502 583
502 593
502 717
502 815
502 866
502 928
502 975
502 994
503 550
503 580
503 605
503 637
503 646
503 661
503 715
503 731
503 801
503 814
503 818
503 841
503 943
504 529
504 536
504 565
504 624
504 677
504 684
504 717
504 724
504 777
504 842
505 565
505 604
505 624
505 671
505 791
505 808
505 823
505 824
505 858
505 864
505 899
505 942
506 510
506 583
506 618
506 698
506 730
506 809
506 914
506 943
506 947
506 982
506 986
507 587
507 636
507 655
507 691
507 698
507 703
507 718
508 619
508 675
508 689
508 726
508 758
508 777
508 792
508 816
508 843
508 890
508 933
508 940
508 950
508 969
509 526
509 617
509 643
509 681
509 687
509 713
509 852
509 858
510 512
510 540
510 622
510 659
510 674
510 704
510 720
510 745
510 767
510 792
510 807
510 833
510 965
510 984
511 572
511 665
511 789
511 840
511 890
511 912
512 533
512 623
512 627
512 631
512 643
512 701
512 772
512 803
512 829
512 830
512 834
512 911
512 932
512 940
512 942
513 588
513 597
513 645
513 653
513 703
513 727
513 797
513 849
513 873
513 904
513 930
513 955
514 558
514 565
514 574
514 578
514 669
514 690
514 736
514 767
514 812
514 889
514 946
514 993
514 997
515 612
515 640
515 672
515 677
515 823
515 904
516 519
516 539
516 593
516 605
516 655
516 723
516 750
516 759
516 760
516 785
516 882
516 889
516 960
516 981
517 788
517 849
517 906
517 917
517 918
518 540
518 580
518 676
518 711
518 775
518 844
518 861
518 882
518 921
518 961
518 987
519 521
519 555
519 561
519 574
519 625
519 744
519 747
519 751
519 777
519 888
519 891
520 552
520 695
520 744
520 749
520 918
520 934
520 967
520 975
521 527
521 547
521 611
521 733
521 776
521 808
521 833
521 836
521 891
521 911
521 988
522 541
522 578
522 579
522 627
522 675
522 792
522 925
522 949
522 951
522 955
522 993
523 530
523 546
523 600
523 707
523 728
523 748
523 773
523 780
523 801
523 935
523 953
524 539
524 558
524 665
524 668
524 718
524 734
524 739
524 757
524 841
524 864
524 903
524 922
524 929
524 962
525 526
525 625
525 690
525 784
525 796
525 889
525 939
526 556
526 557
526 592
526 681
526 695
526 753
526 761
527 533
527 539
527 570
527 587
527 602
527 709
527 775
527 787
527 891
528 540
528 584
528 642
528 690
528 733
528 743
528 769
528 867
528 910
528 961
529 538
529 545
529 600
529 623
529 718
529 786
529 801
529 845
529 885
529 897
529 926
529 939
529 979
530 566
530 619
530 635
530 647
530 695
530 746
530 827
530 887
530 888
530 898
531 547
531 598
531 649
531 794
531 826
531 833
531 903
531 983
532 621
532 675
532 788
532 821
532 832
532 838
532 882
532 924
532 953
532 970
533 562
533 652
533 671
533 701
533 756
533 772
533 864
533 912
533 937
533 949
533 953
533 959
534 579
534 686
534 720
534 904
534 938
535 588
535 706
535 741
535 772
535 865
535 921
535 952
536 601
536 631
536 637
536 710
536 737
536 806
536 837
536 868
536 882
536 889
536 931
537 558
537 578
537 613
537 663
537 685
537 752
537 769
537 811
537 843
537 853
537 892
537 980
538 564
538 620
538 747
538 769
538 877
538 944
538 952
538 993
539 544
539 568
539 587
539 635
539 641
539 709
539 751
539 853
539 952
540 556
540 620
540 641
540 706
540 734
540 755
540 764
540 807
540 835
540 911
540 935
540 985
541 563
541 595
541 688
541 717
541 814
542 609
542 618
542 650
542 706
542 735
542 866
543 578
543 621
543 682
543 723
543 775
543 809
543 824
543 840
543 848
543 929
543 999
544 574
544 608
544 630
544 650
544 656
544 661
544 713
544 752
544 795
544 951
545 565
545 589
545 609
545 712
545 812
545 910
545 992
546 610
546 737
546 774
546 800
546 828
546 860
546 880
546 983
547 561
547 636
547 684
547 687
547 709
547 719
547 772
547 792
547 812
547 858
547 868
547 904
547 953
548 551
548 557
548 638
548 646
548 661
548 716
548 788
548 936
549 574
549 585
549 649
549 692
549 804
549 958
550 590
550 643
550 698
550 713
550 766
550 897
550 942
550 966
551 607
551 613
551 628
551 661
551 699
551 790
551 838
551 939
552 557
552 615
552 718
552 991
553 581
553 606
553 629
553 672
553 685
553 696
553 709
553 718
553 820
553 826
553 899
553 916
553 945
553 952
553 974
554 558
554 586
554 696
554 708
554 711
554 726
554 729
554 776
554 784
554 822
554 845
554 905
554 944
554 996
555 558
555 669
555 695
555 714
555 736
555 873
556 652
556 703
556 788
556 817
556 913
556 921
556 971
557 587
557 629
557 641
557 736
557 814
557 828
557 844
557 871
557 910
557 961
558 568
558 575
558 792
558 955
559 570
559 670
559 713
559 716
559 775
559 796
559 833
559 964
559 983
560 622
560 641
560 689
560 732
560 840
560 899
560 918
561 578
561 594
561 640
561 663
561 735
561 888
561 891
561 911
562 587
562 644
562 684
562 730
562 783
562 812
562 834
562 852
562 888
562 895
562 900
562 936
563 564
563 579
563 655
563 663
563 719
563 843
563 887
563 962
564 570
564 610
564 617
564 667
564 732
564 744
564 822
564 834
564 934
564 942
564 961
564 996
565 742
565 761
565 872
566 613
566 781
566 821
566 822
566 983
566 988
567 596
567 626
567 657
567 700
567 741
567 815
567 832
567 852
567 996
568 585
568 600
568 643
568 725
568 776
568 797
568 823
568 868
568 900
568 925
568 955
569 576
569 595
569 780
569 908
569 974
570 605
570 662
570 730
570 831
570 989
571 598
571 635
571 640
571 737
571 786
571 806
571 835
571 855
571 868
572 573
572 589
572 657
572 718
572 753
572 822
572 865
572 875
572 904
572 953
573 620
573 717
573 761
573 772
573 792
573 807
573 981
574 590
574 624
574 692
574 736
574 785
574 797
574 815
574 829
574 845
574 873
574 909
575 734
575 754
575 760
575 843
575 911
575 946
575 971
576 609
576 733
576 778
576 798
576 829
576 834
576 861
576 883
576 909
576 912
576 919
576 923
576 949
576 970
576 992
577 595
577 630
577 720
577 722
577 780
577 784
577 809
577 816
577 819
577 853
577 872
577 909
577 921
577 934
577 959
577 982
577 999
578 579
578 642
578 672
578 752
578 802
578 958
579 626
579 668
579 717
579 728
579 779
579 902
579 903
579 939
580 581
580 584
580 613
580 693
580 702
580 719
580 759
580 779
580 833
580 892
580 896
580 915
580 974
581 598
581 600
581 639
581 691
581 751
581 846
581 927
581 962
581 987
582 645
582 668
582 694
582 735
582 768
582 772
582 900
583 620
583 630
583 648
583 710
583 775
583 844
583 960
584 585
584 614
584 692
584 693
584 729
584 758
584 918
585 603
585 613
585 672
585 677
585 691
585 745
585 755
585 777
585 845
585 889
585 924
585 951
585 994
586 651
586 656
586 783
586 787
586 816
586 865
586 930
586 943
586 950
587 599
587 631
587 640
587 655
587 845
587 913
587 928
587 999
588 624
588 696
588 697
588 716
588 720
588 822
588 834
588 838
588 903
588 983
589 651
589 668
589 768
589 773
589 858
589 989
589 990
590 622
590 692
590 791
590 799
590 812
590 827
590 891
590 914
590 945
590 959
591 602
591 634
591 748
591 758
591 791
591 797
591 854
591 918
591 924
591 926
591 942
592 603
592 604
592 607
592 641
592 674
592 677
592 732
592 876
592 899
592 941
593 862
593 887
593 917
593 935
594 636
594 715
594 750
594 763
594 769
594 787
594 813
594 875
594 906
594 929
594 950
595 683
595 693
595 726
595 745
595 754
595 784
595 956
595 977
596 747
596 866
596 908
596 911
596 924
596 936
596 966
597 745
597 905
597 935
597 962
597 982
598 644
598 697
598 718
598 875
598 894
598 925
598 976
598 985
599 606
599 714
599 778
599 808
599 825
599 854
599 914
599 956
599 971
599 975
599 979
599 993
600 613
600 645
600 743
600 830
600 896
600 912
600 915
600 926
601 637
601 664
601 740
601 743
601 801
601 845
601 853
601 966
602 640
602 658
602 693
602 755
602 841
602 909
602 910
602 947
602 953
602 955
603 662
603 671
603 679
603 721
603 766
603 804
603 807
603 920
603 960
603 985
604 609
604 685
604 692
604 704
604 937
604 940
604 968
605 646
605 694
605 720
605 721
605 727
605 755
605 768
605 799
605 856
605 881
605 925
605 950
605 963
605 999
606 758
606 765
606 785
606 794
606 824
606 854
606 931
607 616
607 618
607 663
607 707
607 721
607 728
607 760
607 773
607 837
607 907
607 967
608 658
608 660
608 756
608 893
609 618
609 667
609 767
609 838
609 859
609 875
609 880
609 904
610 655
610 762
610 889
610 902
610 955
610 985
611 789
611 881
611 890
611 954
612 716
612 755
612 855
612 877
612 886
612 991
613 627
613 644
613 867
613 869
613 902
613 944
614 672
614 680
614 734
614 752
614 856
614 882
614 987
614 995
614 998
615 644
615 654
615 661
615 760
615 768
615 842
615 854
616 665
616 719
616 798
616 896
616 914
617 691
617 707
617 746
617 885
617 887
617 892
618 674
618 892
618 925
618 955
618 976
619 645
619 649
619 657
619 668
619 677
619 732
619 787
619 800
619 826
619 833
619 842
619 853
619 938
619 944
619 968
619 995
619 997
620 621
620 669
620 760
620 824
620 952
621 633
621 688
621 702
621 818
621 941
622 663
622 723
622 895
622 999
623 651
623 707
623 753
623 756
623 773
623 861
623 923
623 928
623 946
623 949
623 998
624 637
624 642
624 718
624 730
624 732
624 850
624 897
624 988
625 667
625 672
625 717
625 829
625 892
625 965
626 652
626 698
626 724
626 735
626 757
626 803
626 905
626 906
626 921
626 952
626 964
627 718
627 737
627 741
627 752
627 796
627 883
627 902
627 910
628 633
628 669
628 680
628 716
628 777
628 938
628 963
629 736
629 782
629 848
629 890
629 969
630 655
630 694
630 699
630 720
630 758
630 765
630 884
630 906
631 652
631 719
631 740
631 812
631 855
631 952
632 642
632 653
632 663
632 687
632 688
632 698
632 749
632 916
632 992
633 701
633 740
633 751
633 772
633 776
634 637
634 690
634 709
634 735
634 773
634 897
635 671
635 702
635 715
635 769
635 773
635 806
635 844
635 972
636 674
636 848
636 924
637 708
637 723
637 725
637 778
637 818
637 821
637 897
637 914
637 976
638 660
638 697
638 702
638 748
638 829
638 841
638 848
638 899
639 653
639 659
639 722
639 808
639 871
639 883
639 986
640 642
640 693
640 809
640 898
640 961
640 974
640 977
641 652
641 680
641 693
641 711
641 724
641 756
641 819
641 829
641 902
641 919
641 947
641 965
642 643
642 684
642 722
642 778
642 875
642 909
642 973
643 644
643 655
643 691
643 694
643 759
643 777
643 820
643 832
643 905
643 908
643 940
643 947
643 975
643 981
644 667
644 721
644 734
644 779
644 866
644 902
644 916
644 940
644 942
645 672
645 687
645 756
645 783
645 790
645 805
645 807
645 832
645 838
645 980
645 995
645 997
646 693
646 854
646 866
647 668
647 670
647 750
647 759
647 830
647 847
647 907
647 911
647 994
648 656
648 691
648 703
648 820
648 853
648 937
649 668
649 684
649 714
649 756
649 784
649 822
649 945
649 994
650 717
650 739
650 751
650 765
650 844
650 888
650 955
650 977
651 703
651 726
651 780
651 812
651 871
651 872
651 875
651 950
651 998
652 657
652 783
652 818
652 890
652 896
652 920
652 984
652 987
653 658
653 678
653 693
653 722
653 743
653 760
653 925
653 999
654 706
654 787
654 809
654 838
654 954
654 986
655 796
655 838
655 853
655 878
655 901
656 737
656 808
656 825
656 828
656 840
656 934
657 663
657 704
657 711
657 717
657 750
657 815
657 868
657 928
657 968
658 694
658 705
658 723
658 759
658 890
658 918
658 952
658 998
659 680
659 814
659 857
659 882
659 895
659 917
659 927
660 739
660 802
660 811
660 887
660 899
660 900
660 910
660 915
660 962
660 984
661 721
661 756
661 774
661 824
661 828
661 896
661 933
661 952
661 954
661 956
661 962
661 970
662 680
662 684
662 711
662 726
662 748
662 844
662 845
662 876
662 893
662 907
662 919
662 962
662 973
663 735
663 902
663 959
663 965
663 978
664 692
664 733
664 735
664 748
664 841
664 878
664 907
665 691
665 701
665 847
665 904
665 909
665 953
665 955
665 956
665 973
666 691
666 693
667 682
667 810
667 812
667 831
667 841
667 900
667 947
667 979
668 682
668 734
668 757
668 759
668 761
668 806
668 884
669 673
669 943
669 962
669 971
670 787
670 816
670 990
671 673
671 699
671 732
671 768
671 801
671 859
671 864
671 888
671 899
671 918
671 919
672 678
672 741
672 903
672 922
672 977
672 978
673 712
673 829
673 928
673 982
674 754
674 781
674 820
674 825
674 840
674 910
674 914
674 986
675 696
675 861
676 766
676 858
676 891
676 956
676 989
677 719
677 792
677 871
677 906
677 999
678 753
678 784
678 831
678 967
678 972
679 694
679 727
679 740
679 743
679 848
679 866
679 912
679 936
680 705
680 711
680 716
680 720
680 784
680 854
680 867
680 875
681 758
681 985
682 688
682 696
682 701
682 713
682 714
682 746
682 757
682 816
682 823
682 848
682 881
682 939
682 977
683 832
683 929
684 703
684 728
684 743
684 749
684 777
684 780
684 904
685 737
685 781
685 917
685 932
685 986
685 990
686 699
686 720
686 920
686 969
687 823
687 900
687 926
687 965
687 982
687 989
688 726
688 731
688 795
688 853
688 866
688 882
688 919
688 951
688 989
689 747
689 774
689 797
689 837
689 857
689 934
689 994
690 695
690 759
690 811
690 834
690 847
690 899
690 928
691 707
691 732
691 754
692 696
692 741
692 764
692 796
692 814
692 931
692 937
692 950
692 955
693 745
693 808
693 847
693 903
693 946
693 955
694 723
694 874
694 962
695 696
695 752
695 826
695 962
695 979
695 997
696 769
696 925
696 927
697 797
697 810
697 881
697 886
698 726
698 777
698 860
698 885
698 899
698 966
699 772
699 796
699 817
699 852
699 942
699 986
699 997
700 731
700 774
700 810
700 814
700 818
700 845
701 743
701 762
701 999
702 758
702 883
702 969
702 970
702 981
703 933
704 715
704 716
704 808
704 837
704 876
704 937
704 980
705 737
705 768
705 830
705 853
705 896
705 954
705 957
705 972
706 754
706 758
706 787
706 877
706 970
706 972
707 739
707 774
707 785
707 813
707 862
707 885
707 983
708 828
708 864
708 909
708 941
709 728
709 795
709 883
709 889
709 901
709 915
709 940
709 957
710 727
710 808
710 906
710 955
710 969
711 757
711 771
711 781
711 820
711 946
711 951
711 963
711 983
712 765
712 866
712 876
712 996
713 804
713 880
713 916
713 987
713 993
714 728
714 759
714 846
714 934
714 955
714 979
714 997
715 732
715 871
715 876
715 898
715 907
715 994
716 748
716 771
716 780
716 793
716 797
716 839
716 872
716 906
716 953
717 736
717 883
717 886
717 892
717 923
717 926
717 979
718 893
718 937
718 950
718 972
719 738
719 741
719 816
719 891
719 898
719 910
719 986
719 997
720 729
720 745
720 760
720 777
720 794
720 871
720 923
720 927
720 945
721 785
721 796
721 807
721 813
721 829
721 881
721 892
721 915
721 937
721 940
721 998
722 766
722 870
723 774
723 836
723 864
723 908
724 734
724 779
724 807
724 923
724 954
724 987
724 993
724 997
725 761
725 848
726 769
726 791
726 818
726 852
726 879
726 890
726 980
727 775
727 829
727 881
728 807
728 864
728 888
728 898
728 906
728 919
728 952
729 744
729 797
729 803
729 863
729 933
729 953
730 773
730 940
730 972
731 775
731 788
731 880
731 900
732 783
732 958
733 760
733 764
733 815
733 841
733 893
733 897
733 980
734 795
734 918
734 969
734 979
734 992
735 799
735 871
735 910
735 932
735 944
735 960
736 801
736 908
736 921
736 945
736 973
736 992
737 757
737 801
737 954
737 988
738 753
738 844
738 915
738 952
738 990
739 771
739 780
739 799
739 837
739 839
739 843
739 936
739 977
740 755
740 769
740 804
740 811
740 855
740 885
740 923
740 956
740 960
741 903
741 909
741 959
741 997
742 808
742 873
742 930
742 945
742 950
742 992
743 786
743 787
743 801
743 802
743 904
743 936
743 958
743 974
744 814
744 893
744 988
745 785
745 814
745 899
745 998
746 899
746 939
746 947
746 982
747 748
747 808
747 912
748 795
748 827
748 831
748 835
748 850
748 860
748 875
748 892
748 899
748 943
749 880
749 898
749 932
749 946
749 995
750 815
750 828
750 883
750 901
750 909
750 921
750 938
751 763
751 804
751 829
751 848
751 864
751 867
751 894
751 910
751 954
751 987
752 761
752 770
752 811
752 841
752 953
753 818
753 826
753 845
753 986
754 779
754 868
754 896
754 925
754 949
754 987
755 763
755 774
755 915
756 762
756 777
756 874
756 914
756 927
756 987
756 988
757 871
757 951
758 774
758 783
758 802
758 870
758 916
758 975
759 797
759 889
759 962
760 761
760 770
760 804
760 896
760 902
760 963
760 964
761 988
762 778
762 805
762 884
762 931
763 775
763 805
763 823
763 862
763 945
764 767
764 781
764 860
764 868
764 905
765 806
765 812
765 814
765 843
765 857
765 900
765 943
766 783
766 888
768 828
768 842
768 886
768 888
768 990
769 801
769 936
769 947
770 815
770 819
770 825
770 838
770 856
770 903
770 939
770 984
771 780
771 832
771 966
772 810
772 816
772 951
773 792
773 973
773 995
774 817
774 822
774 825
774 881
774 928
774 939
775 799
775 970
775 990
775 999
776 810
776 824
776 908
776 919
776 930
776 972
776 975
777 783
777 829
777 886
777 910
777 948
777 975
778 861
778 887
778 988
779 822
779 957
779 959
780 871
780 946
780 988
781 793
781 850
781 859
781 900
781 924
781 945
782 790
782 795
782 807
782 934
782 940
782 990
783 806
783 875
783 911
783 966
784 820
784 874
784 893
784 901
784 910
784 929
785 812
785 898
786 812
786 874
787 852
787 894
787 897
787 935
788 850
788 885
788 994
789 856
789 897
789 913
790 881
790 882
790 920
790 989
791 812
791 857
791 866
791 900
791 904
792 793
792 798
792 895
792 910
793 898
793 935
794 804
794 809
794 823
794 851
794 924
795 824
795 937
795 967
795 981
795 985
796 797
796 857
796 936
796 957
797 863
798 839
798 847
798 855
798 862
798 932
799 829
799 834
799 840
799 865
799 963
800 813
800 899
800 950
800 998
801 816
801 837
801 887
801 897
801 928
801 989
802 989
803 902
803 905
803 942
803 955
803 966
803 977
805 819
805 843
805 887
805 910
805 924
805 926
805 932
806 813
806 818
806 835
806 954
806 965
806 989
807 913
807 954
807 981
807 999
808 884
808 955
809 823
809 832
809 910
809 992
810 816
810 867
810 909
810 933
810 981
810 991
811 880
811 959
811 994
812 850
812 961
812 986
812 997
813 839
813 840
813 952
814 852
814 884
814 911
814 916
814 963
814 970
815 941
816 916
816 926
816 934
817 877
817 882
817 919
817 943
817 969
818 900
818 983
818 989
819 831
819 866
819 877
820 824
820 859
820 997
821 855
821 936
822 835
822 913
822 932
822 981
823 982
823 984
824 855
824 935
824 965
825 851
825 867
825 887
825 990
826 846
826 865
826 893
826 919
826 976
826 983
827 828
827 838
827 846
827 860
827 881
827 885
827 887
827 960
828 829
828 835
828 837
828 876
828 921
829 855
829 888
830 943
831 858
831 942
831 976
832 884
832 897
832 923
832 984
833 836
833 917
833 982
834 859
834 886
834 937
834 938
834 988
835 847
835 850
835 937
835 948
835 993
836 873
836 918
836 962
836 999
837 855
837 971
837 985
837 998
838 921
839 896
839 945
839 948
840 854
840 861
840 885
840 910
840 933
840 938
841 906
842 878
842 927
842 954
842 957
843 929
843 973
844 869
844 947
845 950
846 923
846 956
847 890
847 910
848 973
848 977
848 994
849 957
850 853
850 916
850 941
850 975
851 896
851 909
852 853
852 995
853 917
854 908
854 931
854 937
855 872
855 901
855 962
855 964
855 981
856 930
856 995
857 897
857 940
857 986
858 866
858 877
858 934
858 953
858 966
859 956
859 972
860 928
860 932
860 943
860 984
861 960
862 863
863 920
863 995
864 963
864 991
864 994
865 870
865 947
865 968
865 984
865 992
865 997
866 872
866 937
867 954
867 980
868 962
869 956
869 969
869 993
870 899
870 920
870 930
871 948
871 983
871 993
873 875
873 947
874 884
874 928
875 907
875 919
875 978
875 979
875 982
876 946
876 972
876 975
877 895
877 925
879 941
879 951
880 918
880 984
880 993
881 959
881 985
882 907
882 995
883 978
883 994
884 893
885 970
885 979
886 955
886 966
887 919
887 998
888 946
889 979
890 933
891 951
893 913
893 916
893 929
894 954
895 902
895 925
895 930
895 944
896 903
897 899
897 986
898 901
898 970
899 936
899 939
899 959
899 991
900 931
900 935
900 970
901 996
902 921
902 924
902 931
902 961
902 993
904 923
904 937
904 944
904 945
904 957
905 969
906 933
906 935
906 955
906 973
907 921
907 955
908 958
909 926
909 968
909 969
909 980
909 982
911 924
911 959
911 988
912 964
913 931
913 932
914 915
914 984
914 991
915 947
916 925
916 968
916 975
918 932
918 937
918 976
921 933
921 940
921 954
922 933
922 962
922 966
923 959
923 969
923 986
924 991
926 952
927 956
927 987
928 944
928 984
929 932
929 965
929 970
930 933
930 937
930 946
930 960
930 982
931 995
932 945
932 998
933 934
933 939
933 944
933 950
933 956
933 986
934 951
935 972
936 944
937 955
939 979
939 981
939 993
940 943
940 998
941 962
942 945
943 946
943 972
943 975
943 996
946 964
948 995
948 998
949 995
950 975
951 973
954 956
956 962
956 979
958 968
962 982
963 969
964 980
968 982
969 980
969 987
969 999
974 989
975 977
977 980
977 985
977 993
979 991
990 999
