30 100
0 5
0 6
0 18
0 21
0 25
1 3
1 5
1 6
1 10
1 17
1 19
2 4
2 8
2 12
2 18
2 20
2 21
2 23
2 24
3 9
3 11
3 12
3 14
3 19
3 20
3 23
3 25
3 28
4 6
4 8
4 13
4 15
4 17
4 22
4 25
5 24
5 26
5 27
6 7
6 24
6 25
6 27
7 12
7 15
7 16
7 17
7 23
7 26
7 29
8 9
8 15
8 17
8 21
8 24
8 27
8 28
9 11
9 13
9 17
9 18
9 19
9 29
10 19
10 23
10 26
10 27
10 29
11 14
11 16
11 17
11 24
11 25
11 26
11 28
12 23
12 24
12 29
13 14
13 18
13 21
13 28
14 25
15 17
15 20
15 25
16 17
16 21
16 22
17 29
18 19
18 24
21 27
21 29
22 26
22 27
22 28
22 29
24 25
26 27
27 29
