50 200
0 8
0 19
0 22
0 23
0 25
0 48
1 4
1 11
1 17
1 22
1 28
1 36
1 42
1 43
2 3
2 4
2 6
2 13
2 16
2 27
2 30
2 37
2 46
2 49
3 7
3 26
3 29
3 30
4 5
4 6
4 8
4 13
4 14
4 17
4 27
4 31
4 32
4 33
4 41
4 45
5 15
5 34
5 40
5 41
5 49
6 8
6 13
6 15
6 16
6 29
6 37
6 44
6 48
7 22
7 23
7 24
7 25
7 30
7 32
7 41
8 10
8 20
8 21
8 24
8 34
8 42
8 43
8 49
9 10
9 11
9 17
9 18
9 22
9 26
9 35
9 39
9 43
9 45
9 46
10 20
10 27
10 31
10 33
10 38
10 39
10 44
11 14
11 17
11 19
11 22
11 23
11 25
11 38
11 45
11 48
12 21
12 32
12 35
12 45
13 21
13 25
13 26
14 16
14 17
14 19
14 26
14 32
15 16
15 17
15 33
15 37
15 38
15 39
16 23
16 29
16 42
16 45
16 49
17 28
17 29
17 39
17 44
18 19
18 28
18 32
18 34
18 46
18 47
19 23
19 25
19 30
20 27
20 28
20 30
20 31
20 44
20 48
21 24
21 28
21 30
21 37
21 41
21 48
22 23
22 32
22 35
22 42
22 44
22 45
22 48
23 24
23 27
23 43
23 45
23 46
23 48
23 49
24 41
24 43
25 31
25 43
26 30
26 35
27 42
28 34
28 36
28 39
28 46
29 42
29 43
30 46
31 38
31 41
31 43
31 47
31 49
32 35
32 44
32 48
33 35
33 37
33 39
33 46
34 47
34 48
36 46
37 42
38 41
38 47
39 40
39 42
39 48
40 44
40 47
40 49
41 47
42 49
43 44
43 49
45 46
