100 1000
0 8
0 9
0 11
0 12
0 13
0 14
0 20
0 32
0 37
0 38
0 40
0 41
0 46
0 48
0 49
0 50
0 51
0 55
0 63
0 67
0 68
0 70
0 74
0 78
0 79
0 84
0 95
0 98
0 99
1 2
1 4
1 7
1 9
1 20
1 26
1 29
1 30
1 37
1 42
1 49
1 54
1 62
1 70
1 73
1 82
1 94
1 95
2 7
2 9
2 12
2 16
2 18
2 21
2 25
2 38
2 46
2 47
2 51
2 52
2 56
2 58
2 61
2 64
2 70
2 76
2 83
2 88
2 94
3 6
3 10
3 11
3 12
3 17
3 18
3 20
3 22
3 24
3 26
3 32
3 40
3 44
3 45
3 49
3 54
3 62
3 74
3 92
3 97
3 98
4 12
4 13
4 15
4 26
4 27
4 30
4 36
4 43
4 47
4 48
4 49
4 54
4 69
4 79
4 93
4 97
5 6
5 7
5 15
5 16
5 19
5 21
5 31
5 34
5 35
5 36
5 39
5 41
5 42
5 45
5 58
5 63
5 64
5 69
5 74
5 79
5 95
6 18
6 20
6 22
6 23
6 24
6 26
6 28
6 31
6 33
6 36
6 39
6 49
6 57
6 59
6 62
6 64
6 67
6 91
6 92
6 94
7 8
7 15
7 17
7 21
7 32
7 35
7 36
7 41
7 50
7 55
7 59
7 62
7 63
7 68
7 70
7 72
7 79
7 80
7 85
7 90
7 93
7 95
7 97
8 15
8 21
8 28
8 34
8 39
8 42
8 47
8 62
8 64
8 69
8 72
8 77
8 85
8 87
8 96
8 97
8 98
8 99
9 12
9 14
9 19
9 22
9 26
9 60
9 62
9 67
9 71
9 74
9 75
9 77
9 80
9 83
9 92
9 93
10 11
10 27
10 32
10 36
10 38
10 41
10 51
10 57
10 59
10 71
10 77
10 79
10 84
10 85
10 86
10 97
11 16
11 17
11 34
11 39
11 46
11 48
11 59
11 60
11 66
11 73
11 75
11 80
11 85
11 88
11 89
11 93
12 16
12 23
12 28
12 34
12 36
12 37
12 38
12 42
12 46
12 56
12 63
12 66
12 74
12 79
12 99
13 17
13 22
13 27
13 31
13 36
13 40
13 50
13 58
13 61
13 65
13 66
13 77
13 78
13 82
13 84
13 86
13 99
14 18
14 24
14 25
14 27
14 28
14 32
14 38
14 41
14 44
14 51
14 62
14 63
14 67
14 71
14 75
14 76
14 77
14 85
15 18
15 33
15 40
15 44
15 52
15 66
15 67
15 77
15 78
15 80
15 87
15 97
16 19
16 21
16 32
16 36
16 56
16 57
16 63
16 66
16 67
16 69
16 74
16 84
16 86
16 89
16 93
17 20
17 21
17 26
17 28
17 35
17 37
17 38
17 40
17 41
17 44
17 48
17 54
17 55
17 56
17 59
17 72
17 75
17 81
17 83
17 96
18 20
18 23
18 26
18 28
18 38
18 45
18 46
18 47
18 48
18 51
18 55
18 56
18 57
18 68
18 70
18 76
18 78
18 79
18 82
18 83
18 88
19 24
19 26
19 33
19 36
19 43
19 44
19 47
19 56
19 72
19 75
19 76
19 78
19 96
20 25
20 26
20 28
20 43
20 48
20 54
20 58
20 59
20 61
20 62
20 67
20 75
20 76
20 78
20 88
20 95
21 22
21 24
21 25
21 28
21 34
21 40
21 43
21 47
21 59
21 63
21 66
21 67
21 69
21 72
21 76
21 77
21 80
21 83
21 86
21 87
21 88
21 91
22 44
22 45
22 49
22 52
22 58
22 61
22 63
22 66
22 70
22 81
22 85
22 87
22 93
23 24
23 25
23 26
23 27
23 29
23 33
23 44
23 49
23 54
23 57
23 58
23 67
23 68
23 69
23 77
23 79
23 80
23 95
23 96
24 28
24 29
24 33
24 36
24 43
24 45
24 47
24 49
24 53
24 54
24 65
24 68
24 69
24 72
24 73
24 99
25 27
25 28
25 38
25 39
25 40
25 42
25 50
25 69
25 79
25 82
25 87
25 89
25 92
25 93
26 40
26 42
26 48
26 49
26 53
26 54
26 55
26 56
26 60
26 83
26 85
26 88
26 96
26 97
27 37
27 43
27 48
27 49
27 50
27 56
27 64
27 70
27 71
27 72
27 81
27 88
27 93
27 94
27 95
27 98
27 99
28 31
28 50
28 55
28 56
28 69
28 70
28 71
28 72
28 75
28 82
28 84
28 87
28 88
28 89
29 44
29 45
29 49
29 55
29 59
29 60
29 71
29 77
29 84
29 85
29 87
29 89
29 94
29 95
30 32
30 35
30 47
30 49
30 50
30 52
30 54
30 61
30 64
30 69
30 77
30 79
30 86
30 91
30 94
30 95
31 33
31 35
31 36
31 40
31 51
31 52
31 53
31 63
31 75
31 76
31 77
31 92
31 94
31 97
32 34
32 37
32 44
32 49
32 53
32 61
32 62
32 64
32 65
32 68
32 74
32 81
32 83
32 91
33 36
33 38
33 46
33 52
33 59
33 60
33 65
33 66
33 69
33 73
33 80
33 86
34 36
34 44
34 47
34 50
34 51
34 58
34 66
34 68
34 70
34 71
34 72
34 73
34 75
34 81
34 83
34 85
34 90
34 92
35 37
35 41
35 43
35 45
35 48
35 50
35 53
35 55
35 56
35 65
35 72
35 83
35 85
35 86
35 88
35 95
36 42
36 49
36 53
36 54
36 55
36 59
36 60
36 62
36 64
36 87
36 94
36 97
37 38
37 43
37 45
37 51
37 52
37 59
37 60
37 64
37 67
37 70
37 79
37 80
37 94
37 97
37 99
38 43
38 48
38 53
38 55
38 56
38 57
38 60
38 62
38 72
38 73
38 75
38 85
38 92
39 43
39 49
39 50
39 52
39 56
39 59
39 64
39 65
39 67
39 74
39 78
39 79
39 88
39 90
39 95
40 50
40 80
40 81
40 93
40 96
40 98
41 42
41 43
41 45
41 46
41 48
41 50
41 53
41 58
41 63
41 68
41 72
41 77
41 82
41 91
41 99
42 75
42 80
42 83
42 89
43 45
43 57
43 61
43 64
43 68
43 72
43 77
43 96
44 47
44 48
44 53
44 57
44 61
44 62
44 64
44 77
44 79
44 80
44 84
44 91
44 96
44 99
45 47
45 50
45 66
45 77
45 84
45 86
45 89
45 93
46 52
46 60
46 66
46 77
46 80
46 81
46 82
46 92
46 94
46 99
47 57
47 60
47 61
47 63
47 69
47 72
47 79
47 90
48 50
48 58
48 60
48 63
48 71
48 72
48 74
48 75
48 84
48 89
48 90
48 94
48 95
48 98
49 60
49 61
49 63
49 70
49 72
49 80
49 92
49 94
50 51
50 53
50 54
50 64
50 66
50 74
50 75
50 78
50 81
50 82
50 93
51 63
51 66
51 68
51 70
51 79
51 81
51 82
51 94
51 96
52 54
52 58
52 69
52 74
52 76
52 77
52 88
52 92
52 93
53 56
53 58
53 68
53 71
53 80
53 83
53 91
53 95
53 99
54 57
54 61
54 63
54 70
54 72
54 81
54 93
54 97
55 75
55 84
55 98
56 57
56 66
56 71
56 79
56 82
56 86
56 90
56 94
56 97
56 99
57 61
57 62
57 72
57 75
57 84
57 88
57 92
58 59
58 64
58 68
58 73
58 75
58 76
58 79
58 83
58 84
58 88
59 63
59 66
59 67
59 73
59 86
59 97
60 63
60 64
60 85
60 89
60 91
61 62
61 73
61 75
61 90
61 91
61 95
62 72
62 75
62 76
62 90
62 94
62 95
62 97
63 74
63 78
63 82
63 84
63 86
63 99
64 75
64 76
64 83
64 97
65 68
65 72
65 73
65 75
65 93
65 96
66 71
66 75
66 77
66 80
66 83
66 85
66 86
66 93
66 96
66 98
67 86
67 95
67 96
68 69
68 80
68 86
68 91
69 72
69 79
69 86
69 88
69 97
70 71
70 74
70 78
70 92
70 95
71 75
71 79
71 89
71 90
71 93
71 97
72 75
72 76
72 84
72 89
72 95
72 98
73 74
73 75
73 77
73 84
73 86
73 94
74 77
74 86
74 87
74 88
74 89
75 79
75 92
75 96
76 78
76 79
76 84
76 86
76 94
76 95
76 96
76 97
76 98
77 80
77 88
78 81
78 85
78 92
79 80
79 82
79 83
79 87
79 88
79 95
79 96
80 83
80 84
80 85
80 90
80 97
81 84
81 88
81 89
81 93
81 94
81 95
81 99
82 83
82 85
82 88
82 97
83 93
83 96
83 98
84 87
84 89
84 92
84 93
84 96
84 99
85 87
85 91
85 94
86 93
86 95
86 97
86 98
87 88
87 90
88 92
88 95
88 96
88 97
89 96
89 97
90 91
92 93
92 96
93 98
95 98
