200 1000
0 52
0 79
0 87
0 96
0 115
0 119
0 139
0 153
0 179
0 193
1 14
1 38
1 40
1 64
1 80
1 86
1 96
1 155
1 156
1 171
1 180
1 194
2 34
2 42
2 69
2 121
2 158
2 164
2 187
2 188
2 198
3 47
3 66
3 70
3 76
3 106
3 120
3 137
3 139
3 140
3 154
4 21
4 46
4 63
4 95
4 101
4 105
4 117
4 135
4 136
4 160
4 199
5 37
5 52
5 64
6 33
6 75
6 106
6 112
6 128
6 148
6 166
6 188
7 16
7 38
7 42
7 52
7 53
7 71
7 93
7 94
7 148
7 154
7 188
8 27
8 40
8 48
8 60
8 62
8 64
8 68
8 83
8 87
8 93
8 115
8 160
8 168
8 170
8 174
9 18
9 19
9 22
9 27
9 38
9 40
9 44
9 45
9 50
9 109
9 138
9 158
9 194
10 23
10 45
10 54
10 56
10 61
10 103
10 117
10 124
10 130
10 144
10 148
10 162
10 164
11 144
11 176
12 20
12 23
12 29
12 50
12 61
12 66
12 98
12 108
12 165
13 36
13 66
13 71
13 108
13 145
13 146
13 166
13 183
14 21
14 92
14 156
14 165
14 178
15 61
15 63
15 77
15 83
15 89
15 103
15 120
15 123
15 125
15 133
15 139
15 167
15 172
15 191
16 26
16 36
16 43
16 79
16 96
16 98
16 102
16 104
16 148
16 194
17 35
17 44
17 50
17 78
17 83
17 92
17 118
17 143
17 166
17 190
18 25
18 41
18 64
18 68
18 113
18 124
18 125
18 148
18 159
18 163
18 169
19 29
19 38
19 94
19 108
19 113
19 133
19 142
19 143
19 193
20 35
20 74
20 122
20 124
20 126
20 158
20 184
21 25
21 73
21 91
21 100
21 112
21 120
21 123
21 126
21 148
21 164
22 29
22 63
22 105
22 138
22 141
22 156
22 159
22 185
23 60
23 80
23 103
23 108
23 119
23 134
23 184
24 30
24 49
24 73
24 75
24 152
24 157
24 169
24 199
25 45
25 107
25 112
25 117
25 125
25 133
25 166
25 184
26 62
26 70
26 73
26 77
26 121
26 147
26 176
26 180
26 194
26 197
27 44
27 47
27 69
27 95
27 109
27 113
27 140
27 192
28 45
28 46
28 83
28 108
28 110
28 142
28 187
29 44
29 46
29 74
29 81
29 101
29 108
29 125
29 152
29 197
30 47
30 54
30 88
30 91
30 94
30 111
30 130
30 158
30 167
30 173
31 42
31 68
31 104
31 129
31 152
31 180
31 189
32 54
32 57
32 63
32 65
32 88
32 101
32 142
32 163
33 34
33 68
33 85
33 101
33 138
33 177
34 49
34 73
34 103
34 108
34 133
34 134
34 149
34 188
34 194
35 58
35 63
35 69
35 89
35 93
35 114
35 153
35 163
35 171
35 176
35 182
35 193
36 89
36 157
36 160
36 161
36 162
36 186
37 60
37 71
37 87
37 96
37 99
37 108
37 119
37 120
37 135
37 136
37 147
37 180
37 199
38 137
38 140
39 41
39 43
39 73
39 82
39 100
39 134
39 149
39 179
39 190
40 51
40 67
40 78
40 96
40 133
40 160
40 196
41 58
41 80
41 82
41 115
41 145
41 194
42 60
42 68
42 117
42 135
42 151
42 185
42 187
42 192
43 53
43 73
43 80
43 81
43 85
43 89
43 93
43 132
43 140
43 170
43 186
44 73
44 86
44 100
44 109
44 121
44 174
44 197
45 68
45 105
45 112
45 168
45 171
45 176
45 185
45 195
46 91
46 97
46 128
46 136
46 143
46 150
46 153
46 192
47 63
47 78
47 87
47 134
47 168
48 64
48 86
48 88
48 105
48 109
48 128
48 132
48 140
48 192
49 69
49 91
49 124
49 185
50 57
50 59
50 61
50 93
50 99
50 124
50 127
50 137
50 180
50 193
51 64
51 72
51 180
51 182
52 74
52 75
52 77
52 90
52 94
52 131
52 135
53 85
53 108
53 126
53 145
53 146
53 179
53 180
54 68
54 70
54 78
54 94
54 102
54 144
55 101
55 125
55 138
55 141
55 150
55 172
55 180
55 187
55 188
55 191
56 81
56 117
56 129
56 137
56 144
56 151
56 171
56 178
57 58
57 62
57 72
57 76
57 81
57 82
57 131
57 132
57 134
57 142
57 157
57 173
57 186
57 198
58 138
58 161
58 191
58 194
59 120
59 152
59 154
60 67
60 72
60 82
60 114
60 137
60 140
60 166
60 171
60 183
60 197
61 81
61 116
61 126
61 129
61 185
62 126
62 150
62 151
62 153
62 173
62 185
62 186
63 90
63 96
63 106
63 115
63 142
63 160
63 177
64 74
64 106
64 133
64 134
64 153
64 162
64 186
65 100
65 101
65 102
65 109
65 152
65 165
65 166
65 176
65 191
66 80
66 110
66 127
66 141
66 144
66 145
66 159
66 162
66 168
67 91
67 162
67 192
68 88
68 100
68 106
68 117
68 136
68 157
68 198
69 90
69 116
69 123
69 139
69 141
69 144
69 154
69 164
69 168
69 172
69 185
69 195
69 198
70 85
70 91
70 102
70 154
70 180
71 75
71 81
71 108
71 145
71 182
72 102
72 104
72 116
72 198
73 77
73 127
73 128
73 141
73 175
73 198
74 78
74 80
74 96
74 97
74 120
74 122
74 143
74 159
74 177
75 76
75 82
75 95
75 110
75 116
75 166
75 175
75 188
75 193
76 85
76 137
76 166
77 83
77 98
77 101
77 159
77 177
77 181
77 183
77 193
78 84
78 86
78 109
78 120
78 134
78 195
79 92
79 121
79 131
79 146
79 148
79 149
79 166
79 195
79 196
80 86
80 117
80 151
80 164
81 99
81 103
81 142
81 154
81 188
82 97
82 128
82 143
82 168
82 178
83 168
84 125
84 132
84 137
84 153
84 158
84 165
85 100
85 109
85 165
85 167
86 94
86 118
86 150
86 161
86 177
87 157
87 158
87 181
87 198
88 96
88 178
89 103
89 121
89 157
89 170
89 191
90 110
90 117
90 150
90 153
90 166
90 175
91 101
91 107
91 121
91 124
91 129
91 147
91 169
91 170
91 181
92 120
92 153
92 174
93 134
93 138
93 174
93 178
93 185
94 130
94 136
94 139
94 176
95 98
95 103
95 106
95 125
95 150
95 176
97 105
97 115
97 118
97 123
97 127
98 153
98 168
98 174
98 187
98 196
98 197
99 102
99 105
99 111
99 117
99 124
99 141
99 145
99 148
99 153
99 173
99 175
99 179
100 139
100 152
100 161
100 165
100 189
100 193
100 195
101 104
101 107
101 112
101 142
101 157
101 160
101 173
101 177
101 198
102 109
102 151
102 196
103 112
103 122
103 127
103 163
103 182
104 121
104 123
104 126
105 107
105 142
105 161
105 162
105 173
105 176
105 182
106 124
106 143
106 149
106 159
106 166
106 176
106 191
107 108
107 139
107 143
107 146
107 165
107 188
108 145
108 146
109 116
109 153
109 180
109 182
109 196
110 117
110 123
110 159
110 193
110 195
110 199
111 143
111 167
111 191
111 192
112 117
112 152
112 160
112 197
113 130
113 136
113 148
113 191
113 199
114 116
114 164
115 116
115 134
115 148
115 168
115 188
116 118
116 131
116 140
116 141
116 154
116 157
116 161
116 178
116 186
117 182
117 197
118 119
118 123
118 186
118 190
119 136
119 153
119 162
119 163
119 182
119 199
120 153
120 163
120 169
120 176
120 193
121 165
121 195
121 198
122 124
122 145
122 162
122 174
122 178
123 148
123 182
123 198
123 199
124 137
124 179
125 136
125 159
125 163
125 168
125 170
125 191
126 135
126 181
126 187
127 131
128 143
128 154
128 189
128 195
128 197
129 131
129 154
129 160
129 185
130 174
130 183
130 199
131 133
131 135
131 187
132 157
132 165
133 144
133 191
133 194
134 169
134 173
135 139
135 141
135 146
135 148
136 156
136 169
136 193
137 143
137 159
137 160
137 167
137 168
137 176
138 183
140 170
141 145
141 177
141 180
141 196
142 165
142 166
142 169
143 145
143 146
143 165
143 195
144 181
144 189
145 148
145 152
146 154
146 156
146 167
146 180
147 152
147 197
148 173
149 168
149 171
149 175
150 152
150 160
150 167
150 181
150 185
150 195
151 171
151 191
152 170
152 173
152 190
155 156
155 183
155 189
156 162
156 166
156 178
157 171
157 192
158 180
159 177
159 191
160 169
160 187
160 189
160 198
161 175
161 182
161 196
162 163
162 181
162 188
163 164
164 165
164 166
164 167
164 185
165 166
165 170
165 181
165 194
167 168
167 172
167 181
168 172
168 188
168 191
168 197
170 177
170 196
171 187
172 176
172 180
172 196
173 179
176 177
176 189
178 186
179 184
179 186
179 195
180 189
181 192
183 189
186 187
187 189
193 196
