300 2500
0 16
0 28
0 29
0 72
0 100
0 114
0 164
0 175
0 179
0 187
1 17
1 19
1 21
1 43
1 49
1 82
1 88
1 89
1 93
1 97
1 104
1 107
1 123
1 155
1 171
1 175
1 177
1 180
1 190
1 194
1 195
1 294
1 295
2 9
2 25
2 27
2 54
2 81
2 99
2 118
2 156
2 158
2 167
2 178
2 188
2 206
2 264
2 280
3 10
3 17
3 30
3 31
3 56
3 116
3 135
3 142
3 164
3 184
3 219
3 220
3 236
3 244
4 8
4 27
4 38
4 39
4 45
4 47
4 63
4 85
4 86
4 146
4 151
4 152
4 174
4 179
4 190
5 33
5 44
5 73
5 120
5 133
5 150
5 165
5 166
5 207
5 231
5 262
5 271
5 273
5 275
5 298
6 29
6 32
6 47
6 49
6 54
6 97
6 99
6 103
6 105
6 116
6 130
6 138
6 140
6 145
6 168
6 236
6 245
6 254
6 270
7 24
7 85
7 107
7 109
7 130
7 133
7 136
7 209
7 210
7 216
7 237
7 249
8 33
8 52
8 73
8 111
8 115
8 121
8 139
8 165
8 177
8 195
8 200
8 213
8 232
8 242
8 253
8 281
8 289
8 294
9 28
9 50
9 118
9 140
9 143
9 188
9 194
9 202
9 207
9 212
9 224
9 231
9 259
9 298
10 18
10 32
10 61
10 64
10 70
10 82
10 88
10 94
10 95
10 151
10 191
10 205
10 236
10 238
10 245
10 265
10 277
10 287
10 289
11 24
11 36
11 41
11 50
11 79
11 92
11 121
11 134
11 152
11 162
11 178
11 215
11 236
11 242
11 261
11 279
11 296
12 16
12 78
12 85
12 92
12 109
12 112
12 138
12 144
12 147
12 169
12 232
12 237
12 244
12 274
12 294
13 20
13 43
13 84
13 95
13 113
13 123
13 131
13 133
13 152
13 157
13 175
13 239
13 241
13 252
13 257
13 267
13 281
14 30
14 46
14 76
14 81
14 92
14 98
14 111
14 113
14 127
14 160
14 176
14 221
14 227
14 242
14 283
15 17
15 22
15 24
15 34
15 40
15 63
15 73
15 85
15 109
15 148
15 199
15 205
15 236
15 240
15 248
15 250
15 259
15 287
16 58
16 69
16 83
16 105
16 141
16 147
16 170
16 172
16 209
16 210
16 211
16 242
16 249
16 253
16 264
16 296
17 105
17 125
17 140
17 157
17 174
17 186
17 189
17 203
17 226
17 241
17 245
17 249
17 269
17 279
17 296
18 65
18 75
18 80
18 143
18 156
18 157
18 171
18 180
18 200
18 218
18 246
18 260
18 261
18 289
19 25
19 57
19 97
19 111
19 158
19 197
19 209
19 229
19 232
19 272
20 76
20 84
20 89
20 133
20 134
20 141
20 163
20 168
20 173
20 183
20 191
20 221
20 263
20 284
20 297
21 23
21 24
21 41
21 45
21 68
21 70
21 74
21 85
21 89
21 114
21 157
21 189
21 194
21 199
21 214
21 224
21 226
21 235
21 244
21 264
21 269
21 291
22 66
22 109
22 117
22 153
22 157
22 211
22 239
22 242
22 250
22 266
22 281
23 39
23 57
23 82
23 106
23 122
23 126
23 127
23 145
23 183
23 185
23 203
23 206
23 273
23 295
24 38
24 41
24 72
24 79
24 83
24 96
24 101
24 120
24 167
24 181
24 194
24 220
24 224
24 241
24 299
25 37
25 69
25 76
25 104
25 158
25 161
25 168
25 169
25 181
25 208
25 223
25 230
25 241
25 248
25 254
25 299
26 33
26 48
26 54
26 67
26 115
26 138
26 153
26 159
26 179
26 195
26 245
26 248
26 249
26 268
26 272
26 285
26 292
27 80
27 88
27 115
27 126
27 161
27 164
27 179
27 195
27 217
27 247
27 282
27 290
27 294
28 31
28 54
28 65
28 93
28 130
28 162
28 165
28 183
28 202
28 207
28 225
28 237
28 249
28 264
28 279
28 296
29 38
29 41
29 42
29 55
29 73
29 112
29 142
29 181
29 192
29 207
29 210
29 236
29 267
29 287
29 297
30 32
30 34
30 58
30 94
30 102
30 104
30 134
30 137
30 142
30 156
30 168
30 181
30 199
30 223
30 228
30 238
30 239
30 240
30 241
30 259
30 278
30 286
30 299
31 40
31 83
31 113
31 133
31 176
31 227
31 236
31 248
32 36
32 45
32 51
32 144
32 178
32 219
32 227
32 240
32 273
32 274
32 276
32 292
33 35
33 64
33 73
33 82
33 88
33 92
33 97
33 105
33 114
33 117
33 121
33 145
33 159
33 252
33 256
33 263
33 282
33 293
34 44
34 66
34 67
34 71
34 77
34 88
34 120
34 180
34 182
34 190
34 221
34 230
34 236
34 255
34 275
34 293
35 44
35 49
35 60
35 124
35 186
35 194
35 195
35 201
35 208
35 244
35 263
35 299
36 60
36 68
36 76
36 78
36 81
36 93
36 106
36 111
36 113
36 116
36 117
36 120
36 150
36 202
36 205
36 219
36 221
36 227
36 244
36 251
36 262
36 264
36 272
36 273
36 283
37 77
37 80
37 103
37 106
37 126
37 144
37 187
37 192
37 224
37 253
37 254
38 52
38 92
38 112
38 137
38 155
38 169
38 198
38 199
38 287
39 50
39 56
39 57
39 82
39 108
39 111
39 202
39 223
39 227
39 233
39 240
39 247
39 259
39 287
40 60
40 86
40 89
40 113
40 151
40 163
40 179
40 181
40 185
40 200
40 208
40 223
40 269
40 298
41 52
41 56
41 61
41 62
41 85
41 132
41 134
41 147
41 155
41 175
41 178
41 186
41 210
41 243
42 49
42 67
42 68
42 75
42 81
42 95
42 103
42 125
42 136
42 151
42 161
42 171
42 181
42 187
42 200
42 205
42 209
42 260
42 278
42 281
43 50
43 60
43 67
43 68
43 75
43 102
43 104
43 128
43 138
43 153
43 176
43 178
43 185
43 245
43 267
43 297
44 45
44 50
44 58
44 90
44 128
44 130
44 144
44 157
44 205
44 221
44 283
45 71
45 72
45 90
45 105
45 124
45 173
45 195
45 202
45 237
45 238
45 253
46 59
46 98
46 113
46 115
46 116
46 132
46 158
46 167
46 179
46 189
46 199
46 220
46 234
46 257
46 287
47 69
47 72
47 105
47 109
47 115
47 134
47 161
47 181
47 187
47 205
47 217
47 244
47 263
47 285
47 288
47 289
47 290
48 55
48 74
48 82
48 92
48 148
48 149
48 165
48 167
48 170
48 172
48 185
48 206
48 210
48 233
48 242
48 245
48 294
49 76
49 82
49 90
49 112
49 115
49 131
49 133
49 154
49 155
49 166
49 167
49 195
49 216
49 234
49 236
49 252
49 255
49 271
49 278
49 281
50 57
50 71
50 77
50 79
50 115
50 151
50 153
50 163
50 168
50 195
50 198
50 208
50 226
50 274
50 297
50 299
51 96
51 100
51 104
51 113
51 129
51 141
51 145
51 175
51 180
51 204
51 206
51 220
51 253
51 267
51 268
51 271
51 273
51 297
52 53
52 85
52 87
52 91
52 124
52 128
52 159
52 187
52 188
52 206
52 220
52 230
52 231
52 244
53 54
53 56
53 83
53 123
53 134
53 144
53 152
53 167
53 186
53 195
53 211
53 221
53 230
53 233
53 244
53 275
54 56
54 59
54 64
54 68
54 69
54 72
54 90
54 101
54 135
54 141
54 142
54 167
54 219
54 233
54 263
54 265
55 58
55 190
55 194
55 242
55 269
56 64
56 66
56 68
56 76
56 87
56 90
56 101
56 113
56 145
56 160
56 161
56 185
56 206
56 214
56 225
56 231
56 246
56 247
56 253
56 268
57 63
57 78
57 79
57 123
57 126
57 133
57 140
57 151
57 155
57 177
57 183
57 185
57 193
57 203
57 227
57 258
57 272
57 274
57 290
58 60
58 74
58 86
58 115
58 116
58 123
58 127
58 153
58 176
58 231
58 246
58 284
59 63
59 123
59 132
59 137
59 138
59 141
59 157
59 158
59 171
59 207
59 243
59 249
59 267
59 281
60 61
60 63
60 73
60 88
60 131
60 170
60 263
60 283
60 297
61 62
61 74
61 79
61 95
61 99
61 131
61 143
61 159
61 165
61 195
61 206
61 217
61 228
61 270
61 297
62 76
62 85
62 89
62 92
62 109
62 136
62 158
62 159
62 171
62 200
62 292
63 69
63 88
63 89
63 106
63 140
63 148
63 150
63 165
63 226
63 254
63 288
63 292
64 65
64 69
64 73
64 108
64 155
64 178
64 195
64 208
64 225
64 271
64 287
64 292
65 66
65 70
65 76
65 103
65 126
65 130
65 170
65 181
65 196
65 197
65 236
65 271
65 283
65 285
65 295
66 77
66 103
66 128
66 146
66 158
66 181
66 189
66 207
66 214
66 245
66 246
66 250
66 286
67 68
67 73
67 136
67 157
67 164
67 171
67 177
67 222
67 225
67 230
67 242
67 247
67 248
67 251
67 286
67 295
68 89
68 95
68 112
68 125
68 162
68 168
68 172
68 174
68 203
68 220
68 245
68 252
68 255
68 261
68 271
68 284
68 290
69 88
69 97
69 107
69 116
69 120
69 135
69 144
69 156
69 187
69 194
69 202
69 203
69 205
69 218
69 246
69 274
69 283
69 292
70 105
70 140
70 141
70 180
70 196
70 216
70 220
70 221
71 84
71 111
71 154
71 165
71 178
71 239
71 242
71 247
71 279
71 285
71 299
72 78
72 91
72 92
72 120
72 138
72 141
72 214
72 240
72 257
72 270
72 273
73 92
73 118
73 179
73 199
73 202
73 215
73 225
73 236
73 250
73 261
73 283
73 288
74 102
74 120
74 121
74 126
74 144
74 151
74 191
74 203
74 228
74 239
74 280
74 282
75 105
75 120
75 127
75 130
75 156
75 161
75 175
75 193
75 210
75 239
75 266
76 80
76 85
76 182
76 211
76 217
76 238
76 260
76 296
77 92
77 95
77 108
77 131
77 134
77 156
77 199
77 213
77 220
77 232
77 240
77 246
77 284
78 109
78 113
78 138
78 171
78 223
78 277
78 285
79 85
79 94
79 101
79 118
79 130
79 132
79 196
79 214
79 216
79 238
79 269
80 100
80 117
80 123
80 151
80 172
80 173
80 178
80 214
80 239
80 247
80 257
80 263
80 288
80 290
81 83
81 107
81 112
81 113
81 121
81 147
81 172
81 175
81 193
81 204
81 247
81 248
81 261
81 263
81 265
81 271
81 290
81 296
82 84
82 100
82 126
82 167
82 185
82 193
82 220
82 261
82 294
83 87
83 98
83 144
83 146
83 152
83 156
83 195
83 216
83 260
83 263
83 288
84 95
84 103
84 115
84 141
84 147
84 159
84 182
84 199
84 220
84 233
84 243
84 256
84 270
84 276
85 93
85 118
85 122
85 162
85 166
85 167
85 189
85 264
85 276
86 96
86 99
86 114
86 115
86 122
86 142
86 158
86 170
86 186
86 228
86 247
86 256
86 273
86 285
86 289
86 293
87 99
87 142
87 172
87 192
87 201
87 207
87 218
87 226
87 239
87 277
88 141
88 148
88 192
88 202
88 232
88 253
88 275
88 278
88 293
89 163
89 176
89 195
89 203
89 216
89 218
89 237
89 238
89 274
89 278
89 281
89 291
89 294
90 141
90 181
90 201
90 225
90 244
90 279
90 294
91 130
91 154
91 167
91 172
91 189
91 197
91 229
91 247
91 279
91 289
91 294
92 109
92 110
92 169
92 183
92 193
92 197
92 198
92 213
92 215
92 216
92 223
92 239
92 256
92 272
92 291
92 292
92 295
93 96
93 148
93 171
93 203
94 108
94 116
94 128
94 133
94 150
94 153
94 181
94 190
94 195
94 198
94 226
94 238
94 264
94 266
94 295
95 120
95 130
95 150
95 152
95 180
95 199
95 200
96 150
96 160
96 180
96 198
96 201
96 213
96 218
96 231
96 265
96 266
96 273
96 277
96 280
96 288
96 296
97 99
97 102
97 116
97 119
97 165
97 175
97 209
97 212
97 223
97 237
97 238
97 270
97 273
98 112
98 124
98 139
98 148
98 171
98 177
98 181
98 216
98 238
98 257
98 271
98 273
98 285
99 104
99 152
99 156
99 174
99 181
99 258
100 102
100 108
100 119
100 133
100 161
100 184
100 209
100 243
100 264
100 270
100 296
101 129
101 170
101 174
101 218
101 251
101 281
102 104
102 108
102 124
102 152
102 163
102 167
102 191
102 197
102 200
102 201
102 246
102 257
102 264
102 266
102 269
102 297
103 115
103 121
103 130
103 138
103 162
103 169
103 184
103 222
103 235
103 292
104 126
104 134
104 146
104 148
104 149
104 177
104 185
104 186
104 204
104 210
104 248
104 267
104 293
105 118
105 138
105 159
105 175
105 182
105 198
105 199
105 220
105 240
105 246
105 272
105 276
105 277
105 289
105 291
106 116
106 141
106 143
106 173
106 192
106 200
106 213
106 237
106 251
106 262
106 296
107 114
107 116
107 121
107 170
107 174
107 185
107 195
107 224
107 246
107 271
107 287
108 190
108 200
108 215
108 237
108 242
108 248
108 258
108 269
109 155
109 162
109 176
109 179
109 182
109 183
109 196
109 237
109 265
109 268
109 292
110 116
110 129
110 131
110 133
110 151
110 174
110 193
110 206
110 215
110 251
110 276
110 295
110 299
111 116
111 125
111 126
111 147
111 152
111 155
111 194
111 214
111 281
112 124
112 143
112 144
112 146
112 155
112 167
112 219
112 228
112 236
112 249
112 262
112 299
113 120
113 138
113 144
113 147
113 154
113 159
113 170
113 181
113 225
113 230
113 249
113 250
113 262
113 269
113 282
114 130
114 154
114 155
114 169
114 177
114 178
114 190
114 199
114 212
114 284
114 298
115 117
115 122
115 124
115 131
115 150
115 155
115 169
115 177
115 191
115 204
115 206
115 211
115 215
115 240
115 254
115 257
115 299
116 148
116 184
116 196
116 209
116 215
116 221
116 226
116 243
116 270
116 276
117 123
117 124
117 145
117 156
117 200
117 208
117 235
117 241
117 243
117 260
117 267
117 285
117 293
118 129
118 190
118 202
118 240
118 244
118 248
119 132
119 133
119 137
119 153
119 173
119 184
119 246
119 253
119 254
119 257
119 261
119 262
119 298
120 122
120 135
120 140
120 161
120 176
120 180
120 212
120 213
120 252
120 283
121 131
121 151
121 189
121 194
121 196
121 247
122 135
122 147
122 179
122 186
122 227
122 234
122 244
122 264
122 276
122 299
123 143
123 158
123 162
123 169
123 203
123 252
123 286
123 290
123 291
123 293
124 146
124 211
124 255
124 270
125 142
125 157
125 158
125 212
125 257
125 264
125 285
125 290
126 128
126 146
126 157
126 182
126 184
126 220
126 222
126 230
126 234
126 242
126 247
126 272
126 274
126 281
126 293
127 128
127 131
127 198
127 211
127 218
127 226
127 244
127 259
127 288
127 299
128 131
128 133
128 147
128 152
128 168
128 172
128 222
128 238
128 243
128 260
128 278
129 132
129 149
129 166
129 183
129 184
129 193
129 208
129 209
129 255
129 274
129 280
130 137
130 172
130 200
130 201
130 245
130 249
130 263
130 269
130 282
130 285
130 286
130 288
130 290
130 292
131 163
131 176
131 191
131 211
131 213
131 252
131 268
131 272
131 290
132 134
132 140
132 146
132 175
132 201
132 205
132 207
132 246
132 255
132 276
132 284
132 290
133 149
133 189
133 219
133 240
134 161
134 179
134 227
134 234
134 241
134 256
134 261
135 137
135 166
135 182
135 189
135 210
135 220
135 251
136 142
136 182
136 216
136 248
136 257
136 266
136 269
136 276
136 277
136 287
136 299
137 139
137 151
137 165
137 170
137 178
137 180
137 192
137 258
137 284
137 287
137 288
137 296
138 144
138 159
138 161
138 184
138 205
138 240
138 244
138 246
138 274
138 277
139 142
139 164
139 184
139 188
139 192
139 198
139 252
139 259
139 294
140 145
140 148
140 153
140 199
140 228
140 249
140 256
140 259
140 260
140 269
140 273
140 298
141 146
141 196
141 204
141 227
141 256
141 258
141 269
141 278
142 169
142 185
142 238
142 267
142 286
142 295
143 146
143 191
143 215
143 244
143 261
143 266
143 271
143 279
143 285
144 187
144 217
144 232
144 237
144 265
144 270
144 296
145 149
145 167
145 260
146 148
146 152
146 163
146 164
146 170
146 206
146 223
146 245
146 270
146 276
146 280
147 164
147 165
147 190
147 217
147 224
147 226
147 246
147 273
147 276
147 283
147 292
148 184
148 224
148 230
148 233
148 244
148 248
148 256
148 267
149 181
149 195
149 199
149 203
149 218
149 245
149 275
150 170
150 219
150 222
150 239
150 255
150 282
151 174
151 201
151 211
151 214
151 222
151 224
151 228
151 239
151 260
151 268
152 159
152 170
152 175
152 239
152 283
152 291
152 298
153 161
153 166
153 186
153 195
153 208
153 240
153 291
154 161
154 183
154 228
154 246
154 250
154 254
154 258
154 284
154 293
155 181
155 217
155 218
155 231
155 239
155 269
156 174
156 189
156 207
156 208
156 245
156 277
156 283
156 293
156 299
157 162
157 191
157 204
157 240
157 249
158 161
158 180
158 194
158 199
158 225
158 244
158 246
158 248
158 253
158 278
159 160
159 162
159 165
159 180
159 188
159 209
159 237
159 239
159 254
159 262
159 271
159 281
159 287
160 189
160 209
160 247
160 249
160 252
160 272
161 166
161 180
161 203
161 267
161 279
162 164
162 166
162 173
162 174
162 223
162 234
162 247
162 252
162 257
162 258
163 173
163 176
163 189
163 190
163 223
163 231
163 247
164 177
164 190
164 222
164 243
164 261
164 265
165 212
165 230
165 246
165 261
165 277
166 177
166 181
166 211
166 212
166 221
166 227
166 273
166 275
166 299
167 175
167 189
167 213
167 218
167 219
167 232
167 285
167 292
167 299
168 176
168 213
168 233
169 175
169 192
169 204
169 241
169 245
169 253
170 183
170 212
170 249
170 259
170 266
170 276
170 292
171 187
171 239
171 243
172 225
172 232
172 288
173 177
173 185
173 209
173 224
173 229
173 236
173 245
173 264
174 204
174 206
174 220
174 268
174 282
174 291
175 206
175 207
175 217
175 237
175 257
175 283
175 295
176 177
176 185
176 198
176 202
176 239
176 297
177 179
177 227
177 246
177 257
177 271
178 189
178 216
178 234
178 236
178 251
178 279
178 294
179 180
179 238
179 251
179 279
180 222
181 192
181 199
181 204
181 215
181 258
181 279
181 281
182 190
182 202
182 204
182 206
182 270
183 193
183 196
183 208
183 219
183 234
183 240
183 251
183 269
183 272
183 287
184 190
184 217
184 240
184 249
184 272
184 285
185 208
185 229
185 235
185 238
185 240
185 260
185 270
185 280
185 297
186 189
186 195
186 197
186 214
186 245
186 253
186 256
186 260
186 278
186 284
186 294
187 189
187 199
187 216
187 218
187 221
187 228
187 235
187 237
187 290
187 299
188 190
188 244
188 253
188 273
188 278
188 289
188 290
188 295
189 209
189 218
189 220
189 233
189 269
190 245
190 248
190 256
191 209
191 217
191 241
191 246
191 253
192 224
192 230
192 250
192 255
192 265
192 292
193 197
193 212
193 217
193 218
193 241
193 253
193 255
193 291
194 253
194 272
195 200
195 252
195 261
195 265
195 268
195 287
195 297
195 299
196 228
196 229
196 238
196 242
196 250
196 259
196 260
196 266
196 278
196 288
196 295
197 223
197 228
197 230
197 253
197 262
197 280
198 245
198 247
198 252
198 253
198 256
198 275
198 288
198 290
198 291
198 293
199 209
199 253
199 264
199 281
200 223
200 224
200 228
200 251
200 256
200 264
200 273
200 276
200 285
200 294
201 202
201 262
201 277
201 293
202 219
202 271
202 275
202 277
202 285
203 232
203 276
204 227
204 228
204 233
204 245
204 246
204 249
204 253
204 264
205 226
205 228
205 241
205 248
205 252
205 268
206 210
206 226
206 229
206 236
206 260
207 210
207 221
207 229
207 242
207 243
207 263
207 268
207 272
207 275
207 294
208 218
208 219
208 244
208 263
208 272
208 282
209 238
209 249
209 250
209 251
209 254
209 281
210 248
210 278
210 296
211 232
211 235
211 248
211 293
211 295
212 216
212 230
212 239
212 264
212 271
212 272
212 280
212 284
212 295
212 296
213 232
213 238
214 229
214 250
214 260
214 262
214 267
214 271
214 278
214 281
214 282
214 293
215 227
215 274
216 236
216 243
216 298
217 220
217 233
217 249
217 284
217 291
218 238
218 241
218 248
218 252
218 256
218 297
219 236
219 261
219 266
219 273
219 288
220 230
220 245
220 273
220 283
222 232
222 237
222 259
223 239
223 270
223 273
223 281
223 293
224 267
224 287
225 228
225 270
225 283
226 285
227 238
227 248
227 255
228 284
228 287
229 251
229 261
229 276
230 232
230 263
230 266
230 290
230 295
231 248
231 252
231 268
231 283
231 295
232 252
232 256
233 241
233 253
233 260
233 283
233 297
234 251
234 252
234 268
234 296
235 236
235 251
235 258
235 263
235 270
235 280
235 299
236 241
236 256
236 288
237 243
237 282
237 290
238 240
238 264
238 271
238 279
239 248
239 289
239 294
240 251
240 259
242 252
243 263
244 249
244 253
244 257
244 297
245 251
245 270
246 247
246 274
246 275
246 292
247 257
247 262
247 270
247 281
247 292
247 294
248 268
248 273
249 267
249 271
249 280
249 291
249 299
250 275
250 294
251 252
251 273
251 277
252 253
252 259
252 268
252 269
252 289
253 269
253 272
253 274
254 263
254 264
256 260
256 265
256 266
256 278
256 293
257 259
257 285
257 287
257 294
258 259
258 280
259 270
259 288
259 293
260 279
260 284
260 299
261 284
262 272
262 286
263 276
264 272
266 272
267 295
268 293
269 275
269 280
269 288
271 291
271 292
272 283
274 275
274 292
279 282
279 287
279 291
280 286
281 288
281 299
285 286
286 296
287 297
288 289
288 290
288 295
