400 10000
0 2
0 8
0 11
0 20
0 40
0 44
0 53
0 61
0 62
0 70
0 74
0 91
0 111
0 127
0 130
0 145
0 169
0 171
0 172
0 180
0 181
0 189
0 195
0 213
0 214
0 215
0 220
0 231
0 238
0 245
0 263
0 266
0 268
0 271
0 277
0 285
0 304
0 316
0 334
0 341
0 345
0 348
0 354
0 359
0 364
0 377
0 395
1 5
1 10
1 17
1 20
1 25
1 33
1 36
1 46
1 58
1 59
1 66
1 71
1 73
1 76
1 79
1 88
1 99
1 117
1 128
1 142
1 164
1 173
1 174
1 176
1 198
1 230
1 232
1 233
1 239
1 243
1 247
1 250
1 254
1 255
1 263
1 266
1 268
1 277
1 302
1 310
1 313
1 319
1 320
1 323
1 327
1 332
1 343
1 344
1 351
1 353
1 370
1 379
1 381
1 393
1 396
1 399
2 20
2 21
2 26
2 33
2 47
2 61
2 67
2 81
2 94
2 95
2 104
2 105
2 107
2 109
2 113
2 117
2 127
2 130
2 157
2 169
2 171
2 179
2 199
2 217
2 223
2 226
2 238
2 241
2 246
2 255
2 256
2 260
2 262
2 268
2 293
2 294
2 296
2 321
2 322
2 329
2 351
2 355
2 360
2 362
2 383
2 385
2 386
2 388
3 14
3 22
3 28
3 30
3 33
3 40
3 58
3 72
3 84
3 90
3 91
3 94
3 105
3 111
3 118
3 126
3 133
3 140
3 159
3 160
3 164
3 169
3 172
3 179
3 194
3 208
3 215
3 224
3 225
3 235
3 239
3 244
3 250
3 253
3 256
3 259
3 262
3 266
3 272
3 275
3 284
3 291
3 303
3 321
3 328
3 336
3 371
3 385
3 386
3 390
4 12
4 21
4 38
4 43
4 45
4 47
4 49
4 50
4 64
4 84
4 92
4 93
4 127
4 133
4 134
4 135
4 150
4 158
4 161
4 165
4 170
4 191
4 202
4 204
4 208
4 213
4 218
4 220
4 224
4 235
4 237
4 244
4 252
4 255
4 263
4 264
4 265
4 287
4 317
4 336
4 337
4 340
4 346
4 358
4 359
4 367
4 380
4 386
4 393
5 7
5 27
5 41
5 55
5 65
5 71
5 92
5 95
5 108
5 114
5 117
5 119
5 120
5 128
5 131
5 132
5 144
5 157
5 163
5 177
5 186
5 193
5 200
5 217
5 218
5 242
5 251
5 259
5 271
5 273
5 276
5 283
5 286
5 308
5 314
5 316
5 320
5 342
5 345
5 357
5 361
5 372
5 382
5 387
5 389
6 12
6 14
6 16
6 36
6 41
6 44
6 52
6 55
6 89
6 95
6 112
6 117
6 143
6 144
6 148
6 153
6 155
6 156
6 160
6 166
6 167
6 178
6 185
6 190
6 194
6 195
6 204
6 208
6 214
6 226
6 227
6 235
6 245
6 249
6 255
6 263
6 285
6 294
6 295
6 299
6 302
6 312
6 322
6 324
6 327
6 328
6 331
6 333
6 336
6 340
6 347
6 378
6 384
6 395
6 397
7 8
7 13
7 33
7 36
7 59
7 68
7 83
7 91
7 97
7 102
7 104
7 107
7 110
7 111
7 116
7 117
7 134
7 149
7 162
7 163
7 177
7 180
7 190
7 193
7 194
7 197
7 200
7 205
7 207
7 210
7 234
7 243
7 248
7 255
7 266
7 276
7 298
7 312
7 313
7 318
7 328
7 334
7 349
7 351
7 354
7 364
7 372
7 373
7 374
8 14
8 20
8 26
8 27
8 31
8 43
8 48
8 53
8 62
8 65
8 68
8 70
8 76
8 77
8 85
8 91
8 92
8 127
8 133
8 137
8 142
8 144
8 166
8 197
8 200
8 212
8 223
8 224
8 226
8 240
8 264
8 267
8 269
8 281
8 282
8 284
8 287
8 291
8 293
8 297
8 305
8 306
8 313
8 322
8 324
8 325
8 346
8 357
8 369
8 371
8 387
8 398
9 16
9 26
9 28
9 38
9 40
9 43
9 48
9 50
9 51
9 75
9 78
9 79
9 82
9 103
9 112
9 126
9 128
9 135
9 143
9 175
9 176
9 190
9 193
9 207
9 208
9 215
9 220
9 221
9 222
9 227
9 230
9 231
9 236
9 237
9 239
9 249
9 251
9 254
9 262
9 268
9 271
9 274
9 302
9 312
9 322
9 326
9 329
9 357
9 360
9 365
9 366
9 373
9 391
9 398
10 12
10 13
10 29
10 64
10 91
10 96
10 105
10 111
10 121
10 125
10 127
10 134
10 136
10 137
10 141
10 164
10 188
10 189
10 208
10 209
10 210
10 220
10 221
10 226
10 227
10 238
10 239
10 241
10 252
10 253
10 290
10 295
10 303
10 307
10 317
10 321
10 331
10 345
10 348
10 371
10 374
10 384
10 388
10 389
10 393
10 396
11 23
11 35
11 61
11 76
11 77
11 85
11 97
11 105
11 113
11 137
11 143
11 152
11 162
11 163
11 177
11 185
11 187
11 195
11 196
11 202
11 205
11 207
11 224
11 228
11 241
11 242
11 254
11 256
11 265
11 280
11 295
11 302
11 303
11 319
11 321
11 325
11 327
11 332
11 334
11 354
11 361
11 371
11 377
11 381
11 385
11 396
11 397
11 399
12 21
12 55
12 59
12 60
12 88
12 106
12 108
12 114
12 118
12 120
12 136
12 137
12 144
12 148
12 163
12 165
12 182
12 194
12 214
12 218
12 228
12 238
12 247
12 258
12 275
12 278
12 282
12 283
12 290
12 295
12 297
12 302
12 305
12 308
12 317
12 353
12 354
12 372
12 373
12 383
13 20
13 25
13 56
13 57
13 58
13 65
13 66
13 78
13 79
13 80
13 85
13 89
13 99
13 103
13 104
13 112
13 117
13 127
13 130
13 150
13 173
13 174
13 178
13 179
13 192
13 194
13 202
13 209
13 221
13 222
13 223
13 227
13 234
13 239
13 254
13 259
13 261
13 268
13 273
13 275
13 289
13 312
13 329
13 331
13 332
13 333
13 340
13 348
13 350
13 351
13 364
13 369
13 370
13 371
13 374
13 386
13 388
13 392
14 18
14 20
14 26
14 28
14 34
14 42
14 50
14 74
14 76
14 79
14 87
14 88
14 95
14 98
14 101
14 103
14 108
14 112
14 127
14 128
14 133
14 139
14 150
14 157
14 165
14 175
14 189
14 194
14 195
14 199
14 219
14 222
14 242
14 248
14 267
14 271
14 273
14 295
14 306
14 310
14 315
14 339
14 354
14 357
14 365
14 375
14 383
14 399
15 19
15 20
15 32
15 38
15 46
15 51
15 55
15 76
15 84
15 90
15 112
15 127
15 138
15 155
15 167
15 172
15 174
15 177
15 179
15 190
15 201
15 202
15 209
15 211
15 214
15 225
15 237
15 238
15 240
15 266
15 275
15 276
15 289
15 299
15 306
15 316
15 321
15 323
15 326
15 327
15 328
15 334
15 337
15 339
15 342
15 345
15 361
15 365
15 368
15 370
15 379
15 380
15 393
15 397
16 19
16 20
16 24
16 30
16 42
16 70
16 74
16 81
16 87
16 88
16 91
16 102
16 110
16 112
16 117
16 141
16 144
16 149
16 150
16 166
16 171
16 174
16 175
16 180
16 182
16 189
16 197
16 212
16 216
16 234
16 236
16 238
16 257
16 258
16 263
16 265
16 288
16 301
16 308
16 317
16 319
16 320
16 332
16 334
16 336
16 339
16 340
16 342
16 348
16 355
16 363
16 376
16 384
16 391
17 19
17 20
17 30
17 36
17 40
17 46
17 92
17 99
17 108
17 109
17 113
17 118
17 120
17 122
17 124
17 126
17 137
17 142
17 156
17 179
17 187
17 199
17 210
17 212
17 218
17 219
17 226
17 236
17 238
17 240
17 246
17 250
17 258
17 263
17 268
17 271
17 272
17 274
17 291
17 292
17 309
17 310
17 315
17 319
17 326
17 328
17 330
17 333
17 338
17 374
17 381
17 385
17 390
17 396
18 19
18 31
18 35
18 43
18 50
18 58
18 62
18 71
18 86
18 96
18 97
18 105
18 106
18 116
18 126
18 141
18 151
18 154
18 155
18 157
18 171
18 179
18 183
18 194
18 198
18 203
18 218
18 222
18 232
18 246
18 249
18 250
18 267
18 270
18 274
18 280
18 289
18 307
18 315
18 323
18 325
18 352
18 373
18 378
18 388
18 389
18 392
18 394
19 30
19 32
19 36
19 52
19 57
19 66
19 79
19 86
19 92
19 117
19 120
19 125
19 128
19 134
19 141
19 151
19 155
19 157
19 162
19 166
19 174
19 178
19 186
19 187
19 205
19 221
19 222
19 223
19 229
19 238
19 241
19 252
19 253
19 261
19 265
19 268
19 274
19 290
19 311
19 315
19 323
19 325
19 332
19 342
19 351
19 352
19 370
19 378
19 386
19 389
20 26
20 35
20 36
20 42
20 49
20 61
20 68
20 73
20 92
20 100
20 106
20 107
20 114
20 117
20 118
20 124
20 132
20 141
20 153
20 154
20 163
20 172
20 174
20 188
20 194
20 202
20 203
20 213
20 215
20 217
20 218
20 238
20 244
20 251
20 258
20 269
20 270
20 278
20 286
20 291
20 295
20 296
20 297
20 311
20 313
20 324
20 330
20 336
20 338
20 342
20 343
20 353
20 357
20 366
20 381
20 382
20 392
21 34
21 38
21 43
21 47
21 50
21 52
21 66
21 68
21 83
21 90
21 111
21 140
21 154
21 157
21 173
21 197
21 208
21 211
21 216
21 221
21 223
21 239
21 282
21 288
21 298
21 299
21 313
21 330
21 331
21 334
21 341
21 349
21 358
21 371
21 378
21 380
21 383
21 385
21 389
21 396
22 38
22 42
22 43
22 54
22 59
22 60
22 84
22 95
22 97
22 99
22 100
22 103
22 104
22 105
22 109
22 112
22 113
22 117
22 127
22 134
22 136
22 151
22 173
22 178
22 190
22 192
22 193
22 197
22 203
22 211
22 231
22 232
22 234
22 249
22 255
22 258
22 279
22 283
22 286
22 296
22 306
22 324
22 329
22 336
22 338
22 341
22 351
22 377
22 379
22 381
22 386
22 395
23 26
23 41
23 47
23 48
23 89
23 106
23 107
23 113
23 114
23 119
23 129
23 143
23 157
23 195
23 197
23 208
23 211
23 214
23 219
23 225
23 227
23 229
23 236
23 242
23 244
23 248
23 264
23 271
23 278
23 290
23 291
23 298
23 303
23 308
23 311
23 323
23 328
23 339
23 368
23 376
23 381
24 30
24 32
24 45
24 58
24 60
24 61
24 62
24 63
24 91
24 110
24 113
24 126
24 127
24 141
24 144
24 145
24 151
24 157
24 166
24 181
24 185
24 192
24 201
24 208
24 230
24 231
24 235
24 241
24 258
24 270
24 277
24 283
24 286
24 296
24 298
24 299
24 309
24 323
24 343
24 345
24 349
24 354
24 369
24 374
24 382
24 394
24 396
24 399
25 30
25 31
25 33
25 40
25 56
25 58
25 61
25 63
25 77
25 88
25 99
25 100
25 103
25 115
25 117
25 139
25 142
25 152
25 156
25 157
25 158
25 172
25 173
25 184
25 186
25 218
25 220
25 237
25 247
25 270
25 272
25 293
25 296
25 298
25 300
25 301
25 307
25 335
25 344
25 350
25 360
25 365
25 381
25 396
26 28
26 30
26 34
26 36
26 53
26 61
26 69
26 71
26 73
26 84
26 92
26 94
26 96
26 97
26 114
26 118
26 131
26 148
26 149
26 158
26 169
26 176
26 185
26 188
26 196
26 210
26 224
26 242
26 243
26 251
26 257
26 258
26 286
26 293
26 309
26 331
26 338
26 341
26 368
26 373
26 381
26 386
27 30
27 32
27 40
27 41
27 78
27 82
27 86
27 96
27 104
27 105
27 136
27 154
27 163
27 174
27 186
27 197
27 198
27 210
27 240
27 247
27 258
27 262
27 275
27 281
27 288
27 300
27 310
27 311
27 313
27 314
27 323
27 339
27 341
27 349
27 354
27 361
28 38
28 42
28 51
28 52
28 53
28 58
28 61
28 74
28 76
28 84
28 86
28 95
28 116
28 125
28 129
28 137
28 145
28 146
28 155
28 160
28 168
28 169
28 174
28 176
28 195
28 199
28 201
28 207
28 214
28 218
28 224
28 234
28 236
28 247
28 266
28 267
28 269
28 278
28 279
28 282
28 295
28 296
28 307
28 317
28 319
28 320
28 346
28 354
28 357
28 360
28 369
28 373
28 374
28 390
28 391
29 40
29 41
29 45
29 47
29 50
29 59
29 60
29 62
29 66
29 69
29 74
29 81
29 90
29 91
29 94
29 123
29 128
29 134
29 138
29 150
29 154
29 156
29 162
29 165
29 171
29 181
29 185
29 200
29 204
29 214
29 220
29 224
29 235
29 259
29 264
29 267
29 271
29 276
29 321
29 322
29 343
29 346
29 348
29 352
29 360
29 364
29 373
29 377
29 383
29 386
29 393
29 399
30 48
30 53
30 56
30 58
30 70
30 79
30 97
30 101
30 128
30 134
30 143
30 146
30 157
30 159
30 160
30 164
30 174
30 187
30 192
30 203
30 217
30 236
30 239
30 243
30 254
30 261
30 274
30 278
30 295
30 299
30 305
30 307
30 321
30 324
30 329
30 333
30 337
30 340
30 353
30 358
30 364
30 365
30 380
30 388
30 393
31 34
31 40
31 73
31 77
31 90
31 99
31 101
31 104
31 125
31 127
31 130
31 134
31 145
31 153
31 156
31 159
31 162
31 164
31 167
31 168
31 178
31 192
31 215
31 219
31 238
31 252
31 259
31 261
31 262
31 295
31 302
31 305
31 306
31 312
31 315
31 320
31 335
31 336
31 353
31 371
31 384
31 390
32 57
32 63
32 69
32 91
32 93
32 95
32 110
32 120
32 125
32 126
32 133
32 136
32 140
32 141
32 143
32 165
32 173
32 176
32 181
32 183
32 192
32 194
32 199
32 212
32 225
32 234
32 238
32 241
32 244
32 250
32 251
32 254
32 260
32 265
32 266
32 275
32 280
32 282
32 285
32 303
32 308
32 310
32 317
32 325
32 348
32 357
32 362
32 368
32 370
32 378
32 379
32 387
32 392
32 399
33 37
33 44
33 46
33 47
33 69
33 74
33 87
33 88
33 94
33 98
33 107
33 110
33 121
33 123
33 124
33 129
33 144
33 150
33 152
33 156
33 157
33 188
33 196
33 199
33 207
33 209
33 216
33 236
33 253
33 256
33 259
33 265
33 278
33 284
33 296
33 305
33 329
33 331
33 347
33 354
33 370
33 390
33 391
33 394
34 42
34 57
34 59
34 60
34 68
34 71
34 79
34 94
34 97
34 104
34 116
34 157
34 165
34 183
34 186
34 192
34 195
34 212
34 227
34 238
34 250
34 257
34 273
34 280
34 290
34 296
34 297
34 316
34 317
34 340
34 342
34 345
34 356
34 374
34 388
34 393
34 396
34 397
35 41
35 53
35 67
35 97
35 105
35 116
35 127
35 134
35 135
35 148
35 173
35 174
35 183
35 187
35 199
35 200
35 201
35 203
35 211
35 214
35 225
35 229
35 234
35 249
35 255
35 259
35 261
35 271
35 279
35 294
35 301
35 318
35 324
35 329
35 342
35 350
35 358
35 361
35 362
35 365
35 379
35 383
35 398
36 55
36 73
36 92
36 95
36 126
36 133
36 134
36 138
36 140
36 159
36 161
36 162
36 166
36 170
36 171
36 174
36 185
36 205
36 221
36 246
36 257
36 259
36 269
36 270
36 277
36 279
36 282
36 286
36 287
36 299
36 301
36 302
36 321
36 322
36 335
36 342
36 344
36 369
36 378
36 386
36 395
36 398
37 39
37 47
37 49
37 51
37 58
37 60
37 75
37 78
37 80
37 117
37 119
37 129
37 132
37 142
37 148
37 168
37 181
37 191
37 194
37 198
37 207
37 210
37 219
37 224
37 227
37 230
37 234
37 243
37 247
37 249
37 255
37 266
37 272
37 277
37 290
37 297
37 305
37 307
37 308
37 318
37 326
37 338
37 347
37 353
37 359
37 366
37 370
37 380
37 383
37 387
38 41
38 43
38 45
38 49
38 52
38 54
38 61
38 72
38 77
38 78
38 79
38 98
38 100
38 105
38 106
38 110
38 125
38 127
38 133
38 134
38 141
38 143
38 144
38 158
38 162
38 167
38 171
38 178
38 180
38 200
38 202
38 205
38 222
38 232
38 240
38 242
38 260
38 262
38 268
38 273
38 286
38 292
38 293
38 304
38 305
38 306
38 312
38 316
38 321
38 325
38 328
38 330
38 339
38 340
38 357
38 360
38 370
38 397
39 54
39 67
39 68
39 72
39 77
39 83
39 85
39 120
39 121
39 125
39 126
39 128
39 135
39 157
39 173
39 182
39 210
39 216
39 217
39 223
39 226
39 242
39 252
39 264
39 284
39 295
39 303
39 304
39 305
39 315
39 322
39 333
39 337
39 340
39 348
39 356
39 362
39 387
39 393
40 56
40 60
40 66
40 69
40 73
40 82
40 111
40 114
40 125
40 126
40 130
40 133
40 135
40 140
40 151
40 155
40 157
40 158
40 162
40 218
40 221
40 238
40 241
40 259
40 260
40 261
40 268
40 277
40 283
40 284
40 288
40 289
40 297
40 306
40 312
40 331
40 347
40 354
40 365
40 367
40 393
40 396
40 397
40 399
41 42
41 45
41 46
41 49
41 65
41 66
41 73
41 75
41 78
41 89
41 101
41 105
41 114
41 122
41 134
41 137
41 145
41 150
41 153
41 154
41 162
41 164
41 171
41 176
41 178
41 180
41 200
41 221
41 229
41 256
41 261
41 268
41 277
41 283
41 290
41 292
41 294
41 298
41 302
41 303
41 312
41 318
41 322
41 327
41 328
41 336
41 352
41 354
41 368
41 371
41 384
41 386
42 45
42 49
42 58
42 59
42 64
42 84
42 85
42 87
42 95
42 100
42 107
42 108
42 116
42 118
42 125
42 127
42 128
42 131
42 154
42 157
42 159
42 189
42 193
42 201
42 206
42 208
42 235
42 241
42 260
42 270
42 278
42 285
42 287
42 288
42 290
42 294
42 305
42 311
42 331
42 333
42 337
42 343
42 345
42 351
42 356
42 358
42 361
42 371
42 398
43 44
43 50
43 54
43 56
43 60
43 72
43 78
43 87
43 92
43 104
43 107
43 108
43 122
43 126
43 135
43 139
43 145
43 195
43 206
43 222
43 229
43 236
43 239
43 242
43 245
43 247
43 249
43 256
43 281
43 283
43 302
43 303
43 306
43 315
43 318
43 319
43 329
43 334
43 344
43 376
43 379
43 382
43 384
43 395
43 396
44 46
44 76
44 82
44 84
44 95
44 103
44 105
44 121
44 127
44 139
44 142
44 144
44 168
44 181
44 189
44 193
44 194
44 201
44 204
44 208
44 212
44 221
44 230
44 236
44 252
44 255
44 276
44 277
44 288
44 291
44 294
44 298
44 301
44 335
44 360
44 366
44 367
45 50
45 53
45 55
45 65
45 75
45 79
45 83
45 109
45 110
45 134
45 138
45 144
45 155
45 161
45 167
45 206
45 207
45 209
45 228
45 232
45 239
45 243
45 258
45 261
45 267
45 276
45 290
45 304
45 308
45 312
45 327
45 333
45 343
45 352
45 382
45 387
45 389
46 55
46 56
46 63
46 64
46 70
46 80
46 84
46 117
46 126
46 127
46 138
46 149
46 151
46 172
46 180
46 188
46 191
46 193
46 196
46 200
46 214
46 221
46 227
46 229
46 231
46 236
46 239
46 246
46 248
46 262
46 270
46 284
46 291
46 293
46 295
46 328
46 339
46 356
46 361
46 362
46 366
46 375
46 381
46 383
47 49
47 57
47 66
47 73
47 77
47 89
47 96
47 99
47 128
47 133
47 134
47 138
47 142
47 143
47 154
47 157
47 170
47 175
47 185
47 211
47 217
47 238
47 242
47 243
47 244
47 246
47 249
47 251
47 254
47 255
47 263
47 268
47 272
47 286
47 296
47 301
47 302
47 304
47 305
47 313
47 320
47 321
47 331
47 335
47 343
47 347
47 365
47 377
47 380
47 394
48 62
48 66
48 68
48 73
48 80
48 87
48 112
48 115
48 119
48 125
48 127
48 135
48 141
48 150
48 159
48 166
48 184
48 206
48 208
48 217
48 218
48 219
48 223
48 240
48 258
48 275
48 283
48 324
48 349
48 387
48 388
48 389
49 62
49 67
49 75
49 76
49 93
49 95
49 100
49 109
49 116
49 144
49 145
49 153
49 165
49 166
49 179
49 185
49 194
49 201
49 208
49 216
49 241
49 242
49 244
49 261
49 262
49 266
49 283
49 306
49 326
49 329
49 330
49 341
49 346
49 347
49 348
49 351
49 384
49 388
50 68
50 82
50 86
50 87
50 108
50 116
50 117
50 125
50 126
50 128
50 130
50 145
50 146
50 163
50 171
50 173
50 180
50 185
50 188
50 192
50 197
50 199
50 201
50 209
50 222
50 238
50 239
50 246
50 283
50 293
50 297
50 300
50 303
50 305
50 313
50 315
50 325
50 330
50 334
50 345
50 355
50 361
50 363
50 374
50 389
50 396
51 87
51 89
51 90
51 121
51 125
51 137
51 138
51 151
51 161
51 163
51 165
51 171
51 178
51 185
51 197
51 209
51 214
51 217
51 230
51 237
51 239
51 249
51 261
51 285
51 291
51 297
51 299
51 346
51 347
51 348
51 357
51 362
51 364
51 368
51 373
51 377
51 387
51 391
51 395
52 54
52 61
52 66
52 79
52 80
52 87
52 88
52 96
52 98
52 107
52 113
52 118
52 119
52 122
52 144
52 154
52 177
52 188
52 201
52 205
52 215
52 239
52 250
52 258
52 261
52 263
52 267
52 278
52 281
52 296
52 299
52 305
52 311
52 318
52 326
52 338
52 347
52 366
52 372
52 387
52 392
52 399
53 60
53 91
53 99
53 115
53 134
53 138
53 151
53 154
53 158
53 164
53 166
53 175
53 178
53 183
53 192
53 193
53 203
53 226
53 228
53 247
53 250
53 256
53 262
53 277
53 286
53 291
53 304
53 305
53 306
53 321
53 332
53 339
53 349
53 350
53 357
53 376
53 399
54 65
54 79
54 84
54 86
54 87
54 95
54 98
54 101
54 103
54 105
54 107
54 109
54 150
54 151
54 159
54 161
54 162
54 163
54 164
54 166
54 177
54 186
54 190
54 194
54 197
54 221
54 224
54 231
54 234
54 240
54 249
54 253
54 267
54 286
54 290
54 298
54 299
54 326
54 334
54 338
54 341
54 342
54 347
54 350
54 352
54 357
54 365
54 376
54 384
55 57
55 59
55 61
55 68
55 73
55 78
55 88
55 91
55 98
55 99
55 110
55 118
55 120
55 121
55 136
55 139
55 140
55 161
55 173
55 197
55 208
55 221
55 224
55 226
55 227
55 249
55 250
55 253
55 261
55 271
55 282
55 286
55 296
55 304
55 321
55 327
55 332
55 340
55 341
55 364
55 384
55 386
55 397
55 399
56 78
56 104
56 120
56 127
56 131
56 147
56 148
56 154
56 156
56 172
56 186
56 187
56 201
56 208
56 212
56 216
56 218
56 219
56 242
56 261
56 262
56 266
56 271
56 274
56 278
56 279
56 296
56 308
56 325
56 338
56 340
56 347
56 349
56 351
56 357
56 359
56 361
56 376
56 381
56 384
56 385
56 397
57 66
57 70
57 74
57 77
57 87
57 97
57 106
57 107
57 109
57 112
57 115
57 120
57 129
57 130
57 135
57 145
57 146
57 153
57 165
57 168
57 169
57 171
57 173
57 174
57 187
57 190
57 198
57 200
57 201
57 202
57 210
57 211
57 220
57 224
57 227
57 228
57 230
57 237
57 242
57 248
57 249
57 252
57 269
57 273
57 276
57 279
57 281
57 287
57 293
57 320
57 327
57 336
57 341
57 344
57 356
57 359
57 363
57 364
57 365
57 377
58 71
58 100
58 111
58 115
58 129
58 133
58 143
58 151
58 153
58 158
58 165
58 167
58 168
58 175
58 191
58 192
58 194
58 198
58 208
58 209
58 210
58 214
58 249
58 251
58 255
58 258
58 269
58 271
58 278
58 280
58 281
58 292
58 293
58 306
58 329
58 332
58 338
58 357
58 370
58 371
58 398
59 66
59 67
59 85
59 98
59 102
59 108
59 109
59 120
59 121
59 137
59 146
59 150
59 153
59 161
59 164
59 165
59 166
59 171
59 173
59 185
59 196
59 202
59 203
59 208
59 212
59 224
59 240
59 244
59 248
59 261
59 272
59 284
59 299
59 309
59 314
59 321
59 322
59 329
59 331
59 337
59 339
59 356
59 357
59 368
59 379
59 391
59 397
60 65
60 75
60 93
60 106
60 113
60 124
60 125
60 150
60 175
60 176
60 188
60 193
60 211
60 219
60 230
60 235
60 256
60 277
60 279
60 286
60 304
60 305
60 339
60 344
60 355
60 368
60 378
60 395
60 398
61 66
61 74
61 75
61 77
61 114
61 116
61 117
61 118
61 120
61 123
61 126
61 133
61 143
61 148
61 166
61 190
61 195
61 203
61 209
61 210
61 211
61 212
61 216
61 221
61 224
61 228
61 235
61 252
61 255
61 289
61 291
61 302
61 305
61 313
61 316
61 317
61 326
61 337
61 338
61 349
61 357
61 367
61 376
61 386
61 390
62 65
62 68
62 99
62 103
62 106
62 109
62 113
62 115
62 118
62 129
62 141
62 147
62 157
62 165
62 167
62 216
62 224
62 230
62 233
62 240
62 249
62 267
62 276
62 278
62 292
62 304
62 311
62 318
62 324
62 326
62 339
62 354
62 355
62 375
62 381
62 384
62 390
63 74
63 87
63 94
63 99
63 101
63 126
63 143
63 149
63 155
63 169
63 174
63 176
63 177
63 184
63 198
63 219
63 220
63 229
63 232
63 241
63 266
63 272
63 275
63 281
63 285
63 291
63 305
63 308
63 326
63 330
63 335
63 347
63 350
63 364
63 386
63 393
64 68
64 69
64 76
64 80
64 82
64 85
64 87
64 100
64 114
64 117
64 141
64 143
64 144
64 151
64 155
64 168
64 174
64 182
64 192
64 199
64 200
64 206
64 236
64 237
64 244
64 255
64 256
64 264
64 271
64 277
64 282
64 291
64 305
64 306
64 325
64 336
64 343
64 346
64 361
64 364
64 365
64 366
64 386
64 387
64 388
64 397
65 73
65 78
65 86
65 96
65 101
65 111
65 127
65 138
65 139
65 142
65 164
65 166
65 172
65 179
65 182
65 191
65 195
65 198
65 206
65 207
65 213
65 216
65 218
65 220
65 231
65 239
65 241
65 243
65 246
65 261
65 268
65 272
65 285
65 286
65 289
65 292
65 295
65 300
65 303
65 306
65 314
65 316
65 317
65 318
65 323
65 330
65 337
65 340
65 342
65 395
65 397
66 70
66 74
66 75
66 78
66 85
66 103
66 110
66 122
66 130
66 133
66 155
66 168
66 177
66 191
66 202
66 208
66 210
66 213
66 215
66 217
66 220
66 221
66 224
66 227
66 248
66 262
66 275
66 279
66 283
66 297
66 302
66 303
66 309
66 314
66 319
66 326
66 327
66 329
66 331
66 333
66 335
66 342
66 344
66 364
66 371
66 384
66 385
66 396
67 73
67 74
67 75
67 90
67 94
67 118
67 120
67 122
67 131
67 140
67 155
67 156
67 169
67 185
67 192
67 194
67 198
67 200
67 206
67 207
67 212
67 251
67 253
67 255
67 267
67 275
67 278
67 280
67 281
67 284
67 285
67 289
67 294
67 300
67 306
67 327
67 347
67 372
67 377
67 382
67 385
67 389
67 390
67 391
67 396
68 73
68 78
68 81
68 87
68 110
68 144
68 149
68 151
68 155
68 165
68 168
68 191
68 192
68 195
68 200
68 206
68 219
68 220
68 222
68 223
68 224
68 225
68 227
68 228
68 240
68 241
68 261
68 266
68 268
68 270
68 275
68 276
68 279
68 281
68 299
68 303
68 305
68 316
68 317
68 325
68 334
68 343
68 367
68 371
68 372
68 386
69 78
69 104
69 105
69 113
69 120
69 122
69 124
69 130
69 135
69 138
69 144
69 145
69 150
69 153
69 156
69 164
69 169
69 176
69 180
69 182
69 185
69 186
69 187
69 195
69 240
69 247
69 276
69 289
69 291
69 321
69 326
69 332
69 334
69 336
69 347
69 354
69 361
69 376
69 388
69 397
70 81
70 82
70 88
70 89
70 91
70 106
70 115
70 118
70 119
70 124
70 126
70 131
70 139
70 144
70 149
70 150
70 152
70 153
70 154
70 163
70 170
70 172
70 179
70 181
70 192
70 201
70 206
70 207
70 211
70 215
70 221
70 225
70 233
70 246
70 247
70 251
70 253
70 256
70 259
70 264
70 276
70 278
70 287
70 298
70 304
70 305
70 308
70 312
70 314
70 316
70 326
70 336
70 337
70 363
70 376
70 379
70 391
70 398
71 77
71 101
71 119
71 126
71 134
71 135
71 141
71 143
71 169
71 171
71 180
71 190
71 191
71 210
71 212
71 219
71 220
71 223
71 251
71 262
71 279
71 288
71 290
71 296
71 301
71 327
71 343
71 368
71 369
71 384
71 387
71 392
71 396
72 76
72 84
72 98
72 99
72 102
72 103
72 104
72 134
72 137
72 140
72 141
72 145
72 146
72 152
72 161
72 162
72 163
72 169
72 178
72 180
72 181
72 186
72 188
72 193
72 195
72 212
72 213
72 231
72 241
72 244
72 248
72 249
72 257
72 260
72 267
72 303
72 305
72 306
72 323
72 353
72 355
72 359
72 372
72 393
72 396
73 77
73 83
73 87
73 94
73 105
73 114
73 118
73 128
73 152
73 154
73 157
73 163
73 164
73 171
73 190
73 198
73 203
73 208
73 221
73 222
73 230
73 235
73 252
73 267
73 271
73 272
73 275
73 285
73 290
73 292
73 294
73 299
73 300
73 305
73 312
73 313
73 351
73 356
73 360
73 361
73 362
73 369
73 379
73 387
73 388
73 398
74 78
74 80
74 88
74 104
74 113
74 126
74 142
74 143
74 146
74 161
74 173
74 174
74 192
74 198
74 217
74 222
74 238
74 239
74 242
74 244
74 245
74 253
74 291
74 296
74 309
74 317
74 318
74 322
74 323
74 347
74 348
74 355
74 365
74 387
74 395
74 396
75 91
75 113
75 115
75 118
75 127
75 131
75 152
75 154
75 163
75 170
75 178
75 191
75 204
75 206
75 208
75 209
75 213
75 216
75 217
75 220
75 221
75 231
75 256
75 257
75 272
75 282
75 286
75 294
75 297
75 311
75 318
75 327
75 330
75 344
75 354
75 361
75 363
75 366
75 382
75 391
75 396
75 397
76 82
76 102
76 110
76 113
76 114
76 120
76 125
76 133
76 139
76 146
76 151
76 160
76 163
76 166
76 170
76 171
76 179
76 180
76 205
76 207
76 215
76 236
76 240
76 242
76 253
76 259
76 267
76 270
76 275
76 282
76 287
76 301
76 319
76 340
76 342
76 346
76 347
76 361
76 362
76 371
76 375
76 379
76 380
76 384
76 386
76 393
77 79
77 80
77 81
77 86
77 93
77 95
77 98
77 104
77 112
77 114
77 135
77 144
77 152
77 186
77 190
77 193
77 197
77 198
77 200
77 205
77 211
77 214
77 216
77 219
77 245
77 253
77 255
77 262
77 269
77 270
77 278
77 279
77 281
77 302
77 312
77 319
77 343
77 344
77 347
77 352
77 365
77 373
77 392
77 395
78 79
78 80
78 103
78 104
78 115
78 118
78 123
78 144
78 147
78 170
78 178
78 188
78 205
78 206
78 225
78 229
78 247
78 250
78 264
78 268
78 277
78 279
78 295
78 309
78 318
78 324
78 341
78 356
78 378
78 386
78 387
78 392
79 81
79 100
79 107
79 138
79 146
79 150
79 165
79 172
79 174
79 178
79 179
79 180
79 181
79 184
79 194
79 206
79 213
79 218
79 224
79 225
79 229
79 241
79 248
79 256
79 262
79 263
79 267
79 278
79 289
79 300
79 305
79 306
79 315
79 318
79 319
79 333
79 350
79 358
79 380
79 390
80 89
80 91
80 93
80 102
80 106
80 119
80 133
80 146
80 158
80 163
80 176
80 180
80 186
80 189
80 190
80 194
80 203
80 204
80 206
80 207
80 220
80 231
80 237
80 240
80 249
80 265
80 275
80 285
80 286
80 291
80 294
80 295
80 301
80 330
80 343
80 345
80 357
80 398
81 91
81 94
81 97
81 99
81 111
81 120
81 122
81 136
81 153
81 170
81 173
81 176
81 181
81 194
81 198
81 206
81 212
81 235
81 238
81 241
81 252
81 254
81 263
81 267
81 270
81 273
81 286
81 295
81 302
81 304
81 312
81 322
81 328
81 337
81 346
81 352
81 373
81 374
82 84
82 90
82 93
82 96
82 97
82 117
82 127
82 136
82 145
82 153
82 175
82 179
82 180
82 183
82 184
82 187
82 196
82 197
82 198
82 199
82 204
82 222
82 233
82 245
82 248
82 249
82 253
82 256
82 261
82 268
82 279
82 285
82 295
82 302
82 304
82 315
82 324
82 335
82 341
82 346
82 351
82 361
82 377
82 384
82 391
83 96
83 121
83 130
83 134
83 146
83 161
83 168
83 170
83 187
83 205
83 211
83 213
83 222
83 225
83 231
83 256
83 275
83 288
83 290
83 297
83 299
83 315
83 351
83 366
83 381
83 390
84 96
84 98
84 105
84 108
84 111
84 129
84 132
84 135
84 136
84 153
84 154
84 163
84 173
84 181
84 213
84 216
84 237
84 243
84 252
84 262
84 265
84 283
84 287
84 293
84 312
84 313
84 316
84 319
84 330
84 331
84 333
84 337
84 338
84 339
84 346
84 364
84 378
84 387
85 94
85 100
85 101
85 116
85 130
85 138
85 156
85 161
85 178
85 187
85 190
85 195
85 203
85 209
85 211
85 212
85 214
85 230
85 234
85 257
85 260
85 267
85 274
85 276
85 312
85 314
85 315
85 336
85 338
85 339
85 362
85 367
85 392
86 89
86 122
86 124
86 148
86 151
86 154
86 159
86 161
86 177
86 185
86 192
86 206
86 212
86 213
86 214
86 218
86 239
86 242
86 253
86 254
86 273
86 284
86 287
86 288
86 290
86 332
86 343
86 346
86 362
86 365
86 371
86 373
86 392
86 398
87 88
87 92
87 116
87 124
87 125
87 127
87 134
87 139
87 142
87 154
87 155
87 158
87 164
87 178
87 188
87 192
87 195
87 218
87 248
87 249
87 250
87 259
87 262
87 264
87 272
87 278
87 284
87 285
87 304
87 309
87 313
87 325
87 331
87 344
87 359
87 364
87 373
87 374
87 384
87 385
87 390
88 91
88 98
88 102
88 114
88 116
88 120
88 133
88 141
88 144
88 152
88 164
88 173
88 179
88 188
88 194
88 217
88 236
88 253
88 260
88 264
88 270
88 290
88 295
88 296
88 301
88 308
88 309
88 313
88 315
88 317
88 325
88 344
88 355
88 371
88 375
88 389
88 390
89 99
89 100
89 101
89 111
89 113
89 115
89 116
89 123
89 131
89 132
89 141
89 170
89 174
89 189
89 192
89 216
89 219
89 223
89 230
89 237
89 244
89 250
89 254
89 258
89 263
89 265
89 272
89 281
89 290
89 292
89 299
89 303
89 304
89 324
89 327
89 335
89 340
89 343
89 352
89 370
89 377
89 381
90 93
90 94
90 98
90 99
90 110
90 151
90 155
90 160
90 166
90 175
90 180
90 181
90 191
90 192
90 205
90 214
90 222
90 226
90 229
90 233
90 238
90 241
90 264
90 275
90 296
90 302
90 306
90 310
90 314
90 320
90 324
90 329
90 332
90 346
90 350
90 354
90 360
90 362
90 370
90 373
90 379
90 390
90 392
91 92
91 99
91 120
91 123
91 140
91 141
91 142
91 144
91 158
91 199
91 210
91 216
91 220
91 235
91 248
91 251
91 294
91 304
91 311
91 312
91 325
91 328
91 339
91 351
91 359
91 362
91 385
91 390
92 105
92 107
92 116
92 121
92 126
92 143
92 150
92 165
92 184
92 195
92 204
92 224
92 227
92 239
92 243
92 262
92 266
92 267
92 270
92 279
92 286
92 292
92 298
92 319
92 328
92 333
92 340
92 359
92 362
92 363
92 365
92 367
92 373
92 376
92 377
92 387
92 392
92 395
92 396
93 116
93 118
93 119
93 140
93 142
93 178
93 180
93 182
93 200
93 204
93 224
93 237
93 239
93 240
93 255
93 260
93 265
93 278
93 281
93 287
93 307
93 319
93 327
93 331
93 364
93 386
93 387
94 100
94 109
94 112
94 122
94 133
94 134
94 148
94 158
94 181
94 222
94 231
94 232
94 235
94 247
94 263
94 277
94 280
94 283
94 293
94 299
94 306
94 322
94 332
94 334
94 337
94 378
94 380
94 392
95 105
95 122
95 140
95 144
95 156
95 160
95 169
95 175
95 185
95 192
95 198
95 207
95 211
95 215
95 219
95 227
95 251
95 259
95 285
95 294
95 333
95 336
95 337
95 342
95 358
95 367
95 395
96 107
96 116
96 123
96 146
96 148
96 155
96 162
96 173
96 176
96 192
96 193
96 197
96 198
96 205
96 207
96 215
96 226
96 227
96 231
96 237
96 241
96 246
96 248
96 251
96 258
96 263
96 267
96 273
96 285
96 288
96 289
96 299
96 300
96 304
96 316
96 323
96 324
96 333
96 338
96 341
96 342
96 343
96 353
96 363
96 369
96 372
96 375
96 392
97 101
97 110
97 119
97 165
97 170
97 171
97 176
97 185
97 189
97 194
97 195
97 204
97 207
97 224
97 227
97 230
97 243
97 244
97 254
97 284
97 287
97 290
97 291
97 297
97 306
97 317
97 335
97 340
97 341
97 357
97 359
97 360
97 362
97 372
97 384
97 399
98 100
98 136
98 159
98 170
98 180
98 198
98 202
98 226
98 228
98 242
98 251
98 254
98 259
98 269
98 279
98 316
98 323
98 325
98 329
98 337
98 355
98 357
98 366
99 105
99 109
99 110
99 113
99 119
99 126
99 130
99 132
99 177
99 192
99 196
99 205
99 216
99 222
99 234
99 249
99 258
99 271
99 278
99 280
99 283
99 295
99 300
99 309
99 323
99 325
99 328
99 331
99 332
99 339
99 344
99 346
99 350
99 352
99 355
99 383
100 101
100 104
100 114
100 117
100 121
100 125
100 131
100 136
100 149
100 152
100 155
100 157
100 161
100 174
100 179
100 188
100 189
100 192
100 219
100 221
100 227
100 237
100 242
100 252
100 253
100 270
100 274
100 278
100 293
100 302
100 313
100 323
100 354
100 375
100 385
100 389
101 115
101 117
101 120
101 124
101 137
101 141
101 146
101 152
101 161
101 166
101 169
101 174
101 177
101 181
101 191
101 238
101 242
101 245
101 254
101 255
101 266
101 271
101 273
101 274
101 277
101 303
101 321
101 348
101 358
101 359
101 368
101 371
101 375
101 383
102 115
102 123
102 127
102 128
102 133
102 134
102 144
102 157
102 162
102 187
102 200
102 213
102 215
102 228
102 247
102 255
102 262
102 266
102 268
102 272
102 279
102 292
102 301
102 304
102 313
102 337
102 344
102 345
102 368
102 372
102 378
102 395
102 397
102 398
103 107
103 112
103 124
103 134
103 142
103 158
103 169
103 174
103 182
103 187
103 190
103 191
103 196
103 198
103 205
103 219
103 223
103 225
103 232
103 244
103 257
103 266
103 269
103 274
103 283
103 294
103 304
103 319
103 323
103 326
103 330
103 331
103 333
103 345
103 386
103 398
104 118
104 119
104 135
104 137
104 138
104 145
104 146
104 162
104 164
104 166
104 168
104 172
104 177
104 189
104 193
104 204
104 205
104 207
104 210
104 215
104 220
104 232
104 253
104 255
104 265
104 277
104 282
104 283
104 285
104 286
104 293
104 294
104 295
104 296
104 310
104 312
104 320
104 321
104 323
104 327
104 329
104 330
104 354
104 366
104 369
104 377
104 390
105 110
105 111
105 121
105 150
105 152
105 155
105 166
105 167
105 172
105 183
105 185
105 198
105 221
105 223
105 224
105 233
105 249
105 268
105 286
105 290
105 292
105 297
105 309
105 322
105 325
105 328
105 332
105 344
105 346
105 368
105 395
105 399
106 107
106 147
106 155
106 157
106 159
106 168
106 169
106 176
106 188
106 204
106 206
106 212
106 225
106 235
106 241
106 248
106 262
106 270
106 274
106 291
106 294
106 297
106 300
106 303
106 305
106 308
106 319
106 320
106 332
106 342
106 357
106 382
106 384
106 390
107 108
107 109
107 126
107 138
107 139
107 167
107 170
107 181
107 188
107 199
107 208
107 213
107 226
107 248
107 252
107 262
107 284
107 286
107 297
107 306
107 319
107 322
107 323
107 328
107 355
107 361
107 363
107 374
107 377
107 379
107 395
108 124
108 130
108 140
108 157
108 158
108 160
108 161
108 165
108 170
108 172
108 178
108 188
108 191
108 211
108 213
108 229
108 239
108 249
108 250
108 254
108 257
108 260
108 273
108 274
108 275
108 281
108 287
108 299
108 303
108 307
108 309
108 312
108 317
108 318
108 336
108 337
108 343
108 344
108 350
108 356
108 372
108 380
108 387
108 393
109 118
109 144
109 145
109 147
109 152
109 153
109 163
109 166
109 171
109 173
109 179
109 180
109 186
109 218
109 220
109 225
109 233
109 235
109 243
109 245
109 253
109 257
109 260
109 261
109 268
109 274
109 281
109 293
109 307
109 313
109 315
109 318
109 320
109 322
109 323
109 326
109 329
109 346
109 348
109 350
109 366
109 368
109 377
109 386
109 387
109 388
110 111
110 164
110 167
110 178
110 207
110 210
110 216
110 224
110 233
110 252
110 255
110 256
110 259
110 264
110 265
110 268
110 272
110 273
110 275
110 278
110 298
110 316
110 322
110 323
110 347
110 354
110 362
110 374
110 384
111 130
111 133
111 137
111 138
111 158
111 161
111 163
111 173
111 177
111 185
111 196
111 203
111 208
111 246
111 252
111 259
111 269
111 271
111 278
111 280
111 286
111 291
111 292
111 324
111 338
111 339
111 343
111 349
111 351
111 362
111 368
111 376
111 382
111 388
111 390
112 114
112 115
112 118
112 143
112 145
112 153
112 162
112 212
112 213
112 221
112 227
112 230
112 238
112 242
112 262
112 266
112 267
112 288
112 296
112 297
112 298
112 317
112 327
112 329
112 336
112 338
112 340
112 343
112 355
112 384
112 386
112 397
113 119
113 144
113 148
113 151
113 152
113 153
113 154
113 169
113 182
113 186
113 208
113 210
113 216
113 221
113 223
113 230
113 231
113 250
113 252
113 284
113 285
113 288
113 300
113 303
113 311
113 323
113 327
113 359
113 360
113 363
113 370
113 381
113 392
113 399
114 125
114 144
114 153
114 155
114 157
114 179
114 181
114 182
114 187
114 194
114 199
114 203
114 204
114 207
114 242
114 245
114 247
114 260
114 265
114 286
114 291
114 295
114 296
114 314
114 318
114 319
114 324
114 325
114 331
114 342
114 351
114 352
114 353
114 358
114 395
114 398
114 399
115 147
115 151
115 162
115 165
115 169
115 172
115 173
115 176
115 189
115 190
115 198
115 200
115 202
115 209
115 212
115 249
115 257
115 269
115 281
115 291
115 308
115 317
115 323
115 337
115 355
115 385
115 388
115 389
115 394
115 398
116 141
116 154
116 173
116 197
116 202
116 240
116 241
116 251
116 258
116 259
116 270
116 271
116 272
116 273
116 275
116 277
116 278
116 287
116 293
116 297
116 301
116 353
116 363
116 365
116 378
116 381
116 398
117 121
117 122
117 136
117 137
117 161
117 171
117 174
117 175
117 177
117 180
117 191
117 193
117 194
117 231
117 238
117 245
117 246
117 260
117 261
117 266
117 269
117 270
117 280
117 282
117 284
117 308
117 311
117 314
117 328
117 331
117 347
117 357
117 362
117 363
117 373
117 374
117 384
117 385
117 390
118 136
118 146
118 151
118 161
118 163
118 167
118 204
118 205
118 209
118 211
118 214
118 222
118 229
118 230
118 250
118 268
118 279
118 289
118 302
118 307
118 308
118 310
118 321
118 322
118 326
118 331
118 332
118 338
118 355
118 356
118 359
118 361
118 379
118 385
118 390
118 396
119 126
119 138
119 142
119 150
119 163
119 172
119 184
119 186
119 188
119 193
119 199
119 210
119 217
119 225
119 227
119 235
119 237
119 240
119 241
119 259
119 263
119 271
119 278
119 282
119 286
119 291
119 300
119 311
119 312
119 313
119 326
119 334
119 339
119 342
119 349
119 363
119 371
119 376
119 380
119 384
119 395
119 396
120 123
120 135
120 143
120 157
120 190
120 205
120 206
120 215
120 217
120 232
120 251
120 265
120 266
120 278
120 281
120 282
120 288
120 291
120 296
120 304
120 313
120 314
120 330
120 331
120 335
120 344
120 358
120 378
120 381
120 388
120 397
121 136
121 150
121 152
121 153
121 156
121 159
121 167
121 177
121 180
121 187
121 190
121 194
121 197
121 215
121 238
121 239
121 242
121 251
121 254
121 259
121 274
121 279
121 282
121 285
121 297
121 310
121 312
121 314
121 320
121 331
121 348
121 355
121 362
121 370
121 374
121 377
121 380
121 387
121 391
121 392
121 393
121 399
122 125
122 130
122 152
122 181
122 197
122 199
122 213
122 219
122 223
122 230
122 232
122 246
122 256
122 264
122 265
122 269
122 270
122 271
122 295
122 309
122 312
122 330
122 336
122 350
122 370
122 387
122 397
123 140
123 141
123 150
123 153
123 154
123 156
123 180
123 181
123 186
123 194
123 203
123 205
123 220
123 223
123 230
123 239
123 241
123 258
123 262
123 273
123 279
123 282
123 290
123 303
123 307
123 309
123 315
123 329
123 331
123 339
123 356
123 358
123 371
123 377
123 397
124 136
124 137
124 140
124 144
124 148
124 153
124 159
124 170
124 175
124 185
124 190
124 201
124 209
124 215
124 242
124 253
124 257
124 279
124 280
124 292
124 296
124 297
124 303
124 329
124 338
124 339
124 342
124 350
124 353
124 365
124 374
124 376
124 388
124 391
124 398
125 126
125 127
125 135
125 139
125 147
125 155
125 162
125 170
125 171
125 172
125 173
125 178
125 186
125 198
125 203
125 208
125 210
125 214
125 219
125 221
125 230
125 232
125 251
125 272
125 292
125 295
125 303
125 306
125 315
125 327
125 335
125 338
125 340
125 342
125 343
125 349
125 352
125 361
125 362
125 376
125 378
125 383
126 147
126 172
126 175
126 184
126 200
126 202
126 207
126 209
126 237
126 244
126 255
126 257
126 258
126 288
126 291
126 294
126 295
126 296
126 305
126 307
126 319
126 342
126 347
126 349
126 357
126 380
126 383
126 386
126 392
127 131
127 135
127 140
127 182
127 192
127 195
127 202
127 210
127 225
127 230
127 248
127 270
127 272
127 275
127 277
127 289
127 308
127 309
127 313
127 322
127 346
127 349
127 360
127 369
127 376
127 377
127 389
127 390
127 391
127 399
128 129
128 138
128 145
128 161
128 166
128 169
128 170
128 187
128 190
128 204
128 206
128 208
128 211
128 213
128 214
128 215
128 221
128 232
128 250
128 266
128 272
128 284
128 291
128 292
128 297
128 307
128 337
128 345
128 353
128 372
128 388
129 134
129 136
129 139
129 158
129 159
129 162
129 174
129 176
129 182
129 185
129 186
129 188
129 190
129 192
129 197
129 234
129 235
129 263
129 265
129 266
129 267
129 276
129 282
129 289
129 295
129 299
129 307
129 321
129 350
129 358
129 368
129 371
129 374
129 393
129 399
130 147
130 148
130 152
130 165
130 170
130 173
130 178
130 185
130 192
130 199
130 204
130 210
130 218
130 227
130 236
130 241
130 250
130 251
130 261
130 267
130 294
130 309
130 315
130 319
130 326
130 329
130 337
130 345
130 352
130 357
130 363
130 366
130 377
130 394
131 148
131 154
131 158
131 159
131 164
131 169
131 170
131 188
131 197
131 210
131 220
131 234
131 242
131 248
131 262
131 266
131 270
131 271
131 274
131 279
131 306
131 310
131 331
131 334
131 347
131 351
131 354
131 358
131 359
131 364
131 366
131 367
131 377
131 392
131 393
131 394
132 133
132 136
132 142
132 144
132 154
132 182
132 189
132 193
132 199
132 209
132 211
132 223
132 227
132 228
132 236
132 249
132 257
132 260
132 266
132 270
132 271
132 276
132 277
132 282
132 289
132 291
132 292
132 309
132 323
132 329
132 336
132 348
132 353
132 358
132 361
132 362
132 378
132 379
132 389
133 143
133 145
133 147
133 164
133 170
133 174
133 179
133 180
133 188
133 212
133 215
133 218
133 230
133 242
133 244
133 245
133 248
133 263
133 272
133 284
133 294
133 298
133 309
133 331
133 346
133 351
133 358
133 380
133 390
133 391
133 396
134 137
134 138
134 150
134 156
134 162
134 167
134 170
134 191
134 199
134 206
134 215
134 216
134 231
134 232
134 244
134 256
134 279
134 302
134 309
134 319
134 321
134 323
134 324
134 331
134 332
134 335
134 339
134 348
134 351
134 352
134 356
134 362
134 368
134 369
134 371
134 378
134 384
134 385
135 136
135 144
135 146
135 151
135 153
135 155
135 159
135 172
135 178
135 179
135 183
135 207
135 217
135 219
135 221
135 242
135 246
135 248
135 265
135 269
135 273
135 287
135 292
135 293
135 296
135 300
135 301
135 302
135 305
135 307
135 308
135 314
135 318
135 331
135 351
135 363
135 366
135 373
135 374
135 386
135 387
135 393
135 399
136 153
136 159
136 160
136 162
136 172
136 174
136 184
136 204
136 211
136 218
136 222
136 223
136 231
136 239
136 254
136 257
136 269
136 273
136 297
136 299
136 307
136 324
136 327
136 335
136 343
136 350
136 365
136 367
136 391
136 394
137 146
137 148
137 160
137 162
137 165
137 170
137 192
137 196
137 200
137 201
137 220
137 221
137 222
137 224
137 246
137 248
137 266
137 267
137 269
137 281
137 282
137 283
137 294
137 295
137 297
137 302
137 315
137 316
137 322
137 327
137 330
137 337
137 339
137 341
137 342
137 350
137 357
137 372
137 373
137 374
137 379
137 387
137 392
137 395
138 142
138 146
138 149
138 175
138 177
138 179
138 184
138 203
138 209
138 231
138 260
138 262
138 281
138 290
138 291
138 300
138 308
138 317
138 318
138 322
138 323
138 331
138 332
138 340
138 349
138 352
138 362
138 364
138 370
138 383
139 143
139 151
139 159
139 164
139 172
139 177
139 179
139 189
139 191
139 192
139 206
139 207
139 214
139 217
139 226
139 235
139 236
139 246
139 253
139 258
139 272
139 289
139 294
139 324
139 351
139 352
139 353
139 362
139 363
139 370
139 371
139 386
139 387
139 388
139 393
139 398
140 146
140 150
140 160
140 173
140 196
140 198
140 203
140 216
140 222
140 232
140 267
140 270
140 285
140 295
140 296
140 311
140 312
140 319
140 335
140 358
140 392
140 394
140 396
140 399
141 145
141 160
141 171
141 184
141 187
141 194
141 204
141 208
141 212
141 225
141 228
141 232
141 234
141 236
141 243
141 245
141 255
141 258
141 263
141 264
141 265
141 290
141 292
141 295
141 297
141 318
141 321
141 327
141 345
141 346
141 350
141 355
141 356
141 358
141 361
141 368
141 387
141 397
141 398
142 150
142 157
142 161
142 168
142 170
142 172
142 199
142 206
142 215
142 221
142 227
142 245
142 247
142 249
142 250
142 252
142 258
142 273
142 284
142 289
142 298
142 299
142 304
142 307
142 309
142 313
142 325
142 348
142 352
142 385
142 395
142 397
143 153
143 176
143 182
143 184
143 199
143 203
143 212
143 219
143 227
143 231
143 239
143 243
143 248
143 253
143 255
143 258
143 261
143 267
143 279
143 284
143 294
143 297
143 308
143 309
143 312
143 313
143 319
143 330
143 357
143 361
143 366
143 368
143 371
143 399
144 152
144 153
144 159
144 169
144 172
144 191
144 192
144 198
144 207
144 220
144 235
144 239
144 247
144 270
144 279
144 288
144 289
144 333
144 335
144 336
144 346
144 374
144 383
144 397
145 147
145 151
145 154
145 162
145 166
145 188
145 199
145 207
145 213
145 246
145 265
145 272
145 286
145 288
145 293
145 296
145 303
145 311
145 315
145 324
145 339
145 351
145 356
145 376
145 378
145 386
145 388
146 160
146 162
146 166
146 202
146 204
146 205
146 206
146 240
146 241
146 248
146 249
146 250
146 251
146 272
146 277
146 280
146 283
146 286
146 298
146 311
146 313
146 330
146 374
146 376
146 389
146 391
147 155
147 156
147 170
147 174
147 185
147 186
147 198
147 201
147 220
147 221
147 233
147 253
147 262
147 268
147 273
147 292
147 296
147 299
147 318
147 320
147 330
147 333
147 341
147 345
147 349
147 353
147 379
147 382
147 399
148 159
148 161
148 168
148 169
148 172
148 176
148 191
148 204
148 205
148 212
148 215
148 235
148 237
148 240
148 262
148 263
148 267
148 276
148 277
148 280
148 288
148 301
148 304
148 309
148 311
148 313
148 335
148 337
148 340
148 362
148 381
148 397
148 398
149 150
149 153
149 180
149 182
149 204
149 211
149 220
149 230
149 244
149 262
149 270
149 279
149 281
149 285
149 299
149 315
149 324
149 332
149 337
149 341
149 344
149 351
149 352
149 360
149 366
149 374
149 377
149 382
149 397
150 170
150 181
150 185
150 232
150 234
150 239
150 246
150 248
150 252
150 258
150 268
150 276
150 290
150 300
150 308
150 309
150 311
150 312
150 324
150 333
150 335
150 338
150 347
150 348
150 370
150 375
150 378
150 380
150 383
150 396
151 154
151 158
151 176
151 193
151 194
151 207
151 222
151 224
151 229
151 230
151 248
151 266
151 302
151 306
151 318
151 322
151 323
151 329
151 340
151 343
151 356
151 358
151 370
151 373
151 376
151 393
151 396
151 398
152 157
152 172
152 179
152 182
152 186
152 198
152 201
152 209
152 211
152 213
152 216
152 219
152 234
152 245
152 248
152 250
152 253
152 268
152 270
152 281
152 288
152 289
152 290
152 295
152 299
152 305
152 317
152 326
152 327
152 330
152 333
152 342
152 349
152 375
152 377
152 378
152 387
152 389
153 161
153 163
153 164
153 173
153 175
153 178
153 179
153 183
153 193
153 195
153 199
153 207
153 210
153 212
153 216
153 217
153 223
153 226
153 230
153 231
153 252
153 265
153 266
153 272
153 283
153 310
153 333
153 334
153 338
153 343
153 345
153 361
153 362
153 366
153 371
153 374
153 376
153 389
153 393
153 397
154 172
154 197
154 214
154 225
154 226
154 231
154 248
154 254
154 261
154 263
154 272
154 279
154 280
154 293
154 296
154 297
154 302
154 310
154 311
154 316
154 317
154 318
154 324
154 325
154 333
154 334
154 337
154 348
154 349
154 355
154 358
154 359
154 366
154 369
154 388
155 162
155 164
155 166
155 168
155 174
155 179
155 186
155 202
155 203
155 215
155 225
155 226
155 235
155 240
155 242
155 244
155 261
155 263
155 273
155 284
155 292
155 298
155 299
155 303
155 307
155 310
155 312
155 314
155 336
155 340
155 343
155 360
155 372
155 377
155 385
155 398
156 157
156 169
156 171
156 183
156 193
156 200
156 205
156 206
156 209
156 220
156 224
156 225
156 238
156 241
156 242
156 249
156 263
156 264
156 270
156 279
156 286
156 292
156 297
156 304
156 307
156 317
156 332
156 336
156 350
156 353
156 368
156 371
156 378
156 384
156 387
157 159
157 172
157 173
157 177
157 180
157 184
157 188
157 189
157 197
157 204
157 224
157 247
157 261
157 265
157 281
157 285
157 286
157 306
157 311
157 324
157 333
157 334
157 337
157 338
157 341
157 348
157 350
157 358
157 360
157 369
157 381
157 388
157 389
158 161
158 164
158 170
158 187
158 215
158 220
158 232
158 234
158 239
158 240
158 247
158 254
158 258
158 261
158 264
158 266
158 275
158 281
158 307
158 311
158 315
158 316
158 333
158 348
158 362
158 366
158 377
158 379
159 164
159 180
159 186
159 192
159 194
159 197
159 198
159 204
159 223
159 229
159 233
159 241
159 245
159 251
159 253
159 254
159 255
159 267
159 270
159 278
159 282
159 283
159 286
159 291
159 297
159 305
159 312
159 314
159 318
159 323
159 339
159 346
159 347
159 352
159 357
159 366
159 375
159 381
159 382
159 393
160 164
160 165
160 167
160 184
160 190
160 194
160 197
160 207
160 215
160 217
160 221
160 228
160 260
160 272
160 277
160 293
160 306
160 317
160 328
160 354
160 365
160 381
160 386
160 395
161 163
161 170
161 171
161 180
161 181
161 199
161 200
161 213
161 226
161 230
161 231
161 249
161 250
161 252
161 260
161 286
161 288
161 289
161 294
161 317
161 319
161 327
161 329
161 331
161 336
161 354
161 361
161 364
161 376
161 381
161 383
161 388
161 397
162 173
162 184
162 191
162 197
162 208
162 224
162 243
162 255
162 272
162 280
162 286
162 290
162 294
162 301
162 303
162 314
162 316
162 338
162 339
162 344
162 350
162 357
162 368
162 376
162 382
162 387
162 390
163 175
163 178
163 179
163 190
163 191
163 207
163 209
163 225
163 240
163 249
163 252
163 296
163 299
163 315
163 317
163 324
163 330
163 334
163 336
163 343
163 360
163 365
163 369
163 373
163 375
163 379
163 384
163 396
163 399
164 179
164 190
164 191
164 203
164 210
164 216
164 230
164 246
164 249
164 251
164 263
164 266
164 281
164 296
164 304
164 312
164 314
164 317
164 325
164 351
164 355
164 359
164 371
164 372
164 389
165 168
165 174
165 177
165 190
165 204
165 206
165 208
165 211
165 212
165 267
165 281
165 287
165 305
165 306
165 310
165 327
165 332
165 341
165 352
165 354
165 357
165 358
165 371
165 372
165 396
165 397
166 175
166 184
166 199
166 212
166 224
166 226
166 229
166 231
166 233
166 235
166 238
166 246
166 251
166 258
166 264
166 265
166 269
166 286
166 296
166 300
166 306
166 317
166 326
166 336
166 346
166 347
166 361
166 363
166 368
166 373
167 175
167 193
167 198
167 204
167 206
167 250
167 252
167 257
167 278
167 282
167 284
167 300
167 311
167 334
167 336
167 354
167 356
167 364
167 365
167 367
167 368
167 376
167 399
168 175
168 185
168 188
168 189
168 197
168 200
168 208
168 213
168 217
168 234
168 237
168 254
168 262
168 263
168 269
168 275
168 284
168 291
168 302
168 304
168 312
168 315
168 337
168 341
168 355
168 358
168 377
168 386
168 390
168 395
168 396
169 170
169 178
169 206
169 249
169 255
169 260
169 263
169 266
169 278
169 282
169 290
169 298
169 299
169 308
169 325
169 333
169 337
169 338
169 342
169 349
169 354
169 368
169 381
169 383
169 387
169 398
170 174
170 185
170 211
170 231
170 238
170 240
170 245
170 247
170 249
170 252
170 271
170 287
170 288
170 297
170 298
170 306
170 320
170 326
170 329
170 337
170 340
170 343
170 346
170 349
170 350
170 352
170 357
170 358
170 365
170 371
171 175
171 185
171 192
171 193
171 194
171 198
171 205
171 207
171 211
171 218
171 235
171 245
171 249
171 252
171 253
171 260
171 263
171 266
171 273
171 276
171 281
171 290
171 292
171 295
171 301
171 302
171 303
171 319
171 321
171 329
171 333
171 338
171 339
171 342
171 345
171 358
171 359
171 361
171 376
171 387
171 388
171 393
172 178
172 180
172 186
172 197
172 202
172 216
172 217
172 228
172 237
172 261
172 280
172 292
172 294
172 309
172 315
172 321
172 322
172 329
172 336
172 338
172 344
172 357
172 358
172 376
172 380
172 392
173 190
173 196
173 206
173 209
173 242
173 275
173 279
173 281
173 306
173 313
173 314
173 318
173 321
173 330
173 333
173 351
173 354
173 355
173 381
173 389
173 391
173 397
174 176
174 177
174 187
174 203
174 205
174 208
174 220
174 222
174 236
174 239
174 241
174 243
174 246
174 249
174 265
174 286
174 289
174 299
174 327
174 340
174 350
174 353
174 356
174 379
174 382
174 391
175 185
175 186
175 191
175 211
175 214
175 222
175 224
175 245
175 246
175 254
175 263
175 265
175 267
175 269
175 271
175 288
175 291
175 298
175 316
175 317
175 336
175 344
175 348
175 376
175 380
175 387
175 395
176 183
176 187
176 188
176 191
176 192
176 195
176 200
176 201
176 209
176 215
176 217
176 220
176 234
176 273
176 277
176 280
176 292
176 293
176 305
176 312
176 319
176 320
176 326
176 333
176 337
176 338
176 343
176 347
176 367
176 374
176 380
176 388
177 179
177 188
177 193
177 194
177 204
177 217
177 234
177 243
177 271
177 273
177 279
177 285
177 287
177 290
177 302
177 307
177 308
177 309
177 319
177 320
177 321
177 323
177 327
177 328
177 340
177 346
177 350
177 354
177 375
177 383
178 199
178 200
178 203
178 219
178 231
178 240
178 247
178 249
178 251
178 264
178 278
178 280
178 286
178 291
178 303
178 312
178 315
178 322
178 332
178 341
178 362
178 366
178 398
179 182
179 191
179 198
179 215
179 223
179 232
179 240
179 242
179 254
179 255
179 261
179 264
179 271
179 275
179 277
179 281
179 309
179 319
179 320
179 333
179 346
179 347
179 350
179 360
179 378
179 387
179 388
179 389
179 390
179 394
180 189
180 194
180 198
180 199
180 205
180 211
180 212
180 227
180 232
180 238
180 245
180 248
180 251
180 253
180 254
180 258
180 265
180 266
180 269
180 302
180 313
180 315
180 319
180 321
180 330
180 345
180 351
180 363
180 384
180 391
181 192
181 199
181 203
181 211
181 222
181 225
181 241
181 244
181 255
181 257
181 258
181 266
181 271
181 277
181 280
181 282
181 289
181 293
181 314
181 324
181 327
181 331
181 352
181 356
181 372
181 381
181 386
181 397
182 189
182 201
182 202
182 226
182 250
182 252
182 271
182 278
182 300
182 305
182 307
182 309
182 334
182 342
182 349
182 359
182 374
182 384
182 387
183 188
183 192
183 196
183 200
183 218
183 223
183 225
183 226
183 235
183 239
183 241
183 261
183 263
183 264
183 267
183 269
183 286
183 300
183 310
183 316
183 317
183 326
183 334
183 341
183 357
183 374
183 375
183 388
184 190
184 206
184 216
184 228
184 234
184 239
184 266
184 267
184 269
184 291
184 292
184 296
184 345
184 356
184 364
184 365
184 379
184 395
185 200
185 202
185 209
185 221
185 223
185 225
185 231
185 250
185 253
185 263
185 269
185 276
185 304
185 306
185 317
185 318
185 325
185 336
185 339
185 354
185 378
186 189
186 190
186 191
186 192
186 194
186 218
186 235
186 236
186 243
186 256
186 259
186 260
186 264
186 266
186 280
186 281
186 287
186 289
186 291
186 292
186 298
186 301
186 305
186 314
186 319
186 330
186 336
186 339
186 342
186 354
186 357
186 360
186 367
186 373
186 391
187 190
187 199
187 211
187 222
187 225
187 230
187 236
187 246
187 253
187 254
187 283
187 285
187 286
187 291
187 299
187 313
187 320
187 331
187 335
187 337
187 349
187 351
187 353
187 364
187 371
187 375
187 383
187 385
187 390
188 189
188 193
188 209
188 217
188 228
188 230
188 258
188 263
188 270
188 272
188 287
188 300
188 304
188 311
188 333
188 337
188 346
188 351
188 353
188 354
188 355
188 359
188 360
188 372
188 374
188 376
188 382
188 388
188 394
189 194
189 197
189 198
189 216
189 226
189 233
189 235
189 256
189 262
189 267
189 271
189 273
189 276
189 279
189 283
189 301
189 307
189 314
189 316
189 319
189 327
189 330
189 331
189 334
189 335
189 345
189 357
189 359
189 361
189 365
189 368
189 379
189 383
189 385
189 391
189 395
189 397
190 207
190 208
190 218
190 247
190 249
190 251
190 283
190 287
190 301
190 302
190 307
190 308
190 311
190 325
190 327
190 350
190 359
190 378
190 379
190 380
190 386
190 389
190 395
191 192
191 219
191 223
191 226
191 241
191 251
191 260
191 263
191 264
191 272
191 273
191 281
191 290
191 302
191 306
191 313
191 329
191 349
191 364
191 378
191 391
191 398
192 213
192 232
192 240
192 242
192 248
192 252
192 260
192 263
192 267
192 270
192 277
192 298
192 307
192 312
192 316
192 320
192 326
192 327
192 328
192 334
192 352
192 369
192 385
192 390
192 395
192 398
193 207
193 222
193 224
193 232
193 242
193 254
193 259
193 267
193 269
193 274
193 283
193 285
193 292
193 297
193 307
193 309
193 320
193 326
193 341
193 351
193 359
193 365
193 372
193 381
193 384
193 387
193 395
193 397
194 209
194 215
194 234
194 243
194 249
194 262
194 265
194 275
194 280
194 312
194 313
194 323
194 325
194 342
194 344
194 353
194 358
194 362
194 367
194 370
194 376
194 381
194 387
194 389
194 392
195 196
195 198
195 204
195 225
195 235
195 247
195 259
195 261
195 268
195 274
195 275
195 284
195 307
195 313
195 318
195 321
195 324
195 326
195 328
195 331
195 354
195 355
195 374
195 386
195 390
195 396
195 397
196 203
196 208
196 210
196 212
196 217
196 223
196 224
196 270
196 289
196 290
196 297
196 299
196 306
196 308
196 311
196 325
196 331
196 338
196 344
196 352
196 353
196 381
196 383
196 391
197 198
197 202
197 222
197 238
197 243
197 246
197 249
197 260
197 271
197 283
197 286
197 292
197 306
197 317
197 326
197 337
197 341
197 347
197 349
197 361
197 362
197 372
197 374
197 379
197 381
197 388
197 395
198 201
198 206
198 231
198 234
198 250
198 259
198 265
198 274
198 286
198 292
198 297
198 308
198 317
198 338
198 341
198 345
198 359
198 362
198 364
198 365
198 369
198 370
198 379
198 389
198 393
199 202
199 213
199 217
199 231
199 238
199 244
199 257
199 269
199 291
199 295
199 337
199 349
199 354
199 359
199 365
199 384
200 204
200 211
200 212
200 214
200 217
200 221
200 226
200 249
200 255
200 261
200 264
200 281
200 306
200 309
200 314
200 316
200 317
200 320
200 336
200 338
200 341
200 342
200 344
200 364
200 367
200 383
200 386
200 393
201 210
201 220
201 230
201 232
201 238
201 240
201 252
201 275
201 279
201 280
201 292
201 294
201 297
201 299
201 304
201 326
201 339
201 342
201 344
201 362
201 363
201 375
201 379
201 385
201 389
202 206
202 208
202 211
202 213
202 214
202 225
202 229
202 249
202 264
202 277
202 290
202 298
202 312
202 321
202 337
202 342
202 347
202 349
202 354
202 356
202 360
202 361
202 369
202 374
202 375
202 377
202 378
202 381
203 204
203 211
203 212
203 215
203 223
203 240
203 263
203 270
203 276
203 277
203 282
203 283
203 293
203 298
203 332
203 336
203 339
203 352
203 368
203 371
203 372
203 380
203 394
203 398
203 399
204 206
204 208
204 210
204 216
204 217
204 223
204 236
204 252
204 256
204 265
204 270
204 273
204 286
204 289
204 292
204 294
204 303
204 306
204 321
204 323
204 336
204 342
204 345
204 350
204 359
204 363
204 374
204 383
204 393
205 214
205 236
205 246
205 248
205 251
205 252
205 259
205 288
205 304
205 307
205 310
205 312
205 317
205 323
205 337
205 351
205 361
205 368
205 372
205 386
206 210
206 217
206 220
206 238
206 252
206 260
206 263
206 269
206 290
206 295
206 307
206 314
206 315
206 330
206 352
206 361
206 368
206 369
206 381
206 390
206 391
206 393
206 398
207 208
207 251
207 259
207 260
207 261
207 265
207 282
207 293
207 303
207 306
207 307
207 316
207 318
207 330
207 338
207 340
207 342
207 352
207 353
207 355
207 361
207 363
207 382
207 385
208 219
208 220
208 228
208 231
208 233
208 234
208 236
208 249
208 253
208 274
208 283
208 286
208 304
208 309
208 314
208 324
208 325
208 330
208 333
208 347
208 352
208 358
208 361
208 386
209 215
209 227
209 228
209 231
209 232
209 238
209 240
209 241
209 254
209 256
209 272
209 280
209 282
209 285
209 293
209 298
209 303
209 305
209 318
209 322
209 326
209 336
209 340
209 351
209 384
209 397
210 220
210 230
210 231
210 234
210 236
210 247
210 257
210 272
210 285
210 288
210 293
210 295
210 300
210 303
210 309
210 330
210 337
210 338
210 342
210 344
210 352
210 371
210 373
210 375
210 389
210 393
210 397
210 399
211 212
211 215
211 219
211 221
211 229
211 232
211 237
211 247
211 252
211 258
211 259
211 263
211 276
211 301
211 307
211 308
211 317
211 321
211 323
211 325
211 335
211 357
211 364
211 388
211 393
211 397
212 219
212 223
212 225
212 236
212 237
212 255
212 281
212 283
212 285
212 289
212 310
212 319
212 340
212 348
212 349
212 364
212 369
212 371
212 374
212 377
212 381
212 388
212 391
212 397
213 218
213 224
213 235
213 247
213 254
213 255
213 282
213 296
213 300
213 304
213 317
213 329
213 330
213 331
213 336
213 338
213 356
213 360
213 361
213 379
213 386
214 216
214 217
214 223
214 226
214 231
214 238
214 302
214 310
214 314
214 315
214 317
214 326
214 347
214 354
214 356
214 384
215 226
215 227
215 236
215 237
215 241
215 245
215 265
215 291
215 292
215 295
215 296
215 299
215 301
215 306
215 316
215 317
215 328
215 339
215 347
215 360
215 363
215 383
215 388
215 389
215 398
216 219
216 223
216 229
216 239
216 240
216 243
216 251
216 259
216 267
216 271
216 278
216 290
216 315
216 316
216 319
216 327
216 342
216 348
216 369
216 394
217 221
217 224
217 226
217 227
217 232
217 240
217 243
217 258
217 260
217 269
217 270
217 276
217 277
217 279
217 283
217 284
217 299
217 308
217 314
217 328
217 331
217 333
217 360
217 365
217 366
217 369
217 374
217 376
217 384
217 385
217 389
217 396
218 226
218 230
218 251
218 255
218 258
218 281
218 286
218 291
218 308
218 314
218 324
218 335
218 338
218 342
218 348
218 354
218 356
218 363
218 369
218 375
218 386
219 222
219 224
219 225
219 226
219 231
219 238
219 246
219 267
219 271
219 278
219 289
219 292
219 293
219 295
219 303
219 340
219 351
219 352
219 357
219 358
219 360
219 366
219 371
219 374
220 222
220 223
220 226
220 250
220 252
220 261
220 274
220 285
220 309
220 310
220 311
220 315
220 344
220 370
220 371
220 378
220 386
221 230
221 242
221 251
221 258
221 271
221 281
221 292
221 293
221 294
221 298
221 306
221 336
221 358
221 372
221 399
222 230
222 235
222 236
222 237
222 243
222 253
222 266
222 282
222 292
222 297
222 303
222 310
222 321
222 323
222 328
222 331
222 338
222 340
222 342
222 345
222 350
222 351
222 371
222 373
222 376
222 379
222 385
222 389
222 396
222 397
223 231
223 240
223 255
223 280
223 284
223 285
223 292
223 302
223 312
223 313
223 329
223 338
223 342
223 344
223 350
223 356
223 365
223 376
223 396
224 226
224 235
224 238
224 240
224 246
224 261
224 276
224 286
224 287
224 294
224 309
224 311
224 331
224 332
224 349
224 358
224 363
224 367
224 388
224 396
224 397
225 229
225 240
225 242
225 251
225 288
225 306
225 318
225 319
225 320
225 330
225 332
225 338
225 350
225 356
225 359
225 367
225 377
225 381
225 387
225 390
225 397
226 232
226 240
226 263
226 264
226 269
226 283
226 291
226 292
226 293
226 298
226 305
226 322
226 348
226 354
226 357
226 358
226 361
226 362
226 370
226 373
226 380
226 381
226 384
226 388
226 393
227 233
227 234
227 238
227 243
227 245
227 250
227 252
227 253
227 254
227 266
227 272
227 279
227 284
227 295
227 300
227 314
227 321
227 324
227 329
227 335
227 341
227 356
227 391
227 396
228 229
228 238
228 241
228 244
228 255
228 268
228 276
228 280
228 285
228 289
228 292
228 300
228 304
228 305
228 328
228 350
228 366
228 379
228 386
228 390
229 247
229 252
229 256
229 266
229 280
229 281
229 293
229 294
229 303
229 322
229 327
229 330
229 338
229 343
229 353
229 355
229 362
229 369
229 375
229 379
229 380
229 385
229 397
229 399
230 231
230 243
230 252
230 258
230 279
230 295
230 297
230 306
230 308
230 310
230 333
230 350
230 352
230 357
230 359
230 377
230 384
230 386
230 391
231 233
231 235
231 252
231 259
231 263
231 267
231 289
231 302
231 309
231 319
231 325
231 332
231 338
231 351
231 360
231 363
231 366
231 382
232 233
232 251
232 303
232 311
232 314
232 315
232 316
232 320
232 323
232 324
232 327
232 328
232 333
232 348
232 352
232 353
232 366
232 378
232 385
232 387
233 241
233 257
233 261
233 272
233 284
233 285
233 297
233 301
233 313
233 323
233 343
233 351
233 366
233 369
233 373
233 374
233 378
233 381
233 388
233 389
233 391
234 242
234 248
234 273
234 281
234 283
234 286
234 287
234 301
234 307
234 309
234 315
234 325
234 361
234 367
234 374
234 375
234 377
234 378
234 380
234 387
234 388
234 390
234 395
234 397
234 398
235 240
235 242
235 244
235 245
235 265
235 268
235 277
235 279
235 285
235 289
235 293
235 317
235 318
235 321
235 330
235 340
235 341
235 348
235 357
235 363
235 367
235 379
235 393
235 396
235 399
236 237
236 246
236 252
236 265
236 274
236 277
236 290
236 291
236 303
236 306
236 326
236 335
236 340
236 369
236 395
236 396
237 241
237 248
237 257
237 274
237 275
237 276
237 293
237 305
237 309
237 310
237 342
237 348
237 349
237 353
237 372
237 374
237 375
237 383
237 384
237 385
237 395
238 248
238 256
238 258
238 263
238 270
238 277
238 294
238 312
238 316
238 334
238 336
238 343
238 346
238 347
238 348
238 351
238 356
238 367
238 369
238 371
239 243
239 245
239 247
239 249
239 253
239 256
239 279
239 307
239 315
239 323
239 331
239 338
239 341
239 352
239 356
239 370
239 378
239 388
239 396
239 397
240 244
240 245
240 246
240 255
240 258
240 263
240 266
240 269
240 274
240 278
240 279
240 280
240 283
240 284
240 304
240 323
240 341
240 354
240 356
240 360
240 364
240 385
240 389
240 391
240 392
241 248
241 253
241 259
241 262
241 265
241 276
241 277
241 300
241 314
241 318
241 321
241 327
241 348
241 349
241 358
241 359
241 361
241 364
241 371
241 375
241 378
241 379
241 387
241 392
242 246
242 248
242 257
242 261
242 264
242 298
242 313
242 322
242 326
242 336
242 355
242 359
242 364
242 366
242 386
242 387
242 392
242 393
242 398
243 248
243 249
243 253
243 268
243 281
243 282
243 283
243 287
243 290
243 291
243 296
243 297
243 307
243 308
243 316
243 322
243 334
243 336
243 338
243 339
243 343
243 347
243 352
243 366
243 370
243 372
243 375
243 383
244 245
244 266
244 273
244 282
244 284
244 294
244 296
244 298
244 299
244 301
244 311
244 321
244 329
244 330
244 332
244 337
244 340
244 341
244 348
244 361
244 372
244 374
244 388
244 399
245 254
245 259
245 266
245 293
245 308
245 314
245 315
245 324
245 348
245 353
245 354
245 355
245 358
245 362
245 374
245 393
245 395
246 252
246 259
246 266
246 291
246 298
246 305
246 307
246 313
246 330
246 335
246 342
246 355
246 361
246 369
246 374
246 375
246 391
247 257
247 270
247 278
247 285
247 287
247 290
247 291
247 292
247 295
247 299
247 312
247 313
247 318
247 320
247 322
247 331
247 340
247 341
247 349
247 354
247 363
247 369
247 370
247 384
247 386
247 388
247 390
247 391
247 399
248 252
248 255
248 257
248 260
248 262
248 278
248 280
248 286
248 288
248 290
248 292
248 300
248 301
248 313
248 317
248 320
248 334
248 341
248 343
248 351
248 368
248 370
248 371
248 372
248 380
248 388
248 389
249 260
249 266
249 269
249 297
249 306
249 310
249 311
249 321
249 322
249 323
249 327
249 337
249 343
249 354
249 363
249 381
250 253
250 256
250 257
250 258
250 260
250 263
250 268
250 273
250 278
250 287
250 295
250 318
250 324
250 331
250 332
250 335
250 344
250 358
250 366
250 395
250 399
251 254
251 261
251 276
251 296
251 313
251 315
251 320
251 341
251 342
251 347
251 349
251 363
251 370
251 371
251 374
251 379
251 382
251 384
251 394
251 398
252 266
252 277
252 279
252 284
252 290
252 303
252 306
252 316
252 321
252 322
252 333
252 339
252 343
252 345
252 349
252 351
252 353
252 392
253 278
253 285
253 305
253 306
253 316
253 317
253 324
253 328
253 333
253 335
253 338
253 356
253 380
253 398
254 258
254 262
254 268
254 273
254 277
254 286
254 294
254 309
254 320
254 325
254 336
254 355
254 356
254 360
254 362
254 378
254 395
255 257
255 261
255 262
255 263
255 275
255 280
255 283
255 288
255 298
255 308
255 314
255 316
255 329
255 340
255 353
255 361
255 369
255 379
255 381
255 388
255 393
255 397
255 399
256 279
256 287
256 293
256 294
256 306
256 319
256 320
256 368
256 376
256 377
256 385
256 397
257 260
257 263
257 273
257 282
257 291
257 322
257 323
257 348
257 364
257 365
257 385
257 391
258 261
258 262
258 264
258 274
258 276
258 290
258 291
258 323
258 335
258 362
258 364
258 377
258 391
259 264
259 267
259 299
259 302
259 344
259 359
259 363
259 365
259 371
259 374
259 377
259 381
259 382
259 392
260 264
260 267
260 273
260 275
260 282
260 287
260 289
260 303
260 304
260 310
260 321
260 326
260 334
260 345
260 359
260 361
260 362
260 363
260 365
260 366
260 374
260 379
260 391
261 267
261 279
261 280
261 284
261 293
261 315
261 327
261 340
261 360
261 375
261 376
261 378
261 385
261 386
261 394
261 396
262 265
262 272
262 274
262 277
262 295
262 301
262 309
262 310
262 322
262 325
262 345
262 348
262 357
262 362
262 384
262 398
263 265
263 273
263 276
263 277
263 282
263 285
263 320
263 332
263 335
263 339
263 341
263 347
263 349
263 353
263 363
263 369
263 379
263 382
263 390
263 392
263 394
264 273
264 285
264 291
264 295
264 304
264 314
264 315
264 317
264 338
264 353
264 359
264 361
264 373
265 278
265 282
265 284
265 288
265 290
265 292
265 293
265 296
265 315
265 319
265 325
265 331
265 368
265 375
265 382
265 399
266 272
266 273
266 274
266 276
266 287
266 290
266 293
266 302
266 310
266 311
266 314
266 328
266 331
266 332
266 335
266 336
266 355
266 381
266 385
266 391
267 275
267 280
267 284
267 289
267 293
267 298
267 308
267 326
267 336
267 338
267 372
267 373
267 374
267 378
267 386
267 393
267 398
268 277
268 279
268 294
268 297
268 322
268 329
268 353
268 366
268 382
268 388
268 393
268 394
269 278
269 291
269 322
269 323
269 333
269 359
269 360
269 366
269 374
269 386
269 391
270 288
270 290
270 298
270 303
270 306
270 313
270 337
270 359
270 361
270 366
270 373
270 376
270 393
271 285
271 286
271 289
271 290
271 295
271 314
271 318
271 323
271 330
271 332
271 333
271 338
271 351
271 354
271 360
271 364
271 373
271 383
271 389
271 391
271 393
272 278
272 283
272 286
272 302
272 309
272 312
272 323
272 329
272 335
272 348
272 353
272 357
272 362
272 369
272 399
273 281
273 285
273 286
273 287
273 295
273 315
273 322
273 334
273 336
273 338
273 352
273 357
273 359
273 375
273 381
273 383
273 386
273 394
274 283
274 289
274 294
274 301
274 304
274 316
274 341
274 346
274 358
274 366
274 376
274 379
274 392
274 394
275 290
275 297
275 303
275 309
275 315
275 333
275 349
275 352
275 365
275 373
275 374
275 375
275 389
275 390
275 398
275 399
276 280
276 284
276 291
276 295
276 297
276 320
276 335
276 345
276 352
276 355
276 377
276 386
277 298
277 313
277 318
277 344
277 347
277 355
277 366
277 367
277 369
277 376
277 384
277 385
277 387
277 390
277 394
277 397
278 294
278 321
278 333
278 334
278 349
278 351
278 358
278 365
278 370
278 372
278 379
278 380
278 383
279 284
279 290
279 293
279 317
279 318
279 333
279 337
279 357
279 374
279 382
279 383
279 384
279 386
279 388
279 392
279 395
280 285
280 293
280 303
280 312
280 314
280 318
280 328
280 331
280 335
280 345
280 349
280 356
280 358
280 362
280 363
280 371
280 372
280 385
280 386
281 288
281 291
281 295
281 304
281 316
281 319
281 332
281 374
281 375
281 386
281 387
282 294
282 297
282 302
282 312
282 348
282 350
282 363
282 370
282 379
282 381
282 384
282 395
283 289
283 309
283 311
283 313
283 329
283 340
283 347
283 357
283 360
283 362
283 363
283 367
283 377
283 382
283 387
283 398
284 285
284 288
284 292
284 294
284 297
284 313
284 315
284 323
284 328
284 330
284 338
284 350
284 351
284 359
284 369
284 370
284 372
284 374
284 377
284 383
284 384
284 388
284 394
284 396
285 297
285 299
285 309
285 316
285 321
285 324
285 339
285 348
285 350
285 354
285 359
285 390
285 392
285 394
286 290
286 311
286 314
286 316
286 330
286 340
286 372
286 376
286 383
286 387
286 390
286 394
287 292
287 293
287 301
287 311
287 313
287 318
287 337
287 342
287 364
287 366
287 377
287 379
287 383
287 385
287 393
287 395
288 292
288 295
288 297
288 305
288 306
288 309
288 328
288 335
288 344
288 348
288 350
288 374
288 375
288 376
288 378
288 386
288 387
288 395
289 292
289 293
289 296
289 299
289 304
289 311
289 314
289 326
289 330
289 332
289 342
289 352
289 354
289 363
289 365
289 370
289 391
290 291
290 301
290 302
290 309
290 322
290 326
290 333
290 336
290 341
290 343
290 364
290 365
290 383
290 386
290 391
291 312
291 316
291 318
291 322
291 330
291 346
291 349
291 367
291 378
291 393
291 396
292 298
292 321
292 323
292 332
292 334
292 335
292 340
292 344
292 345
292 347
292 365
292 368
292 378
292 384
292 391
292 396
293 301
293 315
293 322
293 341
293 350
293 356
293 385
293 391
293 399
294 300
294 308
294 316
294 317
294 319
294 329
294 340
294 346
294 349
294 350
294 364
294 370
294 375
294 383
294 387
294 395
294 396
294 397
294 398
295 305
295 306
295 319
295 322
295 331
295 352
295 359
295 360
295 362
295 395
295 397
296 308
296 334
296 336
296 338
296 363
296 377
296 383
297 304
297 312
297 317
297 320
297 338
297 342
297 368
297 369
297 371
297 379
297 384
297 386
297 398
297 399
298 307
298 317
298 330
298 338
298 340
298 365
298 370
298 396
299 311
299 315
299 336
299 350
299 355
299 369
299 387
299 388
299 393
299 394
299 398
300 301
300 328
300 331
300 333
300 346
300 354
300 367
300 378
300 383
300 385
300 387
300 393
300 396
301 305
301 314
301 326
301 330
301 333
301 339
301 347
301 351
301 371
301 375
301 388
301 392
301 396
301 398
302 308
302 312
302 321
302 333
302 338
302 348
302 359
302 360
302 362
302 370
302 374
302 382
302 385
302 386
302 390
302 398
303 304
303 311
303 324
303 331
303 346
303 347
303 356
303 359
303 367
303 371
303 374
303 375
303 377
303 384
303 386
303 391
304 310
304 316
304 318
304 320
304 332
304 336
304 338
304 339
304 354
304 365
304 366
304 374
304 379
304 394
304 397
304 399
305 310
305 311
305 313
305 319
305 320
305 343
305 356
305 358
305 360
305 364
305 383
305 388
305 393
306 328
306 331
306 334
306 338
306 345
306 346
306 357
306 386
306 392
307 320
307 336
307 343
307 344
307 377
307 378
307 383
308 330
308 343
308 344
308 350
308 352
308 357
308 362
308 364
308 365
308 380
308 381
308 382
308 385
308 386
308 388
308 397
309 312
309 325
309 326
309 354
309 365
309 366
309 379
309 383
309 385
309 395
310 311
310 316
310 317
310 318
310 323
310 369
310 376
310 392
311 314
311 320
311 322
311 354
311 359
311 363
312 318
312 319
312 344
312 372
312 373
312 378
312 384
313 318
313 321
313 326
313 335
313 348
313 354
313 357
313 366
313 371
313 373
313 376
313 384
313 390
314 319
314 320
314 324
314 330
314 343
314 347
314 352
314 382
314 388
314 396
315 318
315 319
315 329
315 343
315 351
315 352
315 355
315 362
315 368
315 369
315 372
315 375
315 381
315 385
315 392
315 393
315 394
315 395
316 325
316 330
316 340
316 345
316 351
316 356
316 360
316 363
316 365
316 375
316 379
316 393
316 394
316 398
317 318
317 325
317 335
317 345
317 347
317 353
317 355
317 357
317 358
317 362
317 372
317 376
317 381
317 391
317 396
318 321
318 332
318 337
318 338
318 342
318 351
318 356
318 359
318 370
318 379
318 380
319 350
319 360
319 367
319 369
320 336
320 340
320 356
320 359
320 365
320 373
320 374
320 375
320 377
320 385
321 329
321 352
321 353
321 357
321 359
321 363
321 370
321 383
321 397
322 326
322 336
322 337
322 350
322 364
322 369
322 376
322 378
322 384
322 388
322 390
322 396
323 327
323 331
323 356
323 363
323 387
323 391
324 327
324 344
324 345
324 370
324 371
324 372
324 373
324 384
325 336
325 339
325 346
325 367
325 374
325 375
325 386
325 391
325 396
326 336
326 342
326 355
326 364
326 366
326 369
326 381
326 386
326 388
326 389
326 399
327 329
327 331
327 354
327 379
327 381
327 386
327 397
327 398
328 332
328 337
328 338
328 342
328 343
328 344
328 358
328 369
328 378
328 391
328 398
329 337
329 339
329 340
329 349
329 359
329 369
329 373
330 354
330 364
330 372
330 398
331 343
331 356
331 363
331 370
331 371
331 372
331 379
331 381
331 395
332 346
332 349
332 361
332 373
332 382
332 386
332 389
332 392
332 396
333 335
333 349
333 351
333 352
333 369
333 373
333 378
333 396
334 339
334 344
334 349
334 356
334 368
334 369
334 371
335 336
335 339
335 343
335 345
335 350
335 354
335 359
335 361
336 338
336 340
336 346
336 347
336 361
336 369
336 371
336 376
336 379
336 382
337 339
337 341
337 344
337 359
337 366
337 369
337 378
337 383
337 398
338 356
338 381
338 386
338 392
338 399
339 347
339 352
339 357
339 358
339 367
339 380
339 384
339 385
339 391
339 392
340 361
340 369
340 382
340 394
341 348
341 366
341 381
341 385
341 389
341 391
341 393
341 399
342 351
342 358
342 379
342 380
342 387
343 348
343 366
343 369
343 372
343 377
343 386
343 398
344 349
344 350
344 351
344 352
344 358
344 365
345 352
345 361
345 367
345 375
345 392
345 397
346 348
346 354
346 369
346 377
346 380
346 386
347 353
347 356
347 359
347 363
347 367
347 374
347 391
347 394
348 360
348 362
348 378
349 352
349 364
349 366
349 379
349 396
350 354
350 358
350 365
350 368
350 379
351 359
351 368
351 370
351 380
352 358
352 366
352 377
352 388
353 381
353 389
353 396
353 398
353 399
354 364
354 374
354 375
354 382
354 383
354 395
354 398
355 356
355 359
355 367
355 371
355 391
355 393
355 394
355 396
355 397
356 363
356 382
356 389
357 371
357 374
357 381
357 383
357 391
357 395
358 382
359 363
359 376
359 387
359 388
359 398
360 378
360 381
360 389
360 392
361 365
361 370
361 372
361 379
362 365
362 369
362 370
362 373
362 383
362 386
362 393
362 398
363 364
363 365
363 369
363 372
363 378
363 384
363 385
364 365
364 374
364 382
364 383
364 387
364 392
365 371
365 373
365 375
365 382
366 375
366 382
367 371
367 382
367 393
367 397
368 376
368 378
368 379
368 382
368 385
368 390
369 381
369 382
369 387
369 388
370 379
370 389
371 390
371 391
372 376
372 381
372 390
372 394
372 399
373 376
373 393
373 396
373 397
374 382
374 387
374 391
374 393
374 395
375 383
376 382
376 384
377 378
377 381
378 379
378 394
378 397
379 394
379 399
380 387
380 388
381 386
381 387
381 388
381 393
381 396
381 398
382 398
383 390
383 394
383 398
384 387
385 389
387 388
389 398
390 392
390 393
391 392
391 399
392 395
393 394
393 397
394 396
396 397
