600 5000
0 17
0 79
0 152
0 175
0 279
0 360
0 364
0 433
0 461
0 536
0 570
0 594
1 12
1 42
1 47
1 146
1 186
1 310
1 366
1 380
1 411
1 412
1 440
1 469
1 510
1 520
2 23
2 124
2 158
2 168
2 227
2 230
2 326
2 331
2 354
2 419
2 517
2 544
3 17
3 22
3 123
3 124
3 175
3 216
3 225
3 238
3 255
3 300
3 468
3 503
3 506
3 561
3 586
4 26
4 27
4 66
4 125
4 166
4 194
4 253
4 257
4 292
4 338
4 360
4 482
4 498
4 504
4 572
5 76
5 103
5 107
5 129
5 152
5 153
5 173
5 195
5 234
5 266
5 362
5 368
5 436
5 447
5 493
5 530
5 544
5 575
6 9
6 33
6 73
6 98
6 178
6 186
6 187
6 197
6 203
6 219
6 253
6 283
6 320
6 408
6 409
6 424
6 466
6 485
6 508
7 23
7 73
7 97
7 203
7 214
7 252
7 288
7 419
7 455
7 504
7 506
7 511
7 544
8 10
8 89
8 95
8 134
8 149
8 169
8 170
8 195
8 208
8 222
8 254
8 306
8 377
8 451
8 472
8 475
9 72
9 89
9 185
9 217
9 220
9 221
9 251
9 294
9 296
9 333
9 335
9 344
9 351
9 448
9 458
9 498
9 529
9 541
9 570
9 583
10 22
10 53
10 54
10 99
10 105
10 183
10 321
10 322
10 350
10 352
10 383
10 406
10 453
10 457
10 473
10 488
10 503
10 508
10 579
11 72
11 91
11 165
11 173
11 195
11 313
11 325
11 374
11 422
11 537
11 552
11 575
11 582
12 97
12 132
12 134
12 137
12 164
12 168
12 195
12 202
12 208
12 257
12 258
12 274
12 422
12 479
12 499
12 532
12 536
12 549
12 552
12 567
12 598
13 29
13 33
13 103
13 158
13 162
13 165
13 191
13 208
13 227
13 245
13 262
13 339
13 353
13 372
13 396
13 538
13 586
13 590
14 52
14 61
14 69
14 84
14 247
14 285
14 419
14 421
14 463
14 572
14 577
14 587
15 34
15 47
15 139
15 173
15 309
15 327
15 365
15 382
15 428
15 448
15 510
15 513
16 66
16 96
16 99
16 100
16 101
16 122
16 259
16 301
16 386
16 465
16 471
16 536
16 550
16 557
16 561
16 587
17 40
17 78
17 140
17 165
17 200
17 204
17 215
17 227
17 268
17 269
17 346
17 347
17 351
17 352
17 398
17 472
17 474
17 492
17 542
17 557
18 32
18 43
18 67
18 69
18 111
18 125
18 185
18 217
18 249
18 269
18 280
18 335
18 374
18 391
18 418
18 487
18 500
19 89
19 100
19 115
19 128
19 264
19 303
19 306
19 371
19 435
19 437
19 439
19 456
19 487
19 596
20 39
20 101
20 128
20 151
20 176
20 195
20 199
20 217
20 242
20 304
20 306
20 366
20 372
20 413
20 503
20 535
21 65
21 112
21 124
21 143
21 158
21 164
21 203
21 226
21 235
21 260
21 262
21 318
21 319
21 388
21 409
21 518
21 549
21 592
22 28
22 44
22 49
22 106
22 127
22 155
22 179
22 188
22 203
22 241
22 248
22 266
22 309
22 383
22 393
22 448
22 449
22 470
22 480
22 486
22 548
22 569
23 65
23 90
23 135
23 142
23 188
23 220
23 227
23 233
23 277
23 278
23 301
23 303
23 379
23 409
23 422
23 484
23 509
23 521
23 568
24 35
24 95
24 104
24 111
24 129
24 141
24 142
24 171
24 173
24 201
24 208
24 209
24 235
24 290
24 327
24 341
24 342
24 346
24 471
24 475
24 518
24 543
24 555
25 48
25 58
25 90
25 119
25 159
25 211
25 215
25 221
25 249
25 285
25 314
25 385
25 447
25 485
25 516
26 103
26 117
26 284
26 324
26 360
26 389
26 455
26 463
27 94
27 98
27 100
27 113
27 130
27 170
27 204
27 270
27 291
27 300
27 346
27 402
27 446
27 476
27 500
27 572
27 587
28 38
28 46
28 49
28 56
28 99
28 101
28 120
28 189
28 230
28 249
28 275
28 478
28 511
28 578
29 90
29 97
29 118
29 166
29 223
29 249
29 270
29 301
29 308
29 337
29 436
29 471
29 532
29 536
30 34
30 38
30 99
30 143
30 264
30 294
30 295
30 346
30 385
30 447
30 519
30 523
30 595
31 44
31 95
31 163
31 247
31 286
31 356
31 362
31 365
31 385
31 413
31 441
31 446
31 456
31 457
31 465
31 476
31 491
31 500
31 518
31 587
32 50
32 72
32 92
32 165
32 199
32 210
32 261
32 303
32 306
32 399
32 401
32 415
32 480
32 485
32 539
32 591
33 91
33 107
33 186
33 207
33 227
33 290
33 344
33 345
33 365
33 367
33 386
33 460
33 462
33 468
33 488
33 514
33 575
34 44
34 52
34 65
34 72
34 146
34 152
34 254
34 269
34 368
34 460
34 557
34 563
35 63
35 74
35 79
35 146
35 158
35 161
35 208
35 213
35 215
35 228
35 280
35 311
35 316
35 347
35 358
35 442
35 443
35 505
35 561
36 45
36 69
36 114
36 130
36 165
36 242
36 313
36 324
36 336
36 338
36 413
36 488
36 523
36 536
36 568
36 577
36 581
36 589
36 596
37 61
37 65
37 96
37 140
37 142
37 204
37 273
37 344
37 354
37 359
37 363
37 386
37 416
37 447
37 448
37 462
37 464
37 482
37 531
37 559
37 566
37 586
37 588
37 594
38 107
38 149
38 165
38 224
38 313
38 345
38 389
38 462
38 552
39 78
39 150
39 234
39 359
39 384
39 394
39 407
39 446
39 500
39 532
39 579
39 583
40 48
40 59
40 67
40 99
40 209
40 317
40 371
41 53
41 77
41 160
41 172
41 177
41 185
41 201
41 226
41 306
41 370
41 386
41 426
41 428
41 463
41 470
41 496
41 519
41 543
41 567
41 592
42 191
42 214
42 218
42 225
42 281
42 313
42 432
42 472
42 478
42 482
42 553
42 564
43 78
43 163
43 190
43 220
43 241
43 339
43 341
43 377
43 434
43 436
43 464
43 482
43 483
43 497
43 505
43 513
43 530
43 556
43 575
44 80
44 126
44 139
44 147
44 151
44 166
44 181
44 228
44 312
44 427
44 486
44 487
45 65
45 117
45 124
45 153
45 165
45 203
45 285
45 309
45 324
45 329
45 354
45 372
45 415
45 453
45 499
45 504
45 522
45 557
46 67
46 213
46 249
46 285
46 332
46 333
46 402
46 415
46 450
46 487
46 491
46 562
47 86
47 251
47 295
47 365
47 366
47 406
47 444
47 450
47 548
47 569
47 586
48 70
48 117
48 193
48 216
48 219
48 244
48 251
48 268
48 294
48 335
48 370
48 372
48 435
48 462
48 468
48 479
48 512
48 569
49 67
49 71
49 275
49 305
49 331
49 338
49 341
49 364
49 374
49 432
49 439
49 444
49 455
49 474
49 491
49 508
49 541
49 567
49 585
50 82
50 118
50 167
50 177
50 186
50 244
50 295
50 296
50 312
50 342
50 354
50 422
50 427
50 496
50 505
50 525
50 533
50 581
51 59
51 71
51 115
51 133
51 179
51 182
51 200
51 234
51 284
51 293
51 296
51 383
51 388
51 418
51 435
51 502
51 516
51 538
51 565
52 102
52 126
52 133
52 155
52 177
52 187
52 196
52 204
52 232
52 316
52 324
52 328
52 398
52 416
52 437
52 493
52 547
52 585
53 79
53 103
53 106
53 151
53 153
53 220
53 276
53 286
53 294
53 296
53 385
53 421
53 463
53 494
53 498
53 504
53 543
54 60
54 84
54 106
54 219
54 222
54 223
54 227
54 304
54 374
54 420
54 442
54 501
54 554
54 564
54 592
55 75
55 141
55 173
55 209
55 249
55 286
55 334
55 359
55 396
55 432
55 453
55 534
55 566
56 75
56 112
56 208
56 209
56 280
56 335
56 462
56 515
56 534
56 564
56 577
57 75
57 78
57 193
57 194
57 218
57 229
57 235
57 241
57 363
57 431
57 464
57 476
57 482
57 526
57 568
57 588
58 87
58 99
58 117
58 178
58 210
58 256
58 350
58 367
58 389
58 406
58 436
58 473
58 483
58 535
58 544
58 558
59 91
59 105
59 135
59 140
59 212
59 246
59 314
59 349
59 351
59 430
59 446
59 538
59 544
60 75
60 122
60 232
60 263
60 348
60 365
60 374
60 381
60 465
60 470
60 564
61 64
61 68
61 95
61 96
61 270
61 315
61 321
61 380
61 381
61 384
61 412
61 415
61 419
61 427
61 501
62 105
62 118
62 124
62 150
62 152
62 221
62 346
62 369
62 464
62 501
62 526
62 536
62 537
62 552
63 106
63 148
63 179
63 213
63 285
63 322
63 324
63 386
63 393
63 394
63 402
63 409
63 423
63 436
63 491
63 521
63 564
63 572
63 583
64 105
64 200
64 241
64 301
64 375
64 410
64 493
64 501
64 515
64 565
65 71
65 91
65 96
65 106
65 267
65 286
65 295
65 300
65 311
65 356
65 412
65 443
65 483
65 484
65 493
65 496
65 583
66 84
66 141
66 172
66 189
66 224
66 231
66 303
66 350
66 365
66 386
66 419
66 451
66 457
66 494
66 500
66 581
67 72
67 73
67 102
67 183
67 243
67 244
67 287
67 408
67 420
67 438
67 448
67 456
67 465
67 516
67 518
67 520
67 556
67 562
68 117
68 148
68 172
68 217
68 222
68 224
68 316
68 328
68 330
68 368
68 390
68 406
68 442
68 512
68 519
68 589
69 221
69 387
69 445
69 490
69 576
70 71
70 133
70 161
70 163
70 214
70 264
70 280
70 324
70 367
70 453
70 511
70 524
70 558
70 596
71 81
71 92
71 193
71 238
71 249
71 340
71 437
71 443
71 444
71 466
71 535
71 549
71 563
72 78
72 99
72 118
72 181
72 192
72 203
72 205
72 208
72 215
72 220
72 223
72 237
72 258
72 272
72 319
72 324
72 344
72 408
72 440
72 459
72 516
72 518
72 543
72 598
73 92
73 112
73 154
73 162
73 327
73 365
73 373
73 418
73 423
73 439
73 504
73 519
73 532
73 570
73 572
74 85
74 155
74 175
74 195
74 203
74 214
74 232
74 234
74 249
74 256
74 273
74 377
74 382
74 400
74 433
74 471
74 560
75 84
75 91
75 94
75 151
75 161
75 209
75 260
75 297
75 386
75 438
75 449
75 505
75 506
75 523
75 539
75 562
75 567
76 136
76 169
76 170
76 200
76 263
76 358
76 365
76 393
76 442
76 479
77 92
77 111
77 183
77 310
77 333
77 344
77 350
77 370
77 473
77 496
77 502
77 541
77 591
78 83
78 102
78 217
78 224
78 231
78 304
78 359
78 414
78 426
78 448
78 460
78 462
78 495
78 499
78 557
78 560
79 90
79 171
79 185
79 253
79 254
79 281
79 289
79 324
79 387
79 393
79 409
79 431
79 478
79 512
79 515
80 155
80 223
80 245
80 262
80 287
80 288
80 369
80 370
80 426
80 530
80 534
81 88
81 89
81 124
81 127
81 142
81 144
81 317
81 338
81 352
81 353
81 421
81 428
81 442
81 480
81 486
81 490
81 528
81 555
81 566
81 573
81 591
82 146
82 149
82 210
82 229
82 269
82 272
82 319
82 384
82 400
82 462
82 524
82 529
82 532
82 555
82 581
83 132
83 191
83 217
83 226
83 255
83 296
83 302
83 328
83 378
83 402
83 422
83 443
83 458
83 490
83 538
83 541
83 555
84 203
84 208
84 250
84 276
84 301
84 315
84 334
84 338
84 388
84 399
84 441
84 467
84 500
84 533
85 89
85 106
85 108
85 115
85 122
85 151
85 182
85 244
85 256
85 304
85 344
85 358
85 366
85 485
85 529
85 534
85 536
86 98
86 177
86 197
86 229
86 257
86 308
86 328
86 390
86 408
86 422
86 464
86 510
86 557
86 575
87 127
87 183
87 217
87 228
87 254
87 258
87 293
87 359
87 366
87 380
87 393
87 403
87 415
87 437
87 491
87 500
87 513
88 127
88 186
88 187
88 248
88 249
88 273
88 297
88 314
88 343
88 442
88 502
88 526
89 132
89 146
89 152
89 176
89 251
89 270
89 300
89 499
89 502
89 517
89 525
89 539
89 581
90 95
90 173
90 248
90 285
90 310
90 314
90 322
90 327
90 335
90 358
90 422
90 462
90 473
90 510
90 530
91 92
91 97
91 104
91 123
91 229
91 344
91 373
91 382
91 387
91 421
91 563
91 571
92 106
92 112
92 203
92 224
92 254
92 275
92 281
92 299
92 302
92 337
92 345
92 357
92 387
92 424
92 457
92 523
92 525
92 537
92 566
92 574
92 598
93 113
93 175
93 217
93 224
93 228
93 234
93 241
93 286
93 303
93 308
93 344
93 482
93 559
93 570
93 571
93 573
93 585
94 95
94 147
94 151
94 164
94 171
94 184
94 222
94 230
94 286
94 293
94 310
94 328
94 341
94 352
94 361
94 402
94 415
94 430
94 537
94 583
95 165
95 176
95 177
95 183
95 246
95 264
95 285
95 320
95 452
95 457
95 471
95 472
95 505
95 549
96 129
96 187
96 191
96 201
96 245
96 254
96 309
96 320
96 336
96 343
96 439
96 446
96 449
96 461
96 517
96 522
96 532
96 565
97 127
97 191
97 263
97 269
97 270
97 294
97 351
97 472
97 490
97 523
98 160
98 190
98 203
98 217
98 221
98 224
98 246
98 286
98 323
98 531
98 583
98 597
99 120
99 149
99 163
99 218
99 234
99 245
99 331
99 386
99 400
99 411
99 422
99 436
99 478
99 515
99 527
100 121
100 131
100 207
100 257
100 332
100 481
100 578
100 579
100 599
101 192
101 206
101 227
101 228
101 293
101 327
101 383
101 410
101 431
101 442
101 444
101 458
101 482
101 539
101 570
102 124
102 134
102 177
102 183
102 194
102 214
102 289
102 293
102 339
102 372
102 496
102 592
102 596
103 158
103 290
103 394
103 401
103 417
103 427
103 536
104 158
104 193
104 236
104 285
104 393
104 400
104 476
104 545
104 554
104 555
104 565
105 111
105 198
105 205
105 209
105 219
105 231
105 274
105 308
105 329
105 338
105 341
105 387
105 390
105 496
105 532
105 538
105 565
106 114
106 184
106 252
106 346
106 394
106 433
106 450
106 459
106 480
106 551
106 566
106 575
106 589
106 591
106 594
106 597
107 116
107 123
107 245
107 269
107 284
107 340
107 357
107 383
107 386
107 463
107 560
108 164
108 174
108 212
108 290
108 377
108 395
108 397
108 411
108 413
108 454
108 476
108 478
108 486
108 517
108 522
108 537
108 559
108 562
109 135
109 204
109 226
109 270
109 284
109 297
109 331
109 353
109 361
109 362
109 381
109 447
109 449
109 472
109 519
109 576
110 164
110 170
110 210
110 267
110 337
110 413
110 513
110 516
110 567
111 129
111 165
111 212
111 225
111 235
111 311
111 326
111 375
111 436
111 441
111 493
111 588
112 150
112 159
112 161
112 187
112 226
112 240
112 317
112 363
112 364
112 393
112 413
112 430
112 548
112 559
113 142
113 184
113 200
113 231
113 267
113 268
113 269
113 319
113 326
113 330
113 398
113 584
114 158
114 166
114 168
114 179
114 247
114 322
114 502
114 508
114 555
115 154
115 166
115 167
115 181
115 198
115 229
115 239
115 271
115 295
115 308
115 349
115 386
115 418
115 447
115 456
115 457
115 459
115 463
115 478
115 512
115 520
116 139
116 163
116 172
116 186
116 192
116 252
116 390
116 431
116 436
116 440
116 442
116 483
116 498
116 558
116 572
117 140
117 290
117 306
117 322
117 413
117 421
117 438
117 477
117 485
117 525
117 559
117 597
118 132
118 143
118 167
118 197
118 208
118 209
118 256
118 324
118 346
118 428
118 453
118 516
118 531
118 570
118 592
119 154
119 197
119 314
119 510
119 525
119 574
120 235
120 247
120 253
120 261
120 275
120 292
120 333
120 344
120 396
120 471
120 499
120 524
120 531
120 553
120 571
120 598
121 153
121 183
121 190
121 212
121 269
121 276
121 288
121 300
121 351
121 462
121 474
121 517
121 535
122 126
122 145
122 304
122 309
122 330
122 351
122 374
122 377
122 440
122 442
122 476
122 596
123 183
123 209
123 211
123 285
123 348
123 355
123 380
123 458
123 465
123 569
123 591
124 200
124 215
124 229
124 246
124 278
124 303
124 330
124 360
124 405
124 420
124 491
124 493
124 535
124 540
124 562
125 191
125 269
125 333
125 373
125 401
125 411
125 465
126 265
126 291
126 332
126 380
126 406
126 448
126 482
126 540
126 564
126 566
127 140
127 143
127 148
127 150
127 192
127 207
127 228
127 303
127 350
127 359
127 396
127 411
127 426
127 440
127 524
127 542
127 545
127 586
128 219
128 318
128 402
128 474
128 495
129 143
129 146
129 185
129 193
129 203
129 228
129 262
129 295
129 306
129 314
129 315
129 316
129 330
129 386
129 427
129 462
129 514
129 515
129 518
129 575
130 134
130 155
130 203
130 226
130 269
130 355
130 416
130 421
130 429
130 441
130 469
130 511
130 555
130 568
131 144
131 145
131 160
131 182
131 197
131 224
131 268
131 455
131 476
131 544
131 570
132 147
132 188
132 213
132 231
132 238
132 307
132 329
132 333
132 425
132 456
132 475
132 496
132 498
133 168
133 188
133 200
133 236
133 265
133 272
133 287
133 330
133 348
133 521
133 528
133 567
134 154
134 167
134 264
134 345
134 384
134 394
134 427
134 464
135 188
135 221
135 236
135 250
135 357
135 369
135 394
135 421
135 509
136 190
136 214
136 228
136 236
136 248
136 251
136 261
136 302
136 325
136 327
136 350
136 366
136 398
136 417
136 458
136 463
136 508
136 519
136 549
136 581
137 277
137 330
137 358
137 370
137 382
137 468
137 509
137 544
137 563
137 599
138 202
138 206
138 220
138 224
138 233
138 251
138 265
138 301
138 339
138 411
138 440
138 456
138 457
138 513
138 597
139 152
139 193
139 231
139 267
139 280
139 341
139 357
139 368
139 392
139 436
139 445
139 454
139 496
139 531
139 591
140 167
140 174
140 219
140 278
140 296
140 298
140 394
140 405
140 427
140 473
140 566
141 205
141 247
141 248
141 322
141 339
141 360
141 370
141 389
141 412
141 442
141 478
141 507
141 549
141 550
141 556
141 599
142 230
142 262
142 292
142 311
142 405
142 419
142 424
142 512
142 523
142 564
142 569
142 572
143 185
143 220
143 258
143 287
143 318
143 328
143 369
143 375
143 381
143 403
143 404
143 420
143 477
143 495
143 517
143 519
143 550
144 211
144 214
144 220
144 260
144 328
144 471
144 524
144 556
144 585
145 178
145 189
145 212
145 303
145 308
145 317
145 325
145 330
145 341
145 360
145 402
145 550
145 558
145 576
145 582
145 589
146 162
146 187
146 191
146 198
146 270
146 276
146 343
146 366
146 375
146 435
146 493
146 515
146 520
146 577
146 595
147 221
147 252
147 280
147 290
147 318
147 375
147 502
147 510
147 591
148 203
148 424
148 476
148 530
148 568
148 577
149 173
149 192
149 232
149 236
149 258
149 273
149 274
149 345
149 377
149 381
149 412
149 457
149 494
149 496
149 507
149 574
150 177
150 195
150 267
150 268
150 295
150 342
150 389
150 390
150 522
150 549
150 550
150 597
151 172
151 190
151 210
151 225
151 257
151 260
151 345
151 366
151 388
151 422
151 473
151 484
151 492
151 499
151 524
151 538
152 201
152 204
152 264
152 275
152 363
152 398
152 440
152 463
152 474
152 495
152 525
152 573
152 575
153 162
153 239
153 251
153 278
153 325
153 374
153 414
153 422
153 464
153 469
153 500
153 583
153 593
154 182
154 189
154 278
154 283
154 291
154 292
154 299
154 329
154 331
154 334
154 387
154 392
154 407
154 419
154 421
154 481
154 533
154 561
154 584
154 588
155 157
155 171
155 284
155 289
155 357
155 441
155 449
155 454
155 500
155 503
155 528
155 540
155 541
155 586
156 162
156 274
156 275
156 278
156 309
156 441
156 467
156 481
156 501
156 513
156 549
156 582
156 596
157 205
157 279
157 302
157 385
157 432
157 447
157 514
157 523
157 543
157 546
157 568
157 570
158 186
158 196
158 210
158 213
158 237
158 252
158 285
158 310
158 329
158 346
158 391
158 415
158 426
158 460
158 489
158 496
158 527
158 566
159 164
159 179
159 217
159 267
159 332
159 333
159 340
159 476
159 485
160 164
160 172
160 196
160 223
160 275
160 279
160 300
160 301
160 364
160 432
160 474
160 549
161 201
161 278
161 341
161 390
161 399
161 403
161 464
161 482
161 495
161 526
161 586
162 174
162 185
162 197
162 226
162 244
162 270
162 309
162 321
162 376
162 421
162 455
162 460
162 468
162 478
162 484
162 492
162 510
162 525
162 579
163 182
163 310
163 332
163 335
163 374
163 383
163 392
163 507
163 514
164 176
164 177
164 300
164 368
164 434
164 497
164 506
164 529
164 558
164 592
165 183
165 198
165 226
165 255
165 262
165 395
165 422
165 462
165 467
165 552
165 569
165 580
166 233
166 261
166 338
166 355
166 368
166 388
166 482
166 483
166 567
166 576
167 250
167 304
167 333
167 370
167 373
167 391
167 418
167 476
167 481
167 495
167 520
167 537
168 189
168 210
168 249
168 318
168 328
168 329
168 330
168 354
168 356
168 368
168 379
168 416
168 471
168 498
168 536
168 578
169 174
169 197
169 239
169 330
169 342
169 383
169 385
169 428
169 463
169 543
169 547
169 568
169 578
170 229
170 258
170 261
170 280
170 289
170 312
170 390
170 391
170 427
170 463
170 482
171 212
171 221
171 266
171 342
171 391
171 405
171 422
171 544
172 203
172 231
172 235
172 285
172 324
172 325
172 341
172 353
172 363
172 408
172 571
173 190
173 191
173 264
173 265
173 269
173 294
173 353
173 377
173 413
173 424
173 429
173 437
173 449
173 450
173 458
173 462
173 473
173 529
173 549
173 553
174 196
174 204
174 206
174 209
174 248
174 291
174 307
174 308
174 317
174 333
174 352
174 369
174 377
174 396
174 406
174 436
174 526
174 572
174 583
175 190
175 194
175 267
175 323
175 358
175 378
175 421
175 427
175 444
175 454
175 481
175 492
175 502
176 312
176 317
176 345
176 381
176 398
176 425
176 476
176 504
176 527
176 563
176 576
177 200
177 221
177 303
177 359
177 360
177 385
177 411
177 431
177 472
177 534
177 535
177 574
177 586
178 327
178 354
178 450
178 460
178 466
178 471
178 503
179 210
179 231
179 273
179 274
179 293
179 339
179 342
179 352
179 368
179 395
179 400
179 454
179 456
179 511
179 543
180 231
180 249
180 385
180 407
180 415
180 457
180 485
180 583
180 587
181 200
181 300
181 312
181 368
181 424
181 516
181 564
181 573
182 191
182 348
182 414
182 426
182 450
182 514
182 526
182 546
183 222
183 233
183 243
183 255
183 320
183 371
183 395
183 401
183 439
183 487
183 494
183 516
183 521
183 568
184 188
184 206
184 235
184 245
184 250
184 291
184 304
184 307
184 430
184 441
184 509
184 532
184 563
185 204
185 208
185 217
185 253
185 256
185 281
185 320
185 321
185 346
185 432
185 505
185 522
185 597
186 200
186 239
186 262
186 282
186 315
186 325
186 381
186 416
186 419
186 429
186 460
186 466
186 472
186 504
186 519
187 209
187 214
187 244
187 339
187 350
187 426
187 453
187 469
187 497
187 498
187 556
188 303
188 352
188 362
188 375
188 405
188 408
188 414
188 422
188 454
188 500
188 526
189 197
189 220
189 278
189 310
189 343
189 345
189 416
189 424
189 443
189 458
189 462
189 471
189 500
189 553
190 257
190 300
190 326
190 329
190 344
190 365
190 387
190 434
190 465
190 483
190 495
190 501
190 533
190 579
191 233
191 253
191 261
191 279
191 291
191 315
191 317
191 320
191 393
191 404
191 417
191 425
191 506
191 539
191 543
192 230
192 283
192 320
192 341
192 480
192 482
192 494
192 504
192 527
192 537
192 560
192 587
193 268
193 385
193 397
193 540
193 570
194 239
194 258
194 267
194 272
194 306
194 316
194 357
194 441
194 501
194 533
194 589
195 316
195 338
195 340
195 342
195 384
195 407
195 427
195 453
195 520
195 545
196 198
196 216
196 364
196 541
196 548
196 552
196 553
196 599
197 254
197 277
197 297
197 333
197 352
197 382
197 451
197 475
197 490
197 508
197 580
198 207
198 258
198 267
198 268
198 284
198 288
198 352
198 363
198 379
198 390
198 534
198 562
198 581
199 228
199 236
199 283
199 417
199 427
199 430
199 477
199 527
199 528
199 564
199 572
200 217
200 230
200 239
200 267
200 269
200 325
200 362
200 389
200 392
200 407
200 437
200 445
200 448
200 468
200 562
200 584
201 250
201 303
201 317
201 403
201 446
201 449
201 471
201 494
201 495
201 540
201 553
201 570
202 213
202 214
202 255
202 277
202 324
202 339
202 393
202 410
202 429
202 437
202 447
202 453
202 503
202 515
202 528
202 545
202 574
203 220
203 259
203 303
203 325
203 369
203 424
203 465
203 524
203 542
203 551
203 553
203 558
204 230
204 240
204 286
204 300
204 319
204 344
204 355
204 372
204 478
204 507
204 558
204 591
205 224
205 248
205 263
205 286
205 297
205 507
205 523
205 580
206 266
206 292
206 293
206 323
206 433
206 446
206 463
206 565
206 568
206 570
207 212
207 214
207 260
207 262
207 312
207 347
207 348
207 387
207 418
207 442
207 457
207 485
207 520
207 521
207 546
207 562
207 566
208 232
208 243
208 326
208 384
208 483
208 511
208 527
209 216
209 236
209 242
209 252
209 258
209 273
209 383
209 437
209 485
209 500
209 512
209 549
210 215
210 242
210 288
210 292
210 344
210 355
210 395
210 426
210 431
210 464
210 469
210 506
210 547
210 548
210 563
210 565
210 589
210 599
211 257
211 259
211 272
211 296
211 366
211 411
211 524
211 545
211 551
211 563
212 272
212 337
212 379
212 380
212 384
212 459
212 474
212 493
212 521
212 533
212 541
213 249
213 265
213 281
213 301
213 408
213 409
213 424
213 569
213 577
214 249
214 324
214 339
214 345
214 424
214 445
214 572
215 234
215 256
215 295
215 305
215 306
215 322
215 334
215 405
215 423
215 462
215 467
215 484
215 555
216 284
216 330
216 383
216 416
216 475
216 485
216 498
216 520
217 240
217 255
217 256
217 268
217 328
217 408
217 454
217 555
218 235
218 271
218 299
218 329
218 359
218 387
218 460
218 527
218 563
218 590
219 267
219 318
219 359
219 366
219 392
219 398
219 462
219 491
219 532
219 575
220 226
220 229
220 328
220 340
220 423
220 454
220 473
220 559
220 573
221 287
221 300
221 332
221 379
221 385
221 387
221 400
221 446
221 471
221 483
221 497
221 499
222 241
222 254
222 256
222 267
222 290
222 338
222 391
222 398
222 423
222 445
222 484
222 502
222 571
222 589
223 234
223 236
223 244
223 254
223 272
223 273
223 406
223 516
223 519
223 528
223 549
223 559
223 566
223 592
224 467
224 472
224 529
224 530
225 266
225 299
225 323
225 383
225 389
225 399
225 409
225 429
225 430
225 529
225 565
225 573
225 580
226 330
226 387
226 388
226 402
226 407
226 475
226 506
226 513
226 539
226 564
226 575
227 240
227 254
227 302
227 312
227 329
227 396
227 594
228 315
228 318
228 337
228 431
228 475
228 476
228 516
228 526
228 531
228 546
228 552
228 572
228 591
228 592
229 238
229 239
229 285
229 322
229 373
229 406
229 494
229 495
229 523
229 530
229 556
229 557
229 597
230 243
230 277
230 301
230 398
230 441
230 511
230 517
231 284
231 294
231 364
231 445
231 478
231 482
231 504
231 532
231 537
231 549
231 570
232 267
232 433
232 476
232 480
232 508
232 561
233 283
233 359
233 385
233 387
233 400
233 443
233 469
233 474
233 513
233 514
233 531
233 546
233 557
233 582
234 252
234 272
234 275
234 288
234 406
234 425
234 448
234 481
234 550
234 566
234 583
234 590
235 274
235 278
235 281
235 392
235 432
235 443
235 468
235 494
235 504
235 517
235 581
236 242
236 309
236 357
236 432
236 443
236 483
236 486
236 493
236 498
236 507
236 510
236 525
236 587
236 588
237 292
237 296
237 314
237 316
237 358
237 412
237 468
237 479
237 510
237 579
237 581
238 286
238 322
238 333
238 357
238 379
238 380
238 401
238 438
238 441
238 564
238 567
239 261
239 300
239 322
239 353
239 417
239 535
239 569
239 574
239 576
240 325
240 361
240 426
240 457
240 467
240 515
240 574
241 310
241 369
241 379
241 400
241 419
241 470
241 522
241 559
242 314
242 520
242 534
243 261
243 266
243 284
243 309
243 313
243 460
243 594
243 597
244 260
244 327
244 365
244 402
244 457
244 527
244 554
244 569
245 402
245 419
245 481
245 493
245 546
245 548
245 580
245 591
246 275
246 284
246 354
246 390
246 394
246 402
246 407
246 427
246 491
246 560
246 596
247 294
247 338
247 429
247 439
247 452
247 550
247 565
247 570
248 254
248 267
248 306
248 413
248 420
248 436
248 449
248 462
248 478
248 486
248 506
248 522
249 305
249 451
249 463
250 259
250 307
250 379
250 383
250 425
250 450
250 456
250 478
250 512
250 537
250 592
251 334
251 335
251 336
251 369
251 416
251 434
251 436
251 540
252 255
252 273
252 304
252 345
252 372
252 395
252 404
252 507
252 541
252 563
252 564
252 588
253 258
253 299
253 336
253 348
253 387
253 393
253 406
253 442
253 465
253 467
253 507
253 536
253 541
253 591
253 599
254 262
254 276
254 359
254 378
254 421
254 426
254 544
254 571
254 576
254 587
255 330
255 349
255 363
255 378
255 402
255 409
255 468
255 486
255 541
255 544
255 550
255 559
256 259
256 269
256 337
256 364
256 498
256 555
257 262
257 314
257 321
257 323
257 360
257 408
257 463
257 494
257 502
258 265
258 275
258 283
258 364
258 412
258 435
258 504
258 511
258 540
258 564
258 585
259 337
259 364
259 385
259 395
259 426
259 484
259 546
260 286
260 304
260 424
260 444
260 485
260 545
260 565
260 570
260 596
261 272
261 314
261 365
261 377
261 434
261 437
261 497
261 509
261 544
261 595
262 279
262 374
262 388
262 440
262 496
262 558
263 298
263 429
263 499
263 510
263 551
263 572
264 269
264 352
264 385
264 399
264 413
264 480
264 536
264 542
264 545
264 571
265 284
265 355
265 416
265 418
265 489
265 514
265 529
265 543
265 564
265 589
266 275
266 293
266 294
266 295
266 370
266 427
266 442
266 456
266 463
266 494
266 504
267 345
267 372
267 410
267 468
267 491
267 508
267 520
267 539
267 579
268 305
268 373
268 386
268 519
268 536
268 579
268 592
269 373
269 398
269 444
269 480
269 521
269 524
269 530
269 547
269 555
269 586
270 297
270 304
270 315
270 352
270 422
270 450
270 486
270 514
270 517
270 540
270 564
270 577
271 427
271 484
272 275
272 302
272 306
272 340
272 511
272 528
273 288
273 330
273 342
273 373
273 436
273 437
273 507
274 303
274 317
274 370
274 469
274 476
274 523
274 530
274 545
274 588
274 594
275 306
275 376
275 391
275 425
275 443
275 450
275 535
275 562
276 285
276 302
276 354
276 372
276 454
276 521
276 552
276 599
277 287
277 306
277 370
277 386
277 442
277 443
277 453
277 463
277 464
277 503
278 296
278 310
278 313
278 392
278 419
278 424
278 445
278 479
279 322
279 326
279 479
279 500
279 524
279 527
279 579
280 282
280 296
280 300
280 337
280 375
280 392
280 424
280 445
280 464
280 475
280 497
280 562
281 299
281 352
281 385
281 407
281 485
281 551
281 580
281 590
282 303
282 304
282 339
282 400
282 599
283 284
283 285
283 345
283 349
283 476
283 551
283 564
284 367
284 436
284 531
284 534
284 570
285 406
285 449
285 483
286 353
286 355
286 356
286 434
286 439
286 449
286 452
286 454
286 457
286 523
286 531
286 543
286 550
287 371
287 377
287 395
287 436
287 467
287 507
287 535
287 550
288 326
288 342
288 347
288 430
288 433
288 466
288 491
288 525
288 532
288 542
288 575
289 299
289 305
289 335
289 342
289 350
289 371
289 393
289 410
289 449
289 486
289 518
289 561
290 343
290 354
290 370
290 388
290 435
290 480
290 507
290 538
290 575
290 599
291 341
291 365
291 395
291 448
291 454
291 460
291 469
291 475
291 478
291 489
291 532
291 555
291 580
291 586
292 355
292 418
292 426
292 458
292 473
292 475
292 517
292 535
292 592
293 305
293 344
293 407
293 441
293 448
293 558
293 564
293 583
293 585
294 296
294 311
294 353
294 394
294 414
294 421
294 429
294 485
294 506
294 542
295 413
295 478
295 488
295 533
295 536
295 537
295 566
296 324
296 340
296 349
296 386
296 422
296 427
296 430
296 511
296 550
297 331
297 412
297 436
297 494
297 518
297 560
297 582
298 359
298 362
298 423
298 448
298 465
298 468
298 484
298 497
298 512
298 526
299 331
299 367
299 384
299 399
299 423
299 430
299 482
299 491
299 594
300 309
300 397
300 413
300 425
300 450
300 516
300 529
300 546
300 576
300 592
300 596
301 315
301 336
301 357
301 466
301 509
301 515
302 334
302 384
302 395
302 422
302 493
302 506
302 532
302 554
302 557
302 586
303 343
303 449
303 515
303 518
303 541
303 552
303 580
304 306
304 350
304 502
304 531
305 318
305 327
305 342
305 356
305 411
305 434
305 456
305 462
305 500
305 515
305 574
306 310
306 329
306 372
306 423
306 434
306 435
306 448
306 481
306 492
306 506
306 527
306 537
306 575
306 596
307 374
307 402
307 416
307 478
307 537
308 329
308 351
308 372
308 397
308 407
308 482
308 520
308 523
308 535
308 537
308 549
308 587
309 505
309 529
309 533
309 577
309 595
310 399
310 467
310 542
310 561
310 592
311 319
311 354
311 453
311 454
311 478
311 490
311 494
311 508
311 544
311 562
311 594
312 325
312 336
312 505
312 579
313 363
313 458
313 468
313 527
313 565
313 581
313 594
314 333
314 343
314 360
314 464
314 466
314 467
314 479
314 486
314 587
315 322
315 435
315 437
315 472
315 535
315 575
316 366
316 386
316 413
316 439
316 525
316 545
317 379
317 398
317 437
317 442
317 510
317 516
317 521
317 523
317 527
317 571
317 579
317 582
318 392
318 411
318 446
318 454
318 462
319 374
319 415
319 452
319 488
319 498
319 501
319 508
319 523
319 537
320 332
320 426
320 472
320 474
320 544
320 586
321 322
321 328
321 363
321 365
321 379
321 453
321 463
321 466
321 507
321 519
321 573
322 370
322 383
322 389
322 401
322 442
322 462
322 464
322 467
322 496
322 529
323 360
323 411
323 422
323 487
323 578
323 591
324 383
324 453
324 454
324 475
324 480
324 546
324 576
325 378
325 383
325 405
325 412
325 421
325 471
325 511
325 553
325 594
326 481
326 488
326 549
326 569
326 585
327 331
327 401
327 511
327 587
327 592
328 365
328 390
328 416
328 434
328 520
328 554
328 580
329 402
329 412
329 432
329 448
329 461
329 495
329 517
329 520
329 531
330 354
330 423
330 456
330 463
330 495
330 515
330 564
330 574
330 586
331 425
331 449
331 537
331 540
331 551
331 558
331 562
332 453
332 494
332 501
332 512
332 522
332 525
332 526
332 539
332 590
332 598
333 354
333 373
333 382
333 410
333 452
333 462
333 508
333 526
333 538
333 576
334 336
334 353
334 409
334 437
334 439
334 493
334 495
334 528
334 553
334 597
335 336
335 372
335 408
335 491
335 507
335 511
335 522
335 534
336 370
336 398
336 410
336 436
336 439
336 565
336 577
337 355
337 379
337 442
337 455
337 497
338 366
338 415
338 433
338 445
338 449
338 474
338 475
338 485
338 534
339 351
339 353
339 358
339 377
339 439
339 490
339 504
339 519
339 526
340 366
340 389
340 423
340 438
340 483
340 498
340 523
340 545
341 361
341 440
341 489
341 583
342 396
342 428
342 499
343 359
343 427
343 455
343 467
343 468
343 480
343 511
343 541
343 561
344 441
344 450
344 466
344 484
344 512
344 523
344 535
345 409
345 474
345 501
345 593
346 363
346 407
346 425
346 458
346 468
346 474
346 507
346 531
346 564
346 572
346 594
347 351
347 415
347 420
347 465
347 474
347 536
347 586
347 597
348 375
348 424
348 431
348 453
348 478
348 578
348 589
349 480
349 503
349 537
349 569
350 357
350 381
350 447
350 502
350 506
350 507
350 580
351 396
351 543
351 557
351 597
352 373
352 382
352 383
352 389
352 400
352 507
352 536
353 364
353 406
353 427
353 484
353 507
353 532
353 535
353 599
354 424
354 434
354 438
354 453
354 491
354 547
354 550
354 568
355 360
355 469
355 473
355 482
355 507
356 370
356 408
356 447
356 448
356 451
356 471
356 491
356 509
356 521
356 539
356 554
356 587
357 359
357 390
357 399
357 514
357 530
357 547
357 549
357 582
358 382
358 386
358 441
358 453
358 476
358 479
358 536
358 546
359 370
359 402
359 405
359 428
359 429
359 498
359 593
360 449
360 479
360 584
361 380
361 413
361 552
362 363
362 435
362 443
362 450
362 502
362 524
362 529
362 555
362 569
363 392
363 478
363 496
363 548
363 558
363 573
364 410
364 437
364 523
365 369
365 396
365 501
365 526
365 585
366 431
366 481
366 484
366 516
366 545
366 556
367 370
367 399
367 451
367 453
367 455
367 492
367 501
367 550
368 409
368 415
368 418
368 443
368 528
368 578
368 599
369 372
369 383
369 455
369 480
370 380
370 424
370 433
370 476
370 512
370 517
370 530
371 427
371 555
372 384
372 448
372 452
372 457
372 485
372 506
372 510
372 543
372 575
372 581
373 438
373 450
373 468
373 483
373 503
373 528
373 571
373 574
373 579
374 520
374 524
374 589
375 381
375 400
375 420
375 450
375 454
375 547
375 589
376 391
376 415
376 471
376 478
376 572
377 390
377 415
377 417
377 445
377 483
378 430
378 455
378 474
378 491
378 513
378 566
379 482
379 539
379 555
379 557
379 563
380 394
380 445
380 568
381 400
381 401
381 422
381 429
381 443
381 451
381 473
381 486
382 389
382 492
382 513
382 519
382 537
382 550
382 572
383 445
383 473
383 552
383 567
383 582
384 452
384 497
385 431
385 468
385 499
385 521
385 532
385 550
386 425
386 427
386 481
386 544
386 588
387 419
387 441
387 488
387 545
387 552
387 593
388 434
388 445
388 461
388 561
389 486
389 502
389 504
390 517
390 530
391 394
391 401
391 513
391 521
391 528
391 550
392 407
392 458
392 529
392 548
392 569
393 398
393 409
393 445
393 514
393 577
393 590
394 424
394 449
394 480
394 538
394 565
394 586
395 541
396 403
396 422
396 459
396 507
396 513
396 526
396 537
396 552
396 582
396 585
397 458
397 515
397 571
398 445
398 543
398 557
398 570
398 572
399 425
399 451
400 409
400 481
400 483
400 542
401 408
401 492
401 585
402 413
402 478
402 515
402 517
402 578
403 416
403 432
403 456
403 481
403 491
403 541
403 572
403 576
404 428
404 458
404 480
404 494
404 588
404 598
405 429
405 557
405 586
406 423
406 463
406 495
406 507
406 508
406 521
407 421
407 482
407 491
407 526
407 582
407 597
408 439
408 560
408 563
409 494
409 497
409 512
409 573
410 431
410 446
410 511
410 581
410 589
411 450
411 508
412 436
412 443
412 464
412 511
412 569
412 588
413 427
413 447
413 456
413 502
413 513
413 530
413 589
414 523
414 532
414 535
414 568
414 576
414 592
415 422
415 429
415 444
415 477
415 507
415 532
415 536
415 554
415 576
416 452
416 509
416 526
416 528
416 551
416 554
416 588
416 595
417 435
417 484
417 528
417 530
417 567
417 586
417 593
418 469
418 483
418 484
418 522
418 548
418 594
419 445
419 472
419 494
419 552
419 589
420 450
420 490
420 576
421 547
421 548
422 457
422 467
422 533
422 571
422 593
422 598
423 450
423 452
423 490
423 536
423 547
423 568
424 451
424 512
424 539
424 599
425 441
425 468
425 487
425 554
425 598
426 468
426 505
426 513
426 538
426 552
426 562
426 583
427 464
428 448
428 544
429 441
430 471
430 504
430 513
430 529
431 493
431 520
432 470
432 472
432 521
432 576
432 578
432 583
433 444
434 454
434 461
434 506
434 528
434 555
434 593
434 596
435 525
435 549
436 447
436 498
436 597
437 497
437 500
437 596
438 468
438 586
438 590
439 483
439 485
439 499
440 449
440 483
440 499
440 553
441 453
441 461
441 464
441 564
442 523
442 530
442 553
442 561
443 448
443 553
444 448
444 485
444 486
444 517
444 556
445 447
445 524
445 533
446 481
446 514
446 544
446 550
447 484
447 506
447 522
447 596
448 454
448 489
448 511
448 544
448 593
449 497
449 520
449 548
449 551
449 578
450 479
450 481
450 492
450 497
450 501
450 504
450 510
450 564
450 572
451 470
451 471
451 516
451 548
451 555
452 491
452 502
452 537
452 566
452 576
452 577
452 590
453 482
453 577
453 599
454 499
454 584
454 588
455 470
455 483
455 491
455 526
455 542
455 579
456 499
456 543
456 556
456 565
456 586
457 461
457 472
457 476
458 489
458 514
458 562
459 558
459 570
459 581
459 595
460 466
460 472
460 513
460 547
460 573
460 592
460 598
462 492
462 522
462 533
462 551
463 471
463 522
464 503
464 506
464 522
464 550
464 557
464 584
464 597
465 478
465 546
465 556
466 477
466 478
466 555
466 588
467 485
467 487
467 565
468 502
468 519
468 524
468 573
469 516
469 517
469 548
469 554
469 582
469 590
470 499
470 569
471 473
471 521
471 535
471 568
471 570
471 598
472 500
472 535
473 560
473 588
473 592
474 505
474 535
474 576
475 490
476 516
476 568
476 580
477 541
477 570
478 496
478 565
478 572
479 571
479 579
480 495
480 541
480 563
480 573
481 493
481 544
482 552
483 550
483 573
485 486
485 494
485 532
485 580
486 492
487 495
487 521
487 523
487 541
488 504
488 507
488 523
488 537
488 558
488 564
489 504
489 584
489 590
490 539
490 568
490 589
490 597
491 497
491 506
491 534
491 581
491 587
491 597
492 496
492 497
492 505
492 523
492 549
492 561
493 546
493 552
493 590
494 559
494 597
495 553
495 574
495 598
496 511
496 531
496 554
496 557
496 561
496 570
496 578
496 595
497 512
497 520
497 587
498 508
498 544
498 557
498 574
498 578
499 591
501 517
502 505
502 532
503 561
503 577
503 598
504 535
504 546
504 576
505 571
505 576
505 577
506 546
506 556
506 559
506 563
507 520
507 552
508 533
509 524
509 527
509 534
509 588
509 594
510 536
510 543
510 553
511 524
511 533
511 539
512 530
512 545
512 555
512 566
512 577
513 517
513 520
513 556
513 558
513 571
513 596
514 529
514 538
514 542
514 583
515 518
515 520
515 532
515 563
515 596
516 530
516 531
516 534
516 549
517 560
517 573
517 580
517 581
517 587
518 519
518 526
518 548
518 559
518 565
518 589
518 598
519 533
520 573
520 594
521 534
521 585
521 595
522 536
522 599
524 544
524 561
525 551
525 571
525 578
526 536
526 569
526 585
527 559
527 569
528 560
528 595
529 552
529 558
529 593
530 548
530 555
530 571
530 581
530 583
530 592
531 559
531 577
531 595
532 569
534 545
535 553
535 561
535 592
535 597
536 538
537 544
537 560
537 564
537 581
537 592
538 562
538 564
539 559
539 574
540 542
540 550
540 573
541 566
541 593
543 560
543 571
543 585
544 545
545 548
546 568
547 554
547 578
548 560
548 583
549 598
550 579
552 582
553 581
553 584
553 589
553 593
554 571
557 572
557 584
558 565
558 573
559 588
560 570
560 573
560 587
561 596
564 580
564 584
566 587
566 590
567 587
568 592
569 586
569 594
574 578
577 599
578 594
580 590
581 589
583 588
587 599
591 592
595 597
