100
10 179
61 93 87 161 145 158 22 119 35 19
6 351
59 212 329 22 292 139
10 580
509 426 296 162 11 101 574 305 127 261
7 509
156 436 454 194 156 194 454
10 651
159 417 191 197 514 226 579 47 152 587
4 168
113 142 72 112
8 520
351 499 499 354 424 461 368 425
5 516
374 433 147 103 146
5 508
414 350 359 494 504
7 266
104 153 208 183 262 143 257
10 489
465 287 322 339 252 322 197 252 347 340
8 595
32 511 45 535 442 57 391 169
1 582
552
6 349
293 56 338 19 11 330
8 334
228 256 228 252 145 142 224 203
6 626
262 172 172 172 509 509
10 35
13 35 5 5 3 21 6 3 16 35
3 334
264 125 220
9 679
481 591 312 620 317 249 270 479 419
1 435
48
8 618
605 494 596 163 455 13 124 22
10 678
155 445 625 497 240 391 485 92 89 159
3 552
44 470 343
7 385
315 350 45 350 315 119 350
10 562
10 77 360 19 332 127 62 560 187 54
3 278
101 274 134
1 396
141
4 45
8 31 31 18
5 238
198 161 93 154 207
10 94
10 88 24 6 8 20 94 45 7 30
10 84
33 30 27 23 78 61 57 6 54 51
3 677
497 395 660
6 388
334 176 129 346 199 239
9 626
536 503 567 482 443 376 429 281 598
10 25
6 10 16 21 10 15 17 15 1 15
8 65
41 37 41 24 57 24 8 28
6 126
21 119 7 105 51 75
10 523
503 416 30 58 341 100 86 358 131 502
10 144
139 39 82 59 45 9 114 97 118 89
10 554
44 432 180 119 51 445 175 184 346 218
4 371
318 247 237 295
10 335
39 20 126 162 267 148 120 182 229 17
7 22
3 11 5 17 8 18 14
3 628
520 499 137
10 5
4 2 2 1 1 5 5 3 2 4
10 407
22 214 225 180 318 95 343 109 143 178
10 354
13 264 70 29 312 336 215 102 202 297
5 209
101 207 4 123 159
10 443
297 252 156 156 156 359 359 252 392 392
10 542
535 182 310 494 336 384 190 259 3 161
3 440
401 167 383
6 548
467 368 180 408 81 140
10 567
110 278 332 47 36 529 96 563 154 221
6 588
224 146 442 413 175 364
10 75
65 51 28 21 19 58 68 37 26 59
10 8
1 8 5 7 3 8 5 3 5 6
8 700
664 619 238 442 530 342 631 294
10 484
4 307 347 59 275 467 371 442 235 93
8 394
334 374 289 376 266 282 315 351
1 481
128
6 644
577 68 204 328 441 317
9 352
215 144 231 231 144 33 144 34 33
5 258
218 154 106 194 148
10 3
2 1 2 3 1 3 1 1 3 1
10 509
423 12 318 102 121 110 270 103 45 477
10 700
1 1 1 1 1 1 1 1 1 1
10 117
102 105 22 30 17 97 58 38 91 65
6 690
259 520 631 259 400 631
10 660
522 38 139 322 345 623 339 351 310 316
10 30
23 2 2 29 22 3 25 18 23 6
8 150
150 21 17 18 70 68 91 28
5 448
105 105 265 411 105
10 283
32 40 175 208 88 264 281 118 39 206
10 1
1 1 1 1 1 1 1 1 1 1
9 316
3 255 230 247 145 61 123 93 2
3 416
299 155 283
7 431
110 410 385 331 254 294 390
10 551
438 272 459 518 271 492 472 424 363 346
6 540
350 415 508 191 281 293
9 429
191 302 207 191 355 219 148 163 209
10 39
22 14 25 23 13 25 14 21 30 34
10 249
199 204 239 140 148 73 193 6 137 152
6 12
3 2 3 10 9 9
1 423
301
7 559
208 312 506 201 358 189 489
7 589
227 409 422 185 161 442 102
9 435
105 383 105 129 74 105 424 383 108
8 564
564 225 564 225 350 400 564 373
9 660
317 618 571 571 618 618 571 221 317
8 340
243 205 231 20 237 231 196 244
10 583
67 547 480 30 71 395 34 352 500 428
6 582
529 272 234 112 43 253
10 565
54 215 365 159 438 28 70 557 471 287
10 339
236 322 252 93 98 107 61 132 323 64
5 317
117 197 112 235 130
7 104
32 29 66 100 85 88 86
8 269
75 218 171 51 254 15 98 194
1 245
222
1 384
370
10 134
32 71 101 123 79 14 37 19 75 75
