100
54 97 1 0
87 6 0 0
27 82 0 0
15 80 0 3
30 75 0 0
9 39 1 0
86 74 7 1
84 49 0 0
90 23 0 0
73 74 2 0
45 80 1 0
73 60 0 0
58 46 1 0
35 78 0 1
94 99 0 0
10 48 3 1
56 72 0 0
45 67 1 0
41 47 3 0
50 72 0 1
16 54 0 0
53 57 1 0
26 72 1 0
2 64 0 0
87 61 0 0
63 86 0 2
56 21 5 0
6 85 1 0
17 15 1 0
92 47 0 0
22 59 0 1
94 49 0 0
72 67 1 1
15 54 0 1
17 15 0 0
6 49 0 0
58 56 1 1
86 23 0 0
86 65 1 0
1 64 1 9
69 62 0 0
26 6 8 1
81 71 0 1
35 64 1 0
94 45 1 0
41 67 0 0
16 54 2 14
93 64 0 2
27 86 0 7
33 39 0 5
59 6 0 0
16 42 0 1
50 60 1 0
88 32 1 0
45 64 1 24
15 59 0 0
56 55 38 1
56 74 0 0
46 76 0 0
86 86 0 4
26 49 0 1
20 49 2 1
54 85 1 1
10 25 0 2
4 64 1 47
70 97 0 0
94 94 0 0
60 64 1 6
18 89 1 0
6 80 2 0
16 54 0 0
21 46 1 3
9 71 1 1
18 20 1 0
41 48 1 4
18 80 0 0
38 81 0 0
70 15 1 0
16 47 0 0
14 72 0 0
64 47 1 2
9 7 0 1
84 63 0 0
77 92 0 0
73 2 1 0
16 33 1 1
16 46 5 5
61 17 1 0
26 97 1 1
70 67 0 0
73 56 1 0
15 19 0 1
39 3 0 2
69 55 1 0
86 45 1 0
30 63 0 0
64 45 1 0
62 39 0 2
85 10 0 0
27 92 0 0
