200
61 95 1 1
20 51 1 10
8 36 1 2
110 9 0 0
65 159 1 1
73 29 3 0
48 145 10 0
42 159 0 0
25 1 21 0
61 131 1 8
61 6 1 1
120 137 0 0
120 137 0 0
170 104 0 0
23 182 1 0
183 29 0 1
82 57 0 2
63 181 1 0
117 184 0 0
152 52 1 0
89 51 1 4
65 1 2 8
129 99 0 2
58 36 8 2
165 128 0 0
25 129 58 0
6 89 2 0
63 32 0 0
152 160 0 0
15 187 0 3
195 66 1 0
8 128 10 1
67 154 0 0
120 156 1 0
35 4 1 0
72 42 1 0
115 99 1 16
110 36 0 13
119 168 1 0
23 21 0 2
56 47 0 1
195 105 1 1
157 168 0 0
69 168 0 0
8 83 0 0
165 126 1 1
158 100 1 0
123 29 0 0
130 36 3 2
186 59 0 1
8 182 0 0
170 51 1 45
117 176 0 0
123 93 0 0
8 82 4 1
21 143 0 1
152 90 0 4
106 179 0 0
25 2 6 0
130 83 0 0
193 184 0 1
25 142 2 0
172 0 0 0
108 136 1 0
78 54 0 1
186 156 1 0
141 170 0 0
171 1 0 2
2 64 0 0
6 93 1 0
51 127 1 0
69 56 0 0
8 182 2 0
61 194 0 0
20 119 0 0
4 110 0 0
111 105 0 1
152 155 1 1
6 154 2 1
97 109 0 1
117 193 0 1
132 41 1 0
71 56 0 2
19 101 0 3
8 194 0 0
3 123 1 0
58 93 6 1
148 104 1 0
15 132 0 0
86 97 0 0
25 69 1 2
179 36 0 0
61 39 0 1
124 131 1 5
71 48 0 0
187 93 0 0
97 37 0 0
54 194 1 0
129 71 0 1
106 187 0 9
169 134 0 1
27 127 0 2
119 32 0 0
79 125 0 0
94 1 0 0
126 127 1 2
183 23 2 0
94 181 0 0
126 147 3 0
111 67 0 4
5 99 2 0
140 51 1 1
48 20 1 1
170 48 1 0
131 170 0 0
183 130 0 0
149 60 0 0
69 0 1 0
109 76 0 0
48 99 1 5
23 181 3 1
26 181 0 0
25 116 1 0
165 45 2 0
159 199 0 0
31 112 2 3
50 199 2 1
185 187 0 8
152 186 0 1
8 93 1 0
25 129 21 0
198 187 0 16
120 137 0 0
108 20 1 0
14 23 1 1
54 125 0 0
77 79 0 0
122 9 1 3
105 79 1 0
123 125 0 1
50 79 0 0
133 51 0 0
123 29 0 1
45 124 0 0
99 94 0 0
5 21 0 2
41 49 1 0
128 16 0 1
10 154 1 0
15 77 2 0
31 138 0 1
81 21 0 0
58 60 0 0
78 149 1 1
158 137 0 1
21 37 1 0
144 179 0 0
112 39 0 0
115 57 0 1
2 184 1 2
178 59 0 0
35 182 0 0
1 51 0 2
89 132 0 0
76 189 1 0
54 184 3 0
109 182 1 0
63 32 0 0
19 184 0 1
25 109 1 0
48 2 1 1
130 176 0 0
94 184 1 1
149 177 1 0
86 22 2 0
15 135 0 0
104 187 1 0
189 106 1 1
174 196 1 0
23 119 1 4
121 40 0 0
160 41 0 3
43 193 1 0
25 105 1 0
174 37 0 6
21 194 1 0
31 151 3 0
125 51 0 64
174 129 0 0
61 37 0 0
195 59 0 0
119 155 1 0
95 67 0 0
31 119 0 2
186 162 0 1
23 132 0 1
5 51 0 1
65 132 0 0
170 174 1 0
73 145 0 0
