500
11 15 0 0
263 224 6 0
216 60 40 0
203 21 0 0
78 52 0 1
376 324 1 0
472 27 1 4
101 186 0 1
480 232 0 0
54 466 0 2
316 232 2 0
308 163 3 0
308 261 2 1
15 433 0 1
99 339 0 3
71 261 0 5
181 158 1 2
379 86 1 1
322 153 1 1
385 364 0 2
261 135 0 1
199 162 0 1
495 445 0 0
176 16 0 0
376 489 0 1
213 485 0 0
93 153 0 1
447 336 0 10
288 411 0 0
203 267 1 0
480 411 0 8
279 491 3 0
282 41 0 1
95 52 0 0
322 245 0 2
464 94 0 1
246 52 1 0
174 110 0 0
2 30 24 0
379 24 5 0
3 298 0 0
432 187 0 0
71 156 0 0
168 245 1 0
54 474 0 0
346 394 0 0
75 450 1 1
499 399 1 0
63 30 1 1
401 21 1 0
460 23 0 0
47 83 1 0
341 336 2 3
353 138 1 0
213 71 4 5
137 339 1 0
356 88 0 0
292 196 1 0
10 127 2 0
203 233 6 0
418 433 1 0
456 320 5 0
322 15 0 0
479 284 2 1
368 224 0 1
460 461 2 0
487 371 1 0
47 224 0 0
155 152 1 0
304 362 0 0
44 151 0 0
410 411 0 29
116 88 1 0
328 365 1 0
1 278 1 0
59 100 1 7
455 14 0 1
196 284 0 1
456 261 19 0
214 336 2 1
456 16 1 0
82 278 0 1
451 63 2 0
262 75 0 0
388 174 0 0
315 211 2 1
13 164 1 1
355 146 2 0
8 70 2 3
204 54 2 3
405 326 1 0
12 208 1 1
2 366 1 1
342 211 0 0
342 428 0 2
160 343 8 0
135 84 1 0
72 150 9 1
401 321 0 1
282 354 2 1
201 30 0 4
412 157 0 0
385 428 0 3
262 94 3 0
475 335 0 1
110 326 3 7
97 52 6 0
416 45 0 0
78 64 1 1
46 498 1 0
31 33 0 1
96 180 0 0
273 253 1 0
160 494 0 0
3 245 3 0
252 266 0 1
279 388 6 0
344 71 0 2
266 313 0 0
272 472 0 0
281 9 0 1
78 19 1 0
203 422 0 0
2 55 1 0
493 317 0 0
388 297 1 0
311 485 0 0
174 336 1 0
224 30 1 1
117 93 0 0
282 442 0 0
319 399 0 0
192 487 0 1
237 54 0 0
430 113 0 0
161 419 0 1
400 362 1 1
404 336 0 0
90 487 0 1
139 425 160 0
322 277 0 0
72 240 0 0
15 190 0 0
426 331 0 1
161 335 0 2
165 93 2 1
167 385 0 0
204 73 0 0
361 289 2 0
251 144 0 0
407 89 1 0
62 266 1 10
336 105 0 0
113 332 0 1
377 241 1 0
415 88 0 0
139 94 0 1
8 463 1 1
37 170 0 2
114 24 1 0
38 427 1 0
38 309 0 0
79 266 1 5
423 250 1 1
317 335 1 2
1 48 0 0
416 114 1 1
379 411 0 0
161 232 0 0
97 287 2 0
116 266 64 2
2 38 3 0
266 88 1 1
316 147 0 1
2 71 3 0
328 382 1 0
139 94 0 0
11 477 0 0
92 161 0 0
151 489 1 0
465 147 0 0
1 441 1 2
189 79 1 0
415 395 0 0
308 386 0 0
72 219 0 1
113 272 0 1
59 472 2 0
322 53 0 0
480 151 10 2
464 162 1 1
193 170 1 1
169 410 0 0
1 484 2 0
114 283 1 1
259 342 0 0
0 27 0 0
27 399 0 0
169 55 1 0
128 364 0 0
8 351 0 0
203 261 1 0
449 30 0 1
273 277 15 1
456 97 2 1
113 181 0 0
99 223 1 0
439 498 1 0
25 339 0 2
257 332 0 0
356 0 0 0
356 6 0 3
392 252 1 0
224 191 2 0
2 455 2 1
315 322 0 0
139 223 1 0
486 119 1 0
193 476 0 1
356 34 0 1
96 471 0 1
259 157 1 2
448 250 0 1
216 411 0 1
356 402 6 0
405 181 0 0
448 15 0 0
340 392 0 0
115 464 1 0
3 423 0 0
248 454 0 0
182 94 0 0
165 71 0 5
139 114 0 2
48 472 0 1
97 441 1 0
356 211 1 0
283 425 0 3
333 19 0 0
415 326 0 0
70 94 0 3
191 364 0 0
159 71 0 0
257 251 0 0
203 398 1 0
147 94 0 8
65 456 0 0
87 223 1 1
170 33 0 2
306 32 0 0
352 14 0 0
9 332 1 0
97 240 1 0
395 320 0 0
78 407 0 0
315 135 0 0
284 84 1 0
370 190 1 1
479 343 0 0
162 122 0 1
306 434 0 0
396 441 0 4
95 89 4 1
170 362 0 0
23 20 0 1
344 261 0 0
105 339 1 0
467 14 0 3
178 21 0 1
324 43 1 0
166 286 0 0
148 487 0 0
456 223 1 1
480 402 22 1
498 392 0 0
54 394 1 0
252 224 0 0
272 398 0 1
206 237 0 1
139 12 92 0
81 334 0 1
74 425 1 0
85 83 1 0
8 62 0 1
341 484 1 1
275 398 1 0
195 441 0 0
396 55 1 1
279 39 1 0
157 102 0 1
145 220 0 0
127 124 1 1
453 233 0 0
10 238 0 0
364 301 0 0
404 144 1 0
398 211 0 0
134 261 0 1
369 332 9 2
38 207 0 0
16 237 0 0
135 267 0 0
8 314 1 0
255 220 0 0
320 404 4 1
333 124 0 0
89 13 1 1
477 488 1 0
61 395 3 0
11 15 1 1
237 156 1 0
37 338 1 0
83 485 1 1
418 484 1 0
351 275 0 1
31 292 7 1
360 94 2 0
160 489 1 1
18 344 1 1
419 218 0 0
78 368 1 1
176 181 0 0
379 240 2 0
469 33 0 0
171 104 2 1
269 491 1 1
275 458 0 0
412 87 0 0
357 156 2 1
304 135 1 0
46 474 1 0
480 419 0 0
73 339 0 8
171 248 1 0
84 162 0 1
105 332 1 3
8 266 1 2
163 419 0 2
224 21 0 0
331 339 0 186
31 100 0 0
273 312 3 0
315 214 0 0
148 298 0 0
139 100 0 0
101 223 0 1
106 356 1 0
351 352 0 1
95 319 1 0
424 448 1 1
56 77 0 0
398 189 1 1
155 75 0 0
219 196 1 0
235 267 1 0
122 8 2 0
61 189 1 6
160 347 2 0
284 150 0 0
362 336 1 1
189 447 7 0
398 47 2 0
78 388 0 1
424 337 0 0
475 117 0 0
66 368 0 0
308 484 1 3
121 100 0 0
483 30 0 4
170 158 3 0
39 45 3 0
29 306 1 0
405 119 0 0
346 245 1 0
220 478 0 0
168 39 1 1
59 121 0 0
256 91 0 1
497 150 0 0
298 344 11 1
196 97 0 0
410 315 1 0
56 428 0 0
405 328 1 0
354 156 0 0
273 245 1 0
80 176 0 1
279 92 0 0
97 261 0 1
112 264 0 0
145 313 1 1
479 253 0 0
467 248 0 0
95 345 0 1
266 105 0 4
499 105 1 2
2 472 1 1
355 54 1 1
103 415 3 5
165 368 1 0
483 487 0 0
85 339 0 0
179 75 0 0
39 219 0 1
139 356 0 0
116 62 0 0
77 241 0 0
257 221 0 0
189 202 0 0
271 34 0 0
418 144 2 0
88 266 0 22
480 455 0 0
475 14 1 0
91 199 0 0
106 223 2 0
216 422 1 1
78 370 1 0
360 72 0 0
315 27 1 1
193 30 0 1
372 245 0 0
267 167 0 1
413 88 1 0
63 476 0 0
493 223 0 4
416 21 1 0
92 221 0 0
226 71 1 26
82 282 0 0
493 461 2 1
104 253 1 0
479 19 0 0
3 208 0 2
164 33 1 0
375 81 1 1
320 100 1 0
67 122 0 0
96 197 0 1
274 151 0 0
97 33 0 0
255 336 1 8
265 55 0 1
214 263 1 0
225 7 0 1
174 102 1 0
128 159 0 0
275 336 0 1
43 339 1 0
52 94 0 0
27 33 1 1
72 264 2 0
138 280 1 0
187 261 0 0
157 339 1 1
63 232 1 2
279 131 26 0
85 23 1 0
343 411 1 8
65 363 0 0
480 15 1 0
467 421 0 0
371 98 0 0
160 266 0 2
499 9 1 0
167 402 1 0
396 240 0 1
320 337 1 0
498 329 0 0
203 454 0 1
114 298 0 0
329 366 0 0
320 395 1 4
75 44 0 0
70 304 0 0
304 15 1 0
434 398 0 0
467 300 0 0
170 428 0 1
369 189 2 1
170 258 59 0
135 203 1 1
74 481 0 0
320 220 1 0
169 332 0 5
39 170 1 2
381 454 0 0
411 266 1 1
165 224 0 0
87 441 0 2
61 479 0 0
315 202 0 1
18 420 1 0
106 287 1 0
201 189 0 0
340 388 1 0
198 359 0 0
58 411 1 0
78 356 3 0
189 266 4 0
