1000
14 552 0 1
736 910 1 1
275 265 0 2
293 889 0 1
963 390 2 8
14 71 11 2
735 800 1 0
974 503 0 4
442 990 0 0
312 782 0 0
70 656 1 0
699 315 1 0
671 673 1 0
790 967 0 0
633 954 12 0
415 188 24 0
864 559 1 0
806 866 13 0
115 990 0 0
39 774 0 0
713 887 1 0
287 298 1 0
919 735 0 1
994 213 1 3
144 275 6 0
864 448 1 0
291 132 0 0
274 760 0 1
509 807 1 7
755 526 0 0
551 614 0 1
162 534 0 0
295 153 54 0
448 334 0 0
430 0 0 1
165 60 1 0
74 196 1 2
937 55 1 0
179 900 0 0
854 912 2 0
157 113 3 25
520 797 2 0
418 199 1 8
973 321 0 0
581 92 0 0
295 512 3 1
990 164 2 0
697 495 0 0
806 940 1 0
455 732 1 0
482 46 2 0
659 134 0 3
525 505 0 7
721 996 0 2
964 395 0 14
111 292 1 1
39 347 1 0
507 854 0 1
623 333 0 0
431 709 0 0
631 955 0 0
532 363 1 0
942 197 0 0
752 255 8 0
226 391 5 0
833 855 0 3
530 189 0 0
673 929 1 2
363 402 0 0
641 614 1 0
862 654 3 3
471 992 0 5
822 933 0 0
543 551 1 0
32 589 3 1
86 684 0 1
275 732 2 2
165 992 2 0
958 507 1 0
41 629 0 1
707 902 1 0
493 926 1 1
52 719 0 1
324 829 0 0
44 852 0 6
226 533 10 1
865 511 1 0
711 814 0 0
274 583 1 2
17 873 10 0
85 42 1 0
308 223 0 0
622 239 0 1
542 835 0 1
39 504 1 0
979 573 0 0
409 55 0 0
24 149 0 1
639 653 0 1
301 523 0 4
257 777 0 0
357 663 0 1
916 636 0 0
307 457 0 0
274 644 1 1
693 74 0 0
625 505 0 4
756 46 0 0
714 893 0 8
895 375 2 0
490 881 0 0
586 403 3 1
467 491 0 0
861 996 0 10
752 75 0 0
45 406 0 1
912 207 1 18
56 132 0 0
24 87 1 0
848 488 1 1
689 487 0 0
929 644 0 0
642 619 0 0
279 807 1 3
372 465 1 0
85 84 2 0
320 627 1 0
504 320 0 0
492 216 1 1
135 978 0 1
172 831 1 0
423 274 0 0
972 426 1 0
5 768 4 1
462 807 0 6
64 205 3 0
357 775 0 0
492 348 0 1
644 732 1 3
895 568 0 0
390 632 0 0
5 395 2 0
76 390 0 1
133 910 0 0
624 34 4 0
85 429 1 0
55 889 0 0
306 656 1 1
165 982 0 0
118 223 0 0
463 434 0 0
312 867 0 0
155 217 0 0
351 108 7 4
331 836 0 0
787 293 4 0
393 32 0 0
226 54 2 2
551 900 0 1
902 831 1 1
481 834 0 3
401 873 0 0
775 541 4 1
464 615 0 2
756 28 0 0
295 662 133 0
742 660 1 1
599 115 0 0
534 59 0 0
5 739 0 0
212 933 1 0
531 234 0 0
752 925 2 0
364 777 0 0
76 768 0 3
170 534 6 1
675 113 1 1
201 423 1 1
656 634 0 0
756 673 0 2
808 638 1 0
78 549 0 0
812 106 1 1
76 574 1 1
198 402 0 2
720 202 1 0
130 654 1 0
861 38 0 0
941 440 0 0
333 252 0 0
758 759 1 1
653 931 0 0
965 664 0 1
67 781 1 0
655 97 1 0
705 906 0 0
213 719 0 12
768 313 0 2
872 981 0 2
881 963 0 12
14 248 0 1
725 949 0 0
990 566 1 7
226 890 3 0
852 28 0 1
521 531 1 0
205 243 1 0
533 566 1 6
105 175 0 0
861 958 0 0
141 769 2 1
7 844 0 0
223 807 24 0
282 7 10 1
247 780 0 1
688 240 0 13
6 858 1 1
938 777 0 3
615 579 0 1
282 867 24 0
673 855 3 1
276 710 0 1
900 88 0 0
339 858 27 0
78 950 1 0
185 482 0 0
521 327 31 0
206 203 1 0
563 905 0 1
699 614 1 0
382 331 0 1
317 342 4 0
397 391 1 0
307 234 0 1
450 407 1 0
195 951 0 3
633 162 1 1
212 952 1 0
90 170 0 0
13 116 1 3
949 893 0 8
518 101 1 0
382 846 2 1
56 747 0 3
940 640 0 2
467 193 0 0
621 893 0 0
464 951 0 7
596 894 0 1
532 108 1 0
412 569 0 1
108 865 0 0
715 502 0 6
76 604 0 0
676 157 0 0
894 174 0 0
994 488 0 0
625 996 1 2
420 259 0 1
870 843 1 3
201 327 0 0
496 184 0 0
142 428 0 0
141 489 0 0
268 873 1 1
766 777 2 22
133 725 1 0
5 528 0 2
958 555 1 0
4 996 0 2
997 239 0 0
994 924 0 0
726 688 1 0
231 784 0 1
428 933 2 5
982 76 6 1
513 31 1 0
963 133 0 0
833 633 0 21
415 524 1 0
89 123 0 1
553 782 0 3
32 2 41 1
497 905 0 0
124 175 0 0
165 834 67 4
282 265 0 0
212 441 1 0
973 959 1 0
317 153 0 1
285 197 1 0
569 996 0 0
371 573 0 3
162 560 2 1
58 902 2 0
295 110 318 0
660 627 0 0
542 714 1 1
294 84 0 0
50 423 0 0
584 777 0 1
543 255 1 0
819 327 1 0
929 487 0 1
196 395 1 0
395 69 0 2
669 958 1 0
584 665 0 0
287 851 0 0
755 622 1 0
632 852 0 1
15 246 1 1
193 599 1 0
324 276 2 0
382 977 0 0
949 713 0 0
510 439 0 0
15 249 2 0
445 651 0 0
158 292 1 1
111 494 0 1
111 160 0 0
397 994 1 0
183 5 0 0
382 181 12 1
522 170 0 0
532 932 1 0
508 416 1 0
598 462 0 0
631 274 0 0
839 247 2 0
64 662 0 1
302 315 1 0
273 265 0 1
677 278 0 1
740 31 0 0
633 106 1 0
415 580 0 1
154 627 0 0
592 243 20 0
438 607 0 0
131 959 1 2
951 844 0 0
35 775 0 0
265 440 0 2
106 104 0 0
555 808 1 0
710 963 0 2
503 134 1 1
785 781 1 0
275 273 1 0
623 889 0 0
993 43 1 0
406 709 0 0
304 555 0 1
369 267 0 0
919 67 1 1
592 504 1 0
509 76 0 0
723 283 1 0
204 442 1 0
317 854 0 0
401 759 1 1
350 285 1 1
15 452 6 0
848 858 0 0
980 258 0 1
925 523 0 19
610 194 1 0
752 673 8 0
141 36 0 0
862 281 2 0
213 861 1 0
862 257 0 4
5 263 15 0
202 626 0 1
611 690 0 0
766 898 0 0
374 4 3 1
958 87 0 0
237 113 0 0
175 472 0 1
295 919 4 0
563 853 0 0
910 28 0 2
404 835 0 0
23 220 0 1
52 834 0 2
378 158 0 1
485 395 0 1
418 719 1 15
125 362 3 1
173 255 0 0
265 95 0 0
861 837 1 0
676 566 0 31
831 795 0 2
624 713 2 0
888 559 0 0
348 431 0 0
551 739 0 0
488 141 1 1
34 265 0 0
285 873 0 0
44 566 0 1
626 766 0 0
3 429 1 0
933 797 0 0
430 635 1 0
646 726 0 0
998 123 0 0
159 42 0 0
165 447 0 1
269 65 0 1
77 64 2 1
295 179 8 0
521 4 0 2
282 599 1 0
423 346 0 0
819 840 0 0
48 922 0 0
437 450 0 0
316 269 1 1
521 747 1 2
210 562 1 1
21 704 0 0
324 403 0 0
203 396 0 1
285 568 4 74
577 40 1 8
488 850 0 0
751 893 3 7
622 967 1 0
504 587 0 0
574 494 0 1
382 196 3 0
429 265 2 1
858 906 2 0
751 143 1 0
5 183 0 0
435 566 0 0
115 52 0 1
806 0 0 0
452 958 2 0
340 300 0 0
649 164 0 3
829 239 1 0
714 654 0 2
922 698 0 1
17 447 0 0
131 158 0 0
876 932 1 0
832 174 2 0
175 324 0 0
826 336 0 1
272 327 1 0
857 887 0 0
982 319 0 0
292 654 0 0
319 242 0 0
499 797 1 0
77 189 1 0
616 808 0 1
861 698 0 0
285 521 2 0
650 694 0 1
742 49 0 0
982 419 36 1
943 200 0 0
212 539 1 0
989 123 0 0
864 683 5 1
374 106 2 1
109 230 1 1
504 235 1 2
131 900 0 0
512 808 1 0
554 473 0 0
40 341 0 1
851 921 0 0
568 525 0 0
737 346 0 0
471 254 0 1
579 285 1 0
460 61 0 1
624 552 17 1
317 531 0 0
331 36 0 1
485 448 2 0
325 407 0 1
382 533 1 0
10 504 0 0
982 321 0 0
40 402 0 0
453 753 0 0
24 145 0 0
118 99 1 3
3 555 0 0
291 978 0 0
839 351 2 0
726 673 0 0
21 571 0 0
449 710 1 14
24 826 1 2
547 281 8 2
152 4 0 0
339 599 2 1
60 88 0 0
153 725 0 1
285 565 2 1
744 823 1 0
4 54 0 2
715 54 1 2
207 445 1 0
453 474 0 0
135 512 0 1
282 370 1 0
657 299 0 1
971 208 1 0
362 961 0 2
592 829 1 0
633 633 57 0
826 950 0 0
94 395 0 1
983 419 0 1
832 931 6 1
94 548 0 0
324 765 0 0
569 223 0 1
219 843 1 1
937 175 2 2
317 773 0 1
133 283 2 0
287 436 3 0
935 807 2 5
351 60 1 0
485 51 0 0
562 951 1 0
294 575 0 0
109 929 0 1
919 751 0 1
620 975 0 0
330 211 1 0
504 224 0 1
619 673 0 1
851 660 0 0
916 67 0 3
231 274 20 0
230 889 0 2
995 259 1 2
588 441 1 0
623 395 1 1
157 431 0 0
712 369 0 0
397 403 2 1
111 202 1 0
76 134 1 2
374 163 0 0
643 176 1 0
971 783 0 4
879 769 0 1
831 688 0 0
230 769 0 0
928 937 3 0
804 832 0 0
713 549 1 1
440 566 0 109
768 728 1 0
109 858 0 88
452 513 0 0
661 23 0 0
965 906 0 1
540 4 0 0
274 858 0 5
713 633 4 6
230 281 0 0
889 218 0 0
170 215 3 3
472 926 0 0
313 514 1 0
745 305 0 1
391 908 2 0
88 640 1 0
5 54 0 2
125 512 1 0
331 2 0 0
854 546 5 1
735 307 0 0
200 960 0 0
534 53 0 0
876 611 0 0
390 104 1 0
14 614 40 0
884 210 0 0
669 894 1 0
437 965 0 0
497 556 0 0
382 654 0 0
624 314 1 0
673 939 1 0
24 233 1 1
552 440 1 0
369 429 0 0
475 217 0 1
488 735 0 1
765 992 0 1
302 472 0 0
182 221 0 1
40 274 0 0
819 701 1 0
212 0 0 1
509 612 0 0
998 283 0 1
779 143 0 0
383 51 0 6
918 5 0 1
63 69 0 0
105 188 0 0
755 830 0 1
877 803 0 0
725 54 6 1
643 383 2 0
915 367 0 1
285 429 17 0
219 996 31 0
725 645 4 1
650 166 1 0
464 215 0 4
525 881 12 0
720 373 0 0
551 627 1 0
337 713 1 0
871 807 0 0
165 807 89 55
777 496 0 0
458 577 1 1
999 133 0 1
832 127 0 0
490 65 1 0
242 423 0 0
680 390 1 4
771 988 2 0
980 147 1 1
11 931 0 0
397 431 1 3
245 377 1 0
521 349 2 1
21 192 0 0
553 217 1 0
963 179 1 1
242 931 3 0
990 448 2 0
694 146 1 0
488 429 2 0
850 367 0 3
563 278 1 0
779 566 2 3
641 635 1 0
667 284 0 0
793 227 1 1
155 123 0 3
721 334 0 0
403 116 0 5
609 252 0 1
420 694 0 1
514 843 1 5
520 620 0 1
693 483 0 0
895 956 0 1
932 75 1 0
205 40 0 0
46 69 0 0
653 602 0 0
317 568 1 10
302 293 0 0
950 996 2 0
767 326 0 0
599 982 0 0
769 530 0 0
115 121 1 0
554 555 1 0
650 803 0 0
877 110 0 0
699 898 2 1
27 52 0 3
902 246 1 0
97 904 0 0
852 137 0 0
364 673 0 2
467 387 0 1
324 929 1 1
176 116 1 1
291 557 0 0
623 904 3 0
547 196 0 6
724 664 0 0
290 894 1 0
673 823 3 0
458 673 0 1
226 247 9 0
60 396 0 1
63 178 0 1
262 842 0 0
469 589 0 1
899 206 0 0
89 300 2 0
43 286 0 0
574 223 0 0
902 747 0 0
875 356 1 2
989 278 0 31
771 937 1 0
206 249 4 0
467 664 5 4
687 75 0 0
369 351 0 0
109 958 0 0
232 908 1 0
144 533 0 0
971 858 0 38
485 968 1 0
868 283 1 0
577 81 0 0
467 465 1 0
715 475 0 0
282 534 5 2
157 790 0 0
362 316 1 1
307 278 0 0
535 732 1 0
361 656 1 0
377 72 0 0
220 795 1 5
275 823 0 1
506 766 1 0
864 855 2 0
14 588 1 0
89 615 2 1
736 866 0 0
942 198 0 0
891 799 0 1
547 30 0 1
932 636 1 0
649 523 1 0
826 134 0 2
45 665 1 1
557 199 0 0
683 84 0 5
511 361 0 0
275 235 0 0
295 485 0 0
547 92 2 1
467 826 8 0
475 577 0 1
619 487 0 0
435 952 2 0
362 32 1 1
308 644 0 0
875 898 3 0
41 274 0 0
621 860 0 0
42 582 0 0
720 37 0 0
423 930 0 1
915 654 0 0
485 574 1 2
620 960 3 1
790 957 3 1
736 390 0 3
131 221 0 4
669 797 0 0
219 445 4 1
543 979 0 0
152 833 0 0
121 65 0 0
378 969 6 0
923 660 1 0
828 428 1 35
683 770 0 0
732 119 3 0
925 744 0 1
712 2 0 5
711 982 0 5
620 71 0 4
854 403 0 2
537 980 0 0
873 8 0 0
697 680 4 0
268 53 1 1
231 917 1 0
74 349 1 1
931 40 0 1
615 765 1 1
964 269 1 1
337 607 1 0
114 265 0 14
729 330 0 0
443 502 0 6
556 548 0 0
294 344 0 0
674 387 0 1
620 620 0 0
614 656 0 0
293 244 1 1
301 428 0 0
852 202 0 0
324 546 14 0
388 395 1 81
699 202 0 3
749 914 0 1
879 150 0 0
875 963 0 0
203 455 2 0
981 420 0 0
44 373 1 1
579 765 0 0
624 753 1 1
408 920 0 0
961 84 0 1
70 922 0 1
986 30 0 0
223 61 0 1
472 378 0 0
916 373 0 2
923 239 0 0
236 627 0 0
219 428 3 0
940 257 0 1
155 133 0 0
586 440 0 1
101 952 0 1
938 952 0 1
231 52 3 0
536 795 0 1
131 523 0 2
428 42 3 0
429 45 0 0
617 195 0 1
736 389 0 0
237 627 1 0
621 961 0 3
628 910 1 0
251 792 0 1
118 963 0 9
768 577 0 2
89 562 1 0
854 760 0 1
288 532 1 0
467 824 0 0
61 124 0 0
820 195 0 0
48 858 0 0
520 768 2 15
439 640 1 0
521 583 10 1
315 654 0 10
172 557 0 0
862 946 0 0
504 566 0 40
50 213 1 0
995 931 0 1
382 307 4 0
213 700 2 0
547 179 1 1
628 631 3 0
504 42 2 0
15 42 0 0
172 633 0 2
850 79 3 0
436 164 1 1
740 555 1 1
996 134 0 0
835 272 1 0
365 446 0 9
834 841 0 0
131 786 5 0
318 541 2 0
369 931 1 0
354 336 0 0
888 27 0 0
69 138 0 0
279 42 1 0
963 964 0 0
446 184 0 0
864 979 0 1
478 548 0 1
255 917 0 0
961 981 0 0
414 761 1 1
533 252 0 1
958 477 0 1
39 384 3 1
138 777 0 0
409 428 1 0
506 138 0 0
431 928 5 0
499 173 1 0
712 267 0 0
869 265 0 4
530 422 1 1
804 992 0 4
537 669 0 0
740 433 0 0
974 924 1 0
942 413 0 0
887 889 1 1
938 247 0 0
439 839 0 0
801 347 0 1
299 893 0 0
180 931 1 0
431 832 0 1
547 7 0 0
616 954 0 0
351 329 0 1
478 199 2 1
806 381 2 0
588 586 1 0
513 384 1 0
712 289 2 0
625 341 0 0
496 713 0 1
426 23 0 1
369 109 1 1
478 614 0 0
20 554 0 0
405 940 0 1
374 95 1 0
453 710 0 1
675 963 2 5
867 199 0 0
767 566 0 0
153 108 7 1
144 929 1 1
865 931 0 0
717 350 1 0
403 684 0 0
932 530 2 1
758 511 0 0
452 70 0 3
521 403 0 1
927 26 1 0
85 309 1 1
443 310 1 0
847 341 0 0
853 276 0 0
988 665 0 0
982 986 0 0
854 938 0 0
574 508 1 0
364 465 2 0
32 556 0 5
768 240 0 0
408 273 0 1
648 193 0 2
178 622 1 0
814 428 0 0
790 519 0 1
63 559 1 0
206 145 0 2
840 893 0 0
746 113 1 3
232 229 1 1
15 633 6 35
471 605 0 0
45 903 1 1
38 392 0 1
872 632 0 1
553 732 1 0
931 69 0 0
94 691 1 0
988 887 1 0
779 699 1 0
651 177 0 0
135 634 1 0
980 622 1 1
990 603 0 0
737 115 0 1
242 22 1 0
625 36 0 1
14 36 0 1
424 747 1 1
285 199 24 6
508 765 0 1
90 197 1 0
49 863 0 1
806 407 3 0
755 179 0 0
63 640 3 0
203 46 1 0
89 788 4 0
553 297 1 0
833 40 0 14
965 599 0 0
287 36 0 1
558 839 1 1
989 566 0 24
970 865 0 0
196 188 0 0
807 807 0 1
