2000
833 240 0 1
765 587 1 0
795 573 7 1
1439 1288 0 0
407 1914 1 0
639 1598 0 1
1490 797 0 0
1588 537 0 3
1703 102 0 15
721 354 0 1
1252 341 0 1
1891 392 2 1
1079 489 13 1
78 703 1 0
239 731 0 1
1980 193 0 0
1806 634 0 1
1668 1056 0 0
341 546 1 0
1106 923 1 0
1400 1903 0 0
1771 1655 1 0
1086 1202 0 0
1061 62 1 1
149 73 0 1
63 1263 1 0
644 1368 1 0
1504 1102 0 0
1826 1785 1 1
763 1038 1 0
1161 1022 2 0
1106 255 1 0
864 1022 1 4
1694 486 2 0
1361 783 0 0
25 1007 0 0
351 1626 0 1
844 731 0 1
612 565 1 0
534 158 0 0
1871 137 0 1
1241 1563 0 0
1887 588 1 1
1072 629 0 1
705 1786 6 1
398 354 1 0
1214 267 0 0
159 1079 0 1
386 923 0 0
1626 964 1 0
150 142 0 0
743 1478 2 1
146 594 0 0
461 128 0 6
1462 55 1 1
513 1761 0 0
1712 1681 0 0
1090 593 1 0
1452 1500 0 0
184 1735 0 22
330 1621 1 0
207 11 0 0
906 374 0 0
1994 756 11 0
128 943 1 0
292 653 1 0
380 968 0 1
487 431 0 16
896 1525 0 0
785 1433 2 13
527 645 1 0
1196 173 0 1
533 565 0 1
102 601 0 2
416 1279 1 1
996 1395 1 1
1671 381 0 0
728 1005 1 0
284 1463 1 0
1704 1287 1 0
1825 1298 1 0
1891 25 1 0
563 297 0 0
1352 516 3 0
1239 37 1 0
322 1359 2 0
1075 528 0 0
433 547 1 0
1761 1275 2 1
340 1707 0 0
1265 1531 1 0
84 1228 0 0
448 1734 2 0
1628 1282 0 2
175 1951 0 1
1264 766 0 0
1413 1982 0 1
821 1659 0 0
807 1169 0 0
142 1156 4 1
229 145 0 0
1319 192 1 0
1528 988 0 7
1322 70 0 1
409 1226 1 1
742 1531 1 7
1846 1077 0 0
468 1066 0 1
891 1995 0 0
1140 1740 1 1
521 580 3 0
1043 670 0 1
131 869 5 0
1916 244 0 0
1563 1960 0 0
890 1743 1 1
1806 577 0 0
1806 151 1 0
956 1096 0 2
1846 1866 2 1
981 1036 2 0
823 616 0 0
1499 1393 0 41
757 1190 0 0
1884 136 0 2
1475 157 0 1
1793 1178 4 0
761 1101 0 1
1482 1208 1 43
490 1575 1 3
1109 1398 0 1
306 1476 4 0
1292 724 0 0
1229 1041 0 0
1995 1377 0 0
1856 298 1 1
757 857 2 8
407 1343 1 0
1834 923 0 0
789 569 1 0
492 1250 0 0
228 1735 0 3
1261 1418 23 3
749 625 1 0
505 1267 17 0
289 1208 47 1
766 1214 2 0
1630 1972 1 1
1261 1645 0 0
762 198 0 1
1431 1287 4 0
614 416 0 1
1151 1424 1 0
980 1149 0 0
1373 1238 1 1
433 389 1 0
1527 656 0 2
821 1066 1 0
1 1022 0 65
629 247 1 1
404 67 3 0
475 463 0 0
411 178 2 1
1561 1892 1 0
305 593 1 0
201 821 0 0
998 1241 2 0
1250 1707 1 0
529 942 0 0
228 267 3 1
559 588 1 0
243 381 10 0
577 1669 0 1
583 1811 1 4
371 870 0 0
177 1042 0 1
1291 122 1 0
1902 224 4 0
1961 1101 0 4
1320 296 0 0
464 152 1 0
1015 853 2 0
1147 1934 1 2
304 1483 0 1
833 457 0 0
1697 1951 0 0
1501 1595 0 0
501 752 0 0
192 1163 0 1
949 944 0 0
317 411 1 0
1789 1376 0 0
1565 641 5 1
249 245 2 1
1712 815 1 0
679 43 0 10
1171 158 1 4
358 1290 0 5
998 34 3 4
243 1005 1 0
331 1743 1 1
1065 200 0 0
99 197 0 1
1726 1270 0 0
543 734 0 0
179 1330 0 0
49 992 0 0
829 1746 0 0
806 374 0 0
309 682 1 1
1672 193 0 0
346 670 0 0
395 1942 0 2
949 766 1 0
648 1864 0 0
74 690 0 0
1913 1682 0 0
1315 439 1 1
262 506 0 1
115 807 2 0
927 644 4 0
893 731 0 0
1538 1126 0 1
931 622 0 2
973 433 0 0
559 439 17 1
1362 498 0 3
733 1693 1 0
1256 1402 0 1
1290 845 1 1
795 1243 1 1
1004 354 0 0
531 1874 0 1
1717 1337 0 0
159 756 0 0
1669 239 1 1
1037 1086 0 0
1466 656 5 0
791 1272 0 0
1981 1711 1 0
1261 1218 0 2
418 601 1 1
1902 1054 0 1
1857 220 19 4
829 1368 7 0
911 1029 1 0
1085 1945 0 0
516 581 1 1
1072 791 1 0
1702 340 2 1
226 1317 0 0
1336 1640 0 0
1846 1482 0 0
1070 1746 0 0
749 1418 0 0
1288 178 1 1
767 1902 1 0
1412 1085 0 0
1073 38 0 1
298 345 4 1
1445 644 0 1
1689 540 0 0
1538 1945 0 0
218 189 0 1
1874 1737 0 0
669 1669 0 0
144 259 2 0
1835 506 0 2
1445 1006 0 0
1224 554 0 1
262 776 0 0
1962 45 0 0
1418 565 0 1
1703 866 1 0
1099 580 0 1
256 990 1 1
290 416 0 1
1416 1572 1 0
753 1032 1 0
19 1720 0 0
1724 1192 1 0
28 649 1 0
696 93 0 1
1616 565 1 0
1658 1276 2 2
998 1707 0 0
835 341 0 0
1578 915 0 0
178 372 0 0
505 1860 153 1
1565 141 4 5
1068 815 1 0
1147 251 0 0
813 576 0 0
92 1188 1 0
323 301 0 1
679 1740 0 3
98 566 1 0
1843 141 14 2
146 1084 1 0
157 1595 0 0
247 237 0 0
75 1810 0 1
1534 501 0 5
219 501 1 1
571 595 0 0
404 1373 3 0
1027 1763 0 0
293 1022 0 0
1241 475 2 0
1042 566 1 0
1761 1745 2 0
980 27 0 1
1793 482 0 1
1944 1054 0 0
661 1028 4 0
1935 1090 0 1
1241 75 2 1
1216 501 1 0
970 44 2 2
1499 663 2 0
145 1857 99 0
814 927 2 0
145 1877 2 0
721 903 0 0
825 1284 0 0
217 485 0 0
12 1702 4 0
207 1169 0 1
374 228 0 1
1081 530 2 0
620 807 0 0
1637 838 1 0
120 1552 0 0
1382 1796 0 1
1793 107 0 0
1892 628 1 1
1252 930 0 0
1033 402 0 0
1771 1149 20 0
252 1960 0 20
427 711 0 6
213 403 0 0
852 1290 0 1
1331 808 1 1
1632 1250 0 0
949 1446 7 1
1759 1956 0 0
1947 1090 1 0
346 1318 0 0
364 1017 3 0
1527 1666 0 1
1005 1551 1 0
1677 1435 3 1
1857 943 0 5
503 1953 0 2
973 12 1 0
438 591 0 1
1843 1085 1 1
465 410 0 0
979 1516 0 0
1306 1345 0 0
33 1056 0 1
729 569 1 0
1167 0 2 0
795 1806 34 2
1865 1220 1 1
90 1086 0 0
1529 146 0 1
1510 1910 0 0
1472 53 0 0
11 892 0 0
853 1610 0 0
1947 17 1 1
864 773 0 0
1616 602 0 0
1399 907 0 0
1004 1727 1 0
945 553 0 1
1637 1283 1 0
162 1934 0 1
1583 807 0 5
1564 1409 0 2
721 1193 0 0
166 1603 0 0
614 267 1 0
167 135 2 0
1470 1681 0 0
1948 945 0 1
1604 237 2 1
1413 1171 0 1
1123 1102 0 0
1368 1022 0 3
1168 566 0 3
1539 1237 2 0
1877 1988 1 1
1889 588 0 3
924 1162 1 1
1618 923 0 0
1379 554 0 0
1048 1516 1 1
1365 1416 0 0
225 565 1 11
1571 1359 0 1
1241 1333 72 1
406 1410 1 0
1336 509 3 0
667 1187 0 0
482 224 0 1
1928 1334 0 0
1402 695 0 1
666 1694 18 1
769 1150 0 0
896 1189 0 0
1457 988 0 4
558 69 1 0
192 567 2 1
1179 704 0 0
229 1838 1 1
210 1083 0 1
1512 1575 0 0
1901 1044 0 0
1834 652 1 0
783 1438 1 0
126 1779 0 1
386 1422 0 0
1684 507 0 1
1700 1408 1 1
1365 1458 1 0
347 547 0 2
1644 859 0 0
1724 1237 0 19
1377 1508 0 0
708 567 4 11
1525 1219 1 0
1448 690 0 0
1573 1735 0 2
1935 374 0 1
464 1172 0 1
1874 501 1 5
230 1218 1 0
1843 1586 0 0
283 1377 0 3
1628 914 0 1
1129 7 0 2
1876 402 0 0
1494 58 0 0
1213 1702 1 0
1061 303 4 0
527 704 0 0
795 290 0 1
1972 1382 0 0
1004 907 1 0
1916 331 0 0
828 1442 0 0
813 1199 0 1
1005 290 1 6
1720 1579 1 8
558 1117 1 0
464 566 0 1
99 255 0 0
838 136 1 1
1553 1723 0 0
1068 17 0 0
327 217 3 0
1910 1830 5 0
225 1068 0 0
1135 198 0 0
1994 1676 0 0
1322 966 0 0
932 1346 1 0
349 481 0 0
1032 1478 0 0
1839 1280 0 0
1712 797 0 0
983 1874 1 0
1057 571 3 1
689 1531 0 1
298 1539 1 0
765 1769 0 1
899 515 1 0
1027 1968 2 1
1023 857 0 0
537 14 0 0
1847 1282 0 1
237 1148 0 4
1110 1825 0 0
244 1243 0 4
154 573 0 0
1109 1544 0 0
1249 1749 0 0
447 64 1 1
665 1463 0 1
365 966 3 1
743 1735 0 1
681 1785 2 2
271 182 0 0
1621 1831 0 0
1155 1090 3 1
1462 308 0 1
580 537 0 0
1542 392 1 8
1022 220 0 1
1425 1385 0 9
1611 1834 1 0
1383 302 466 0
1273 1714 0 1
1767 1892 0 2
1390 1668 0 0
424 1800 0 2
1383 1545 1 0
1867 439 1 1
87 433 0 0
182 790 1 2
1831 1393 4 1
1530 122 0 1
1758 32 0 1
827 551 0 1
384 353 1 1
1874 1214 1 0
559 1749 3 0
1466 355 2 0
1747 1903 1 2
1943 528 1 0
489 512 2 0
353 878 0 1
1744 1410 0 0
1834 967 1 1
701 1513 0 3
171 69 0 1
317 1024 0 0
1406 666 1 0
1678 1280 0 0
465 316 1 1
398 1707 1 1
1009 821 10 0
1240 389 0 0
1079 1393 1 6
714 1819 2 0
154 18 1 0
1312 1344 0 1
558 961 0 0
1875 433 0 1
87 867 0 0
1806 1735 4 17
275 450 0 0
184 431 1 0
966 1640 0 13
1474 1290 1 1
1255 847 1 1
1960 1318 1 1
145 501 2 1
1954 1380 0 1
1265 798 0 8
340 1757 0 0
1420 1012 0 0
150 554 1 0
1325 456 0 0
1877 59 3 21
505 1856 141 0
85 141 0 1
1901 899 0 0
148 149 0 0
1004 1786 1 0
1169 1318 0 1
1200 158 0 32
1469 1781 0 6
5 992 0 26
551 66 0 0
1492 431 0 1
1950 372 0 0
353 1000 1 0
1578 1866 1 0
173 929 0 0
727 457 0 1
730 1172 0 0
1467 12 1 0
945 974 0 0
353 1056 0 2
1144 897 0 0
927 196 23 2
1053 1101 1 3
368 1036 0 0
624 1173 0 0
610 1331 0 0
1426 490 0 0
1257 1512 0 1
1203 1803 0 2
1528 1038 0 2
589 815 512 0
949 390 0 1
1902 553 0 0
594 362 1 1
380 1476 0 0
327 1433 1 1
97 1876 0 0
1111 857 1 1
583 1747 1 0
1338 910 2 0
814 433 0 1
1141 1415 0 0
1860 544 1 1
1955 1453 0 1
820 1611 1 0
136 1022 0 1
1660 1380 0 0
1001 542 0 0
1694 1760 0 0
1432 893 0 0
1692 1786 1 0
789 1463 1 0
1031 1189 0 0
1245 1825 0 0
1288 1595 2 0
730 1891 0 0
858 1157 0 1
4 863 0 2
268 395 1 0
1260 537 0 0
795 194 1 0
1411 751 0 0
1106 650 0 0
1972 30 0 4
1218 296 1 1
1474 547 4 1
1138 1223 7 0
1556 1297 1 0
424 1712 0 0
982 807 1 1
346 1463 4 14
1877 1768 0 2
1247 1740 0 7
624 1313 1 0
1882 1892 1 1
1777 429 0 1
971 226 0 0
932 1945 0 0
752 371 3 0
1875 1972 0 0
1871 1012 2 0
1955 1596 0 1
1842 851 1 2
1474 560 0 0
1658 553 0 1
1109 595 2 0
908 653 0 0
1073 1480 0 1
1560 121 0 0
1980 1022 1 0
444 1292 0 0
637 1559 0 1
478 1952 0 0
218 414 1 3
990 1028 0 2
1147 1466 0 0
32 1465 1 0
1873 1876 1 4
1585 1668 0 1
1319 435 0 0
973 761 7 0
267 1687 0 0
666 1370 58 1
949 974 4 0
1917 303 2 3
1306 1052 0 1
666 1495 2 0
559 1912 117 1
1833 1707 3 0
901 245 0 1
1271 141 1 1
1611 105 1 3
490 1161 1 1
1445 1785 0 0
559 522 0 1
259 1274 1 0
71 304 0 1
1048 1877 1 1
1155 124 0 0
1973 565 0 6
1320 1787 2 0
1645 673 1 1
1347 1313 2 0
259 319 0 1
179 1513 1 1
1573 1455 1 0
966 482 1 0
764 1034 1 0
299 887 0 0
932 1660 1 0
1432 142 0 0
91 1981 0 1
1632 951 1 1
1200 17 1 5
1935 128 0 0
908 1943 0 0
585 898 1 0
1784 1483 3 1
583 1786 0 1
670 800 0 0
1020 858 1 0
1180 402 0 18
1425 1218 1 0
1194 1892 0 0
832 868 0 1
1552 219 0 0
339 988 8 0
1341 1786 0 1
33 1865 2 0
1605 1156 3 0
1726 102 2 0
938 1848 1 1
903 1640 0 3
558 340 0 0
1372 1964 1 0
1831 1377 1 0
1806 186 0 0
352 1468 0 0
781 1610 0 0
220 1290 1 0
1753 1775 4 0
1301 571 0 1
880 919 0 1
377 1274 0 1
209 1482 1 1
1372 1989 0 0
362 579 1 0
1482 1907 0 0
825 157 0 0
849 269 1 0
662 1744 2 0
1910 334 3 0
142 102 0 3
1392 1142 0 0
498 654 1 1
1431 1640 0 3
1668 1050 0 0
1637 575 0 0
779 1168 0 4
323 1357 0 1
1718 634 0 0
710 171 1 2
157 677 1 0
814 975 0 2
1846 1487 11 1
1757 1030 0 0
482 1433 0 0
474 1213 0 0
1089 1635 0 1
1096 1531 1 0
945 1167 0 0
289 1945 0 1
166 687 0 0
1136 385 5 1
719 1106 1 1
1949 1539 0 2
699 1592 0 3
1948 558 0 1
580 442 12 0
390 439 0 0
464 1304 0 0
1057 756 0 1
757 1635 0 0
322 345 2 1
63 1037 0 0
969 1854 1 0
1156 87 0 0
514 1678 3 1
1408 963 0 0
1881 1695 0 0
670 95 2 0
1607 994 0 1
1280 459 1 1
951 1246 1 0
1458 1740 0 4
1549 1702 0 0
1204 742 0 0
1081 1876 0 0
364 1482 0 1
685 1136 1 1
1276 998 1 0
1935 860 1 0
315 1579 2 0
294 847 0 1
833 433 2 7
33 1207 1 0
171 1347 1 0
198 722 1 0
632 214 0 0
211 558 0 1
895 405 3 0
450 202 0 0
387 308 0 0
285 990 1 0
1243 1381 0 1
783 911 0 1
1871 1171 147 0
1761 1442 0 1
404 1937 1 0
1977 992 0 27
400 1845 1 1
1079 565 0 0
1913 284 0 1
622 1293 1 0
1890 245 0 1
593 975 0 0
1453 1528 0 1
1261 1117 3 1
780 53 1 1
398 581 0 0
1817 1662 0 1
1520 121 0 0
363 19 0 0
1263 381 0 0
1765 393 3 0
144 458 2 0
229 1849 1 3
1473 414 1 1
800 1539 1 0
1768 1755 0 0
33 528 1 0
1604 1232 0 0
1156 1207 4 1
1005 224 0 1
1674 122 0 8
891 1213 0 1
346 1418 0 1
1954 442 1 0
90 544 1 0
1571 354 0 1
1857 929 7 0
1690 855 1 0
1477 400 0 0
1640 492 2 0
1413 1279 5 1
521 631 0 2
909 867 1 1
1615 1963 0 0
1135 162 0 0
1336 857 0 15
585 733 0 1
1941 365 0 0
1772 828 0 0
26 393 0 1
1298 1018 0 0
1210 1497 1 0
322 129 0 1
112 1394 0 0
1747 122 3 0
766 1866 1 0
1261 1492 0 0
1656 578 0 1
1551 1967 0 0
1871 828 0 1
1403 1848 0 0
1929 1301 0 0
194 503 0 0
521 1212 0 0
978 1735 0 3
1672 130 0 0
552 1403 0 0
985 105 0 3
427 639 0 1
759 870 0 0
1003 565 0 3
1161 1274 0 0
1583 1102 0 1
1537 366 0 0
1163 546 0 1
1377 467 0 0
1153 1468 0 1
262 1988 0 2
493 1588 2 1
1567 1813 1 1
1493 669 1 0
979 1827 2 1
1057 553 0 0
29 1940 1 3
1816 1623 0 1
98 1791 0 1
126 853 0 0
1159 621 4 1
1655 30 0 0
1748 745 0 0
1107 700 0 3
860 540 1 0
142 1848 1 0
926 232 1 1
1860 1579 1 1
1857 296 1 0
1791 1159 0 0
903 59 0 2
1668 25 22 1
1061 678 6 5
1771 194 1 1
1141 1372 0 0
243 1354 1 0
1576 907 1 2
922 1266 0 1
818 118 0 0
1847 1148 1 0
1635 1075 0 1
524 115 1 0
1931 1989 1 0
659 501 3 0
1398 136 0 3
1739 1087 1 0
625 1832 0 0
1822 1876 0 6
895 1967 2 2
748 396 1 0
1086 565 0 1
489 1392 0 1
1458 1407 1 0
484 450 1 0
472 631 0 0
1456 1199 0 0
1287 980 0 0
771 243 0 1
321 1246 0 0
1278 798 0 1
1336 701 0 0
315 1988 0 1
448 365 1 0
1649 105 0 3
1445 670 1 0
1028 1739 0 0
1468 203 0 0
404 892 39 0
1252 1892 1 0
1435 1550 0 2
12 439 4 1
492 1695 1 0
266 993 0 1
1766 769 1 1
661 1725 0 0
1927 1472 1 0
637 694 0 1
126 1332 0 0
1951 877 2 1
1383 503 1 0
1591 1218 0 0
1354 780 1 0
666 477 14 17
1314 968 1 20
284 1085 1 9
797 542 4 0
1924 1241 0 1
1623 1631 2 0
996 1840 0 0
1972 1243 21 0
1011 1958 0 1
1971 578 0 1
1878 1044 0 0
1708 668 1 0
1025 1375 0 0
665 436 0 0
646 1430 1 0
379 1640 1 0
1569 112 0 0
1959 173 0 0
1083 514 0 1
844 478 0 0
1171 1596 1 0
1155 1335 1 1
1665 1151 0 0
291 742 0 0
765 382 2 0
1355 1089 0 1
757 988 0 29
476 548 0 1
213 138 5 1
1189 38 0 0
309 10 0 1
1994 180 0 1
620 1786 1 3
84 1117 0 1
327 1135 0 0
1952 713 0 0
1008 232 0 0
1106 1037 5 1
213 378 0 1
1159 456 3 0
548 178 2 0
1580 156 4 0
0 878 1 0
1482 544 3 0
833 1926 0 1
416 942 1 0
786 1340 1 55
1365 366 0 0
1403 267 0 0
1481 530 0 0
1930 1393 0 124
1154 1517 0 2
166 507 0 1
1 1246 0 0
244 1531 1 1
1057 1895 2 0
927 1865 7 2
1458 622 1 0
1106 1407 2 1
1015 1152 0 0
632 1757 1 0
979 1572 1 0
1171 1486 4 0
589 737 3 1
1383 1971 0 0
438 921 1 0
1677 242 0 1
1482 646 7 0
106 892 1 0
1246 1013 1 0
1914 1596 0 0
976 1215 0 0
1138 1639 0 0
659 513 1 1
1096 1912 0 0
921 1531 0 7
323 988 1 2
949 641 0 0
1009 756 1 0
60 1571 1 1
1431 1393 1 75
237 1133 2 0
1293 1799 0 0
1587 1803 0 0
657 1485 0 0
112 1922 3 0
466 8 1 3
892 456 5 0
520 1230 0 1
855 986 0 0
761 8 1 1
1429 1357 1 2
778 1160 0 0
21 1403 1 0
1741 1218 1 2
1043 32 1 2
186 544 0 2
347 528 0 0
1731 865 0 0
1902 555 0 0
666 1398 1 3
1389 907 0 1
500 392 0 2
365 380 2 0
1161 853 0 0
220 397 1 1
1846 1732 1 0
867 553 0 1
677 1891 1 1
503 1367 0 1
365 558 0 1
1564 509 1 1
1061 195 0 2
982 463 0 0
613 59 1 0
411 1888 11 1
1935 311 0 0
339 1791 0 0
18 178 1 0
321 1162 18 1
383 1680 0 1
353 1054 0 0
1050 439 0 0
404 775 2 0
905 601 0 1
56 1080 1 0
350 1948 1 0
1825 721 0 0
1957 616 1 0
795 907 1 0
1668 182 2 0
589 1102 1 1
735 546 0 0
110 1966 2 0
1042 3 1 0
1514 1149 0 0
1703 943 0 0
1413 38 6 1
1468 340 2 0
1138 93 0 0
169 1066 1 0
1314 807 1 1
613 105 0 0
598 988 1 11
131 1716 0 1
320 1200 0 0
166 1161 0 1
27 1033 1 3
589 141 8 7
678 332 0 0
1367 1393 0 0
65 1037 0 0
1414 19 0 0
30 1988 0 0
481 1559 3 2
124 1269 0 0
394 500 1 0
126 1639 1 0
670 713 1 1
874 544 1 4
1840 700 0 12
559 1695 1 0
833 581 0 0
709 887 0 0
321 1144 35 0
464 1877 1 0
1658 1302 0 0
1372 249 8 0
1346 485 1 0
1029 272 2 0
1314 1735 0 0
1898 340 0 0
1605 1877 8 0
875 458 0 1
1288 156 1 1
166 1945 0 4
1528 1438 0 3
1188 1829 0 1
141 1395 2 2
163 1039 0 1
1926 1888 0 1
1588 1550 2 0
808 1168 1 1
1641 1951 0 1
1041 1524 0 2
1264 1967 0 0
295 1483 0 0
1753 1678 6 3
1694 11 0 1
142 457 0 0
1825 1413 1 0
1101 1050 0 1
736 547 1 3
661 362 1 1
1783 136 5 3
1759 1293 0 1
661 362 11 0
1370 529 1 0
1971 1995 0 0
1722 974 1 0
563 851 0 1
1030 1102 1 0
364 857 1 2
1376 1105 0 0
1090 1494 0 0
192 757 1 1
825 1056 0 5
908 567 0 2
1082 1385 0 2
1136 28 1 0
847 982 0 1
855 2 0 1
1644 447 1 0
451 938 2 0
1090 1699 1 1
512 487 0 2
117 171 1 0
1865 1752 13 1
1052 1012 0 0
298 392 8 0
83 830 0 1
1030 1528 1 0
1987 303 0 0
44 202 0 1
42 1591 0 1
942 1575 5 1
780 1716 1 14
428 778 1 0
1710 842 0 1
1196 102 12 0
922 178 0 5
1158 917 1 0
1765 1254 1 1
1052 1161 0 1
1941 1694 0 0
412 1075 1 0
589 1118 1 1
1048 1645 1 1
1389 1385 2 0
1988 195 0 1
1048 1172 0 0
1114 747 0 0
1694 306 0 0
62 1470 1 1
1719 1276 0 1
1917 1102 3 0
1951 1995 1 0
1525 1073 0 2
1726 1409 0 0
1385 11 0 0
717 482 0 0
365 447 2 1
290 37 2 1
1406 805 0 1
1972 863 8 0
674 985 0 0
1770 862 1 1
633 1532 0 2
1660 1562 1 0
1139 1044 0 0
1238 1136 0 0
1948 176 0 0
679 1746 0 0
1186 890 0 0
227 226 0 0
1963 823 0 3
1103 1735 0 47
594 1677 0 0
320 697 4 0
141 71 0 0
1025 366 0 1
1907 158 0 1
213 943 2 19
1023 700 0 2
1664 1445 1 0
921 444 0 0
1224 67 1 14
1665 878 1 1
781 1950 1 3
942 1931 5 0
933 1895 0 0
1981 798 0 3
416 908 0 0
1730 1806 0 0
311 944 0 1
186 1803 0 0
166 1148 0 1
1388 1089 1 1
1106 1615 1 0
936 502 0 0
1430 709 0 0
323 175 0 0
1573 978 0 1
884 587 0 0
688 735 0 1
1134 567 0 13
162 1012 1 7
1843 1464 3 0
1847 1992 3 0
1604 1550 67 2
785 1832 0 0
1915 365 1 8
26 1925 1 0
1135 402 1 0
1585 1335 1 1
963 1265 0 1
373 1243 0 0
535 1895 1 0
928 890 0 0
650 710 0 0
743 146 2 0
942 673 0 0
962 71 0 0
1553 1446 0 0
1542 456 1 0
346 166 0 1
1765 622 0 0
87 1633 0 1
1402 389 1 1
505 114 28 0
1671 149 0 0
585 824 0 0
448 1831 0 1
1985 1281 0 1
1187 1280 1 5
1779 988 0 0
1826 1591 1 0
411 1418 0 0
467 1849 0 1
1245 806 1 0
1446 506 0 1
1101 1053 0 0
1815 128 0 2
797 1633 0 0
1373 565 2 0
1210 74 1 1
1962 109 0 0
1079 942 0 0
1082 402 0 8
196 1889 1 2
871 734 0 3
903 1981 0 0
88 593 1 1
1687 1562 0 0
56 1567 0 0
1352 396 1 2
520 477 3 1
1794 1272 0 0
99 838 3 0
802 1740 2 0
779 565 1 2
182 546 1 0
102 411 0 0
833 1601 1 0
1857 1090 37 0
1429 990 1 1
476 930 0 1
363 1543 0 0
1504 516 1 0
315 1526 2 0
554 25 0 0
1689 1447 0 0
700 1090 0 1
54 1530 1 1
1971 66 2 0
1025 1581 1 0
213 1432 0 0
1889 876 1 0
1777 1036 0 1
1835 985 1 0
1726 1678 1 0
1390 595 0 2
1726 1969 1 0
942 495 0 1
1646 1476 2 0
1373 1596 0 1
666 1129 0 0
1372 1157 0 0
1129 368 2 0
237 1684 0 0
1004 95 0 0
833 239 1 0
465 1927 1 0
571 1042 1 0
1414 148 0 0
32 644 0 0
1179 1655 0 0
1747 1433 0 0
885 195 0 1
1354 122 0 5
696 797 2 1
1445 1223 1 0
555 1384 0 0
521 1292 0 3
1413 1735 2 0
1644 578 1 1
795 296 0 1
1864 1036 0 0
83 1735 0 86
559 1789 1 0
432 1732 0 0
260 1640 0 1
1490 8 1 1
330 494 0 1
144 212 0 0
1106 890 2 0
1071 1741 0 0
322 1716 1 0
1107 433 0 2
1922 212 0 0
1446 1971 4 0
417 495 0 0
1470 59 2 1
1846 249 1 0
613 393 0 0
1284 1968 1 4
389 575 0 0
1440 457 1 2
1483 223 0 0
1318 1250 1 1
404 130 1 0
602 193 0 0
1301 419 0 1
162 329 1 1
1131 1360 1 0
990 200 1 1
119 1562 0 1
1358 377 0 0
1249 754 0 1
432 1018 0 0
757 1626 7 0
1902 569 6 1
136 1334 1 0
685 1376 0 1
620 1482 0 2
1241 897 4 3
1038 816 0 0
1332 1757 1 0
244 1056 1 0
521 435 0 0
1890 142 1 1
589 1272 489 0
159 1305 1 0
49 992 0 18
795 1433 0 0
1777 167 0 0
1324 11 0 0
1090 438 6 0
102 1008 1 0
154 145 0 0
145 78 1 1
424 1640 0 58
1473 838 0 5
761 1394 1 6
386 69 1 0
1876 400 0 1
1582 1331 0 12
950 701 1 0
1147 798 0 0
1640 1171 1 0
1193 643 3 2
1009 1972 1 2
1357 1483 0 1
984 405 0 0
1057 834 2 0
1941 8 0 2
1061 1518 9 1
1625 32 0 4
930 1619 0 0
1073 1054 2 0
1895 558 1 0
1383 1187 16 2
1240 928 1 0
772 622 0 1
1520 783 1 1
1853 670 0 0
365 1056 0 0
1889 1840 0 0
1075 9 1 0
556 1525 0 0
1120 1168 0 0
1927 974 0 0
153 1987 1 1
1694 1912 2 1
833 654 1 0
406 835 0 1
65 1403 0 0
544 1634 0 0
707 1814 2 1
56 1352 6 0
1458 696 1 0
72 1735 0 11
488 1912 1 0
227 1715 1 2
1067 506 1 0
340 1050 1 0
1341 1393 1 3
681 36 1 1
666 141 0 0
816 1999 0 0
833 1309 0 0
1035 755 0 1
1846 704 0 0
559 351 2 0
1853 883 2 0
1172 1118 1 0
537 740 0 1
535 311 0 0
484 883 0 0
1031 299 0 1
1025 1940 0 1
1678 1022 1 1
637 196 1 0
321 139 1 2
69 801 0 1
1053 240 1 0
998 692 2 1
317 529 0 0
1071 1871 0 0
1366 652 1 1
495 347 1 0
997 711 0 17
864 1846 1 0
1314 182 0 0
625 890 6 2
1370 487 0 0
160 343 2 0
30 942 0 0
71 1662 0 2
1768 1054 0 1
625 1947 1 4
193 1204 0 0
1538 1434 4 0
1196 908 0 0
180 1670 1 1
1702 1685 0 1
779 1043 0 1
1031 429 0 0
1680 1206 0 0
942 438 1 0
145 1895 45 0
448 942 1 4
1915 1133 1 0
1277 1557 1 1
601 1603 0 0
317 1523 0 0
292 436 0 1
1450 1059 1 0
1221 632 2 0
1987 546 0 0
1949 624 2 1
1634 1601 2 0
1215 1053 1 0
854 1666 1 1
1739 1527 0 0
1647 195 1 1
1106 1564 3 1
63 1044 0 0
88 1795 0 0
1742 1012 2 1
1178 1263 1 0
1998 1127 0 1
1498 1149 2 0
1879 456 0 3
1106 155 0 1
936 257 0 0
152 1116 1 0
237 124 0 0
538 558 1 0
1123 663 0 1
832 1150 0 0
908 1208 0 0
1432 143 0 1
136 34 1 0
84 1466 0 1
947 1481 0 1
661 395 0 2
766 553 0 0
813 1559 0 0
1960 1710 0 0
1580 1719 0 1
1847 196 1 1
633 14 0 0
1005 1960 1 0
1879 1757 0 3
1482 1455 0 0
1907 473 5 2
847 993 0 1
871 988 1 3
1757 1735 0 59
709 1694 0 2
102 967 0 0
1221 282 2 0
1241 1043 0 0
244 1605 0 0
1045 1227 0 0
225 211 5 0
1009 1433 0 20
1948 896 0 0
144 1115 0 0
99 745 6 1
859 581 1 0
854 1648 0 1
419 1882 0 0
1153 864 0 0
744 892 0 0
284 313 0 1
1347 507 0 0
1771 1343 1 9
873 355 0 1
1501 444 1 0
346 1126 1 0
833 1472 0 0
1678 169 0 1
406 960 0 0
1528 444 0 2
118 587 0 0
1338 798 2 0
932 1010 1 1
1917 1626 1 0
1650 402 0 4
988 87 0 0
1239 237 1 1
289 1839 1 0
1023 974 0 0
718 918 0 1
709 479 0 0
1479 482 0 0
498 1647 0 0
219 1218 1 2
1637 1854 0 1
231 290 0 1
375 988 0 0
1380 1181 0 2
1080 1637 2 0
1488 1282 1 0
1915 842 0 0
700 122 1 7
31 512 3 1
1361 1304 1 1
162 755 1 0
321 624 1 0
1515 1945 0 0
1771 1012 10 0
1498 1340 1 2
1159 626 6 1
544 298 1 1
1120 544 1 1
2 243 0 0
833 487 1 0
1011 1595 0 4
625 478 0 1
891 1188 0 1
1490 1292 0 4
529 340 0 14
310 421 0 1
814 1651 0 0
1110 1126 0 0
61 742 1 0
1400 440 0 1
460 1505 0 1
1744 1463 0 2
1296 442 66 1
1857 42 6 0
132 1171 0 1
501 696 0 0
645 385 0 1
535 1874 1 1
637 1207 0 1
1057 1156 8 0
21 734 0 0
1882 1264 0 0
1453 1029 0 0
1047 653 1 0
644 545 0 1
1073 740 1 1
1171 656 3 0
238 1208 0 4
1194 290 1 0
159 513 1 1
741 640 0 1
985 341 0 1
1246 833 0 0
1761 780 0 1
1261 1398 2 0
838 814 1 0
126 762 0 0
983 1323 0 1
1650 1833 2 0
1946 195 0 0
177 1880 1 0
719 141 0 1
99 1243 1 0
244 692 1 2
864 988 0 1
321 643 0 0
888 1061 0 0
873 1426 0 1
535 1735 2 268
743 24 0 0
1502 534 0 0
1187 53 1 0
63 1848 2 0
87 1760 0 0
320 1787 1 0
1704 1710 0 1
1749 1531 0 9
476 943 1 0
1668 1626 2 0
65 1781 0 2
1337 136 0 0
1959 1554 1 0
1018 616 1 0
44 431 0 1
619 740 0 0
1935 1615 0 0
1777 128 2 0
1426 914 1 1
997 939 0 0
1934 1989 0 0
1753 457 0 0
327 1591 0 0
1542 624 0 1
536 1958 2 0
1585 308 0 1
1267 1110 1 0
1972 629 31 0
1637 1596 1 3
1751 1012 0 0
94 52 1 0
319 1550 0 0
380 1280 0 0
411 857 1 0
1753 156 1 0
970 416 0 1
2 1470 6 0
321 1648 1 6
1067 1438 0 1
1814 1664 0 0
1810 1022 0 2
1630 377 0 0
44 377 0 1
131 1282 1 1
1507 1359 0 1
1281 819 1 0
1774 1993 1 1
1482 69 0 0
1111 1472 1 0
6 1290 1 0
1724 992 0 1
1295 1387 0 0
1541 1218 0 0
1825 1049 6 4
193 1760 0 2
350 393 0 0
478 69 0 0
1611 428 1 1
1149 1804 0 2
1668 550 3 0
465 1029 0 0
1114 670 2 0
1742 28 1 0
1043 230 0 0
1844 762 0 0
1003 594 0 0
973 1168 0 3
451 1557 0 1
935 1801 1 0
951 1000 2 0
26 823 1 1
891 1187 13 1
681 498 0 1
1847 1393 0 7
1860 992 0 0
1577 756 0 0
1065 1560 1 1
621 496 0 0
150 1297 7 1
546 1669 1 1
235 1596 1 0
1534 541 0 0
1291 416 0 1
1316 498 0 0
1976 1272 0 0
450 1437 7 0
1760 1038 0 2
260 1413 0 0
150 59 0 0
736 123 0 0
998 143 2 1
674 1187 1 0
659 630 0 0
1179 1001 1 0
927 1735 0 494
1914 436 0 1
1441 1916 1 1
1739 1018 0 0
799 773 0 0
1020 402 1 22
83 494 0 0
1194 1016 0 0
1100 1049 0 4
1030 567 1 0
908 876 0 1
162 968 1 0
1719 1410 2 0
1452 381 1 0
1156 1042 0 1
541 1571 0 0
1768 1392 0 0
602 1134 0 1
1482 921 0 0
855 1550 1 0
785 1214 0 0
1277 1320 0 1
1373 1958 0 15
493 1222 0 0
1753 1350 1 0
923 1531 1 1
1538 362 5 1
1161 1054 2 1
743 1813 0 0
1999 1971 0 1
298 795 3 0
1942 588 2 0
1867 1054 1 0
743 1395 3 2
939 783 0 1
1156 4 1 0
321 472 24 0
1402 824 0 0
734 1433 0 1
290 1746 2 0
179 678 0 2
321 1609 0 0
1408 1540 6 1
175 838 0 0
1781 429 1 0
1154 1840 0 0
1239 53 0 7
1222 1972 0 0
1559 162 6 0
1048 1948 0 0
1069 904 0 0
735 944 0 5
131 354 1 0
281 75 0 0
1991 1214 0 0
1777 1472 0 2
1008 798 1 4
1214 1186 0 0
44 1372 1 0
625 630 1 0
1163 1889 0 0
1612 1144 1 1
1210 286 1 1
1986 1743 1 0
1430 1972 1 2
795 1740 0 3
1590 1799 0 1
1941 1960 0 0
1880 1505 0 4
629 1434 0 1
1967 831 0 1
171 69 3 7
1419 311 0 1
549 499 0 0
396 1401 1 1
162 1497 0 2
1003 1301 1 2
1941 1005 0 0
1710 663 0 1
1941 463 0 0
145 921 1 1
290 1916 1 0
1470 1079 0 1
1586 1083 0 0
533 312 0 1
613 1232 1 1
102 197 0 0
1871 1394 1 0
1609 414 0 0
641 129 0 0
1846 296 9 1
120 1463 0 1
1972 1079 1 1
271 1044 0 0
131 1752 0 0
1689 1842 1 1
1431 1187 1 1
1589 909 0 1
1617 596 3 1
198 1402 1 1
1029 1084 1 0
1562 1254 0 0
62 988 0 1
619 1000 0 3
1729 1573 1 1
43 766 1 2
847 1290 0 1
1171 785 1 1
661 1654 6 0
1859 54 1 0
689 374 0 1
1668 1888 33 1
339 198 2 0
1702 968 0 4
112 1856 0 5
629 448 0 0
365 1415 0 0
1042 998 1 0
1147 1163 4 0
1527 529 0 2
556 500 0 0
1266 1214 0 6
365 943 79 1
727 981 0 0
1003 1077 0 1
1901 834 0 0
389 142 1 0
495 1403 0 0
1591 1931 0 1
1912 1838 0 2
666 631 11 0
1383 1702 1 1
181 1718 1 1
1677 652 0 0
1529 630 0 1
930 1229 0 0
505 1250 69 0
906 1739 0 0
626 1238 1 0
983 1652 0 2
1171 1085 1 0
1580 1640 0 13
535 17 0 2
1045 1926 0 0
1147 1981 1 0
1994 1134 1 1
358 1903 1 0
1377 829 0 1
885 1280 0 0
240 888 1 0
382 1960 1 0
1916 706 0 0
1943 195 1 0
1150 1036 1 1
821 1398 3 2
1054 546 2 0
1288 567 2 0
551 503 1 2
1626 1381 0 0
1902 155 0 0
663 1238 0 3
1020 1088 0 0
731 1757 0 1
45 1085 0 1
617 946 0 0
1474 1971 1 0
1027 1754 0 1
1383 1876 5 1
1306 1790 1 3
1011 1433 0 0
393 347 1 0
278 1972 0 0
1585 258 5 1
360 1100 0 0
1646 234 0 0
666 1387 7 0
1197 1775 0 0
880 38 0 7
429 1172 1 1
644 919 0 2
85 1635 2 0
1770 1562 1 1
1000 1863 6 0
927 16 0 0
220 1112 0 1
1148 1290 0 0
1466 64 0 0
1833 860 0 0
95 1592 0 1
1749 1010 0 0
1196 1029 0 0
569 485 1 1
781 755 0 0
1413 0 1 0
1732 1180 1 1
1873 595 1 0
998 1274 0 0
167 1451 0 0
773 1360 0 0
157 219 0 0
663 1215 8 0
1278 1941 1 0
725 1623 0 1
1627 1730 0 0
1999 1824 1 0
394 1407 0 2
589 525 3 1
806 1409 0 2
1902 1889 1 1
356 1207 1 0
379 1539 0 7
935 631 0 0
1106 1214 0 6
662 1120 0 1
930 1586 3 0
1168 1385 0 1
1611 1945 1 1
644 616 1 0
478 754 0 3
1377 1837 0 0
169 1407 0 0
342 38 1 2
1960 1408 0 1
1178 290 0 8
209 990 2 0
1406 128 0 19
51 990 0 1
311 431 0 0
241 943 1 0
1067 515 0 0
1466 218 0 1
1978 634 0 2
1448 1017 0 2
150 392 1 4
610 35 0 1
145 197 1 1
589 838 0 1
1383 942 132 5
1604 1215 0 0
459 1571 0 0
1447 723 0 1
1587 1763 0 0
1731 704 1 0
1762 74 0 0
1239 1221 0 0
1833 1950 0 0
1617 1526 0 2
645 1118 1 0
1665 89 0 0
947 643 1 0
1633 801 1 0
979 659 1 1
1748 1350 0 0
1380 737 0 4
814 1180 0 2
920 422 0 0
1403 692 1 0
985 1666 0 0
1424 243 0 1
1296 408 6 1
1441 1056 1 2
242 1739 0 0
1799 260 0 0
762 1971 0 0
1111 173 0 0
