5000
1720 2471 1 0
980 825 0 1
3731 3317 0 0
3522 4721 0 0
4925 3600 4 1
3773 121 2 1
3943 4652 0 0
176 4869 0 0
4177 2728 0 1
960 1193 1 7
674 1242 0 0
631 4143 1 6
1140 3106 1 0
2937 4175 0 1
2532 3750 0 2
4356 161 2 0
1683 4276 0 0
4925 4075 1 6
780 25 0 0
1727 1192 0 5
2092 2418 10 0
1304 821 0 0
1761 2771 2 0
2543 4721 0 20
2974 3934 0 1
521 2837 1 1
4038 4520 0 0
576 2771 1 0
2057 1411 0 0
2164 1036 1 2
471 3495 0 0
903 2211 1 0
2756 3094 0 0
2978 2018 2 7
2352 3563 1 0
2716 322 1 0
3511 3999 0 11
4630 2414 3 0
1972 4427 0 0
2586 2324 0 0
3865 3537 0 1
951 3449 1 1
1210 3483 0 1
4577 2097 1 0
1949 763 0 1
4150 4965 0 0
3582 4134 0 1
2804 229 1 0
2378 4073 0 0
2457 285 1 1
4529 996 0 0
1538 2589 0 0
3390 3535 0 0
3930 1743 0 0
117 1743 0 7
3034 1545 0 0
1903 77 0 14
2974 3244 11 0
4212 1109 0 2
2375 1374 0 0
1556 933 0 0
715 1437 1 1
1901 3537 0 2
2105 2595 0 1
2075 2865 0 3
1390 2003 0 0
1646 2708 1 0
748 2860 0 0
2069 3141 0 530
3348 2323 1 1
57 359 1 0
1777 1579 0 1
848 2804 35 1
724 2950 0 0
714 2405 3 0
3863 708 0 1
473 1328 0 0
3763 4945 0 436
3450 1646 0 8
3060 91 0 1
1431 1461 0 0
389 3679 0 0
2135 843 0 0
4135 136 0 1
2889 3128 1 2
4543 2239 1 0
18 4902 2 0
3249 1676 0 0
3827 3762 0 0
2095 3471 0 0
2491 2938 0 0
1720 2654 0 0
3503 837 1 1
1178 1140 0 0
1411 617 2 0
1085 2198 0 1
3727 503 1 0
1252 478 0 0
2456 1041 0 0
0 4483 1 1
342 2924 1 1
526 1957 0 1
886 1091 4 0
1423 1069 0 44
1686 2449 0 12
255 1060 1 0
4708 4560 0 0
4728 2163 0 1
2425 1860 0 0
2284 4913 0 0
3500 3560 1 0
1162 3811 0 0
747 4609 0 0
1035 1205 1 0
2486 4875 11 1
3967 1069 2 0
3370 3894 11 1
4384 2377 1 0
2680 2237 0 1
2333 3005 1 0
2512 141 0 1
2950 3068 0 59
2052 1519 0 1
3524 4070 0 0
1286 1522 1 0
3733 179 1 0
1805 2302 0 1
3170 3899 0 1
1533 4519 0 1
887 2437 0 1
3941 215 13 0
2708 4788 0 1
2460 516 1 2
4983 2724 0 1
1683 240 0 0
881 4946 1 0
486 1292 1 2
2489 2257 0 0
3643 355 0 0
4670 554 0 3
3975 3248 0 1
4503 4869 1 2
4363 3003 1 0
4 295 1 0
3803 2732 0 0
4943 2892 0 0
216 3181 1 0
1320 4175 4 1
4742 4827 0 0
4795 1398 1 1
4566 2052 0 0
4025 2433 0 0
3613 1548 0 0
4877 1644 0 0
476 1258 0 0
2620 2607 0 7
1099 2454 1 0
2486 1155 15 0
3419 923 0 0
1684 1893 1 1
1708 2361 2 0
4106 2212 1 11
3952 3286 4 0
3629 1476 0 2
4884 1196 0 0
1468 988 0 0
672 580 1 1
2996 2144 0 2
4589 819 0 0
2401 2681 0 0
4031 1534 0 0
4540 3104 0 0
1213 2952 0 0
3581 1074 1 1
2871 1193 1 0
2187 2478 0 0
280 4041 1 0
2978 121 0 1
2437 2041 0 0
800 3015 0 12
3918 2173 0 0
2874 875 1 0
3092 288 0 2
3924 3506 1 0
2659 323 4 0
4491 878 0 0
3424 3470 0 0
2135 4434 2 13
4518 724 0 0
630 1591 0 10
3834 2264 0 0
1686 1451 1 0
4585 1895 0 0
1081 747 1 9
3898 448 1 1
4635 923 0 0
20 3823 1 0
3783 2928 4 0
3402 2464 1 0
319 3524 9 0
4843 1756 1 1
467 1895 0 0
2729 4656 1 1
3647 1425 1 0
735 1528 1 0
4862 3298 1 2
2907 425 0 0
1942 1426 0 0
3147 2131 0 1
3293 1267 0 2
793 2729 0 0
1262 1859 0 3
1740 4001 1 2
4126 4443 0 0
1763 4813 0 2
3022 3162 1 0
3238 3281 0 0
1046 2658 0 0
2707 3284 1 0
3028 3064 0 0
3962 4188 1 1
2299 3918 0 0
489 2629 0 0
4268 1675 7 2
3627 4849 1 0
2131 4578 0 0
1793 4975 0 25
1901 3138 0 1
542 4781 1 4
1475 1884 0 1
2822 2683 0 1
2997 1287 0 0
1294 916 0 0
2355 179 0 1
1590 834 0 1
3823 2 0 2
4580 3637 0 1
2966 821 1 0
4244 4627 0 2
3334 2193 0 1
3143 4786 2 0
1800 3354 0 3
3389 2553 5 1
3600 2016 1 0
3604 2843 0 1
4253 3063 0 2
3966 1918 0 0
4800 848 0 0
4931 4965 0 0
1195 104 0 1
782 3793 0 3
1727 163 1 0
1685 633 1 1
4820 2959 0 0
1253 1254 0 0
1249 4010 1 0
2190 2957 1 0
2391 1130 0 1
2611 3481 0 1
3701 4994 0 0
1007 2387 1 1
3221 4098 12 0
2570 3881 0 0
632 917 1 0
4578 4770 0 1
2009 3886 3 1
1260 2083 1 1
1464 2571 2 0
3222 2986 0 1
3834 1061 0 0
4568 2734 0 0
319 2641 20 0
163 2523 2 1
3064 3864 2 2
413 2896 1 0
4629 4580 0 1
501 951 1 0
3475 92 5 1
2949 3564 0 1
2181 4838 0 3
2429 4013 0 0
4103 62 2 0
2918 2375 0 2
2862 3183 3 0
1045 1694 1 0
1325 3693 0 1
3148 4893 0 0
2490 4298 0 1
3085 3511 0 9
1458 1300 0 0
4825 3547 1 0
879 2951 0 0
2587 3864 2 1
3950 4461 0 0
510 2048 1 0
1881 3855 1 0
2122 1398 4 1
1560 4144 1 0
4124 4956 0 0
3130 547 0 0
2494 1984 1 0
977 3905 1 0
1665 4210 2 0
3187 4324 0 0
3453 3904 1 0
3595 1322 0 0
1005 641 3 1
4705 3331 0 1
958 1509 0 0
2577 1399 0 1
2974 1701 1 0
4906 2876 0 0
3758 4181 0 0
1672 2800 1 0
782 717 0 1
3302 1521 0 0
719 332 0 1
1908 3301 0 0
3457 4424 0 0
2486 666 63 0
3381 4406 0 1
1120 1486 1 1
3744 145 0 1
3974 36 0 3
2722 3880 0 2
2300 33 1 0
4268 4291 0 0
4124 3466 0 1
2829 4963 1 0
2888 84 0 1
282 979 0 1
4246 1712 0 2
4605 3839 0 0
3733 628 0 0
4407 3811 0 2
1669 835 1 0
3006 1850 1 1
4737 4071 0 1
366 793 1 2
3758 1816 14 0
707 2649 2 1
4838 468 0 0
3389 3372 7 0
1926 4299 1 1
2854 516 0 0
4456 3196 0 0
3703 1673 0 1
4713 3196 0 0
949 75 0 1
4010 4780 0 0
3374 1193 1 1
1149 420 0 0
16 753 0 0
320 58 1 0
4558 1327 3 0
626 193 0 1
4275 978 0 1
2739 3464 0 1
4583 4473 0 1
1952 2607 0 1
448 78 3 1
3392 943 0 1
3909 2811 7 0
1485 4942 0 0
2974 2937 0 6
345 4143 2 1
2942 3790 2 0
468 2636 0 1
568 2768 1 1
2262 265 0 1
1198 1839 3 0
2411 2380 0 1
1349 607 0 0
4135 1173 1 0
2747 2960 0 1
430 227 6 0
1587 1212 0 1
675 882 1 0
4560 187 0 0
1232 1014 2 0
266 2464 1 0
705 4000 0 1
1004 2995 0 1
2486 288 3 0
3351 1859 1 1
4207 2012 0 0
4799 1525 0 0
47 4684 0 0
67 3827 0 0
2791 4865 0 1
3653 412 0 1
1445 2352 0 0
3654 1059 0 0
4619 3578 0 1
4609 2656 0 0
2990 3679 1 0
4412 2163 0 1
1433 1276 1 1
4656 225 0 0
1619 4382 1 0
1826 4708 0 1
2270 2891 0 1
564 4582 1 1
2102 4889 0 1
2814 4305 0 3
2467 3424 3 0
1764 4627 6 0
3433 338 1 0
1508 1712 2 0
1466 36 1 0
2658 2145 0 0
1961 4170 0 0
1495 54 4 0
3161 4472 1 0
1482 889 1 0
3238 1960 1 0
2092 4481 0 1
4651 3455 1 0
1984 279 0 0
2496 2625 1 1
1137 3815 0 5
3505 2716 1 0
1010 4295 0 1
1659 3414 0 1
1707 4114 0 0
4334 1607 1 0
4172 3216 3 0
584 2421 0 0
198 2695 0 0
703 1891 0 0
20 1979 1 1
486 3504 1 0
707 3493 1 0
4449 2790 1 0
420 3489 0 1
4934 3479 0 0
2615 1449 0 0
3280 2210 0 1
3293 571 0 0
1700 3370 0 6
3670 231 1 1
2284 89 1 0
958 4587 0 2
1632 4945 0 0
2111 4041 0 0
3997 1634 0 0
3203 2323 0 1
2459 60 1 0
4637 2104 6 0
2421 3719 0 0
2467 1258 0 0
4802 855 1 0
3733 2324 1 0
4406 3824 1 2
3546 3815 12 0
3971 1593 0 0
4499 2084 1 0
4711 2897 0 0
3807 1038 1 0
354 2358 2 0
2199 1127 0 0
4809 3189 0 0
3147 2737 0 2
4942 3439 0 0
4059 1041 0 0
4449 660 0 2
3620 1952 0 0
2194 2698 0 1
566 462 0 2
284 4967 1 1
2935 1484 0 0
1359 3370 11 1
3378 3941 0 0
943 306 0 1
196 167 1 0
396 3429 0 1
3433 1152 9 0
1293 478 0 2
4059 103 1 4
3357 14 1 1
1028 4485 1 0
2942 1683 2 0
521 128 0 0
2300 3780 0 0
1053 4406 0 0
949 1502 1 0
1223 1355 2 2
3863 1550 1 0
4020 3132 0 1
782 1746 1 0
3505 3655 0 0
2613 2227 1 4
3140 3124 0 0
3653 1274 0 0
1922 5 0 0
2159 145 0 1
3536 884 0 0
1052 633 2 1
561 161 0 1
3751 1398 0 0
1369 4460 0 0
3082 4575 1 0
4312 519 0 3
2491 338 0 1
4602 2982 0 0
4354 3306 2 0
4828 3490 0 0
4623 376 1 2
1644 4947 1 0
1545 2325 2 3
1727 4818 0 1
457 2865 1 4
4628 2767 1 0
4713 1250 1 2
3615 2939 0 1
4594 4507 0 0
3530 3683 3 3
1291 3268 1 0
2901 2153 0 0
1445 1246 0 4
407 4280 1 0
4704 2674 2 0
4063 1423 0 0
2382 4378 0 2
1186 4921 0 0
4310 233 8 1
989 23 0 12
1219 145 0 1
3994 4153 0 0
656 1351 1 3
2142 863 0 1
3526 4263 1 0
601 244 10 1
2304 3187 0 0
3305 1449 0 3
2222 1970 1 3
1590 4558 0 0
3458 1040 0 0
3744 2436 0 3
1599 25 1 0
4212 4061 0 1
157 3009 61 0
532 3723 0 1
4666 1309 0 0
2808 3372 1 0
64 3562 1 0
4266 4763 1 1
668 4281 0 0
2867 3935 2 5
345 4642 1 0
3293 4605 0 0
438 2964 0 1
1466 4411 3 0
1586 3085 0 0
1345 2418 1 0
1715 4920 1 2
2860 2155 0 6
612 2546 1 0
1682 2702 0 1
2119 2048 0 0
3849 1484 0 0
2963 3766 0 0
3598 1923 1 1
4741 4394 0 1
3908 450 3 0
3121 2155 0 1
1545 4284 1 0
1734 2107 1 0
1070 2826 1 0
2421 322 3 0
4189 4158 0 0
4077 4746 0 1
3870 3607 0 0
2151 4850 0 0
3845 1913 0 0
3556 1434 1 0
1460 3141 2 20
2503 1741 0 0
2879 1690 0 0
4177 3907 0 1
1176 2763 3 0
116 1080 0 0
2771 2560 1 1
3566 3141 0 2
3297 2313 1 0
3477 3877 0 0
3625 4673 1 0
3434 2985 1 0
2957 4804 0 1
3172 3095 0 0
2606 4493 1 1
3297 4445 2 1
3074 3686 1 0
4449 1398 2 1
2429 899 0 3
2468 629 3 0
4120 1054 3 1
4823 4453 0 0
4648 3522 1 1
1236 3618 0 2
646 4080 0 0
893 3331 15 1
1686 2868 0 1
2923 1419 1 0
1644 4378 0 1
1027 991 1 1
3504 2908 8 0
4140 634 0 0
2984 2418 0 1
4284 1753 0 0
2150 3374 3 0
2949 1536 0 0
897 4861 2 1
1491 4530 0 2
851 3913 1 0
3175 4592 0 0
18 3665 1 1
4580 803 1 0
4637 1320 1 1
3763 4976 1 1
200 2732 1 0
4490 2955 0 0
3600 999 0 0
3616 2153 0 1
1058 1618 1 0
2490 483 391 0
2446 2096 3 0
1294 3999 0 9
2051 3286 0 1
2375 2569 0 1
1761 2798 13 1
1545 3808 4 1
223 592 0 0
3237 2100 1 3
1660 1963 0 5
1848 3626 0 0
4428 4652 0 1
1323 3549 1 0
1235 71 0 0
4153 3478 0 2
157 1534 0 1
778 963 0 0
3574 2940 2 5
2521 4334 0 1
4135 3437 0 1
4984 2767 0 1
2122 2312 2 1
2297 2937 1 4
1280 4004 0 1
1384 33 0 0
1482 763 1 1
3335 2413 0 0
4984 2704 1 1
1771 4424 1 0
797 4525 0 0
4512 4781 2 6
3904 4034 0 0
1853 4526 0 0
2836 3742 1 6
2073 4537 2 0
2373 2377 3 10
60 1515 0 1
2897 1273 1 0
3104 2914 0 1
3330 4913 1 1
2303 523 0 0
3552 2938 5 0
1457 1818 1 0
204 4857 0 0
2151 2485 0 0
2953 3236 0 3
2680 2480 1 1
3409 1000 0 0
2142 4499 0 1
19 4862 1 1
2283 4526 2 0
370 1970 0 0
1718 3454 1 0
1558 2590 0 0
1749 1007 1 0
2137 133 1 0
4745 852 0 1
2145 2266 0 1
2304 4319 0 1
213 3565 1 0
2991 3728 0 3
552 2045 2 0
315 663 0 0
532 556 0 0
1686 596 1 1
4239 2086 0 0
3761 860 0 0
1005 4783 0 0
17 3930 0 1
883 215 1 0
4689 537 0 0
4802 204 1 0
238 4166 0 1
501 2901 1 0
3504 555 0 1
3595 4363 22 0
962 4945 0 0
2130 2190 4 0
1364 4001 0 0
4307 193 0 0
1703 745 1 0
4256 3902 0 1
4802 1218 2 0
655 189 0 3
3229 3921 0 1
1648 4532 0 0
3988 1838 0 0
2020 2168 0 2
2435 2240 0 3
1117 2597 61 0
3604 3136 1 0
3391 3152 0 0
408 250 0 2
4126 3063 0 1
1003 3083 0 0
2666 1085 1 1
1745 2977 0 1
414 3809 0 1
3689 3958 1 0
4836 2606 2 1
2991 737 1 0
2952 2727 0 0
955 327 1 1
3388 2599 0 0
3870 2185 0 1
4438 963 0 0
3118 2762 1 1
4687 3118 0 0
4030 556 1 2
103 4990 0 0
2486 4323 8 0
2299 3779 0 0
297 1292 0 0
3330 2248 0 0
3511 2788 0 0
3724 618 0 1
72 2964 1 1
1503 1421 0 1
3856 464 0 0
1294 3840 1 0
3266 5 1 7
2425 3118 0 1
675 3078 2 9
1189 1238 3 0
4095 2311 0 1
4499 937 0 1
4715 57 0 3
3050 2827 1 1
993 4001 1 0
2572 3214 1 1
2142 4205 1 0
113 2718 1 0
1242 1347 4 1
3976 1563 0 0
3564 3578 0 5
3190 1311 0 0
1964 3177 0 0
1350 3899 1 1
4632 819 0 229
809 3537 0 1
1986 3158 2 0
22 1925 0 0
2521 1066 0 1
4978 3897 3 0
800 2413 1 0
881 3076 4 0
2675 587 0 0
3696 976 0 1
839 4254 0 1
2062 3904 1 0
529 386 1 0
4718 1923 2 1
4545 2826 0 1
2157 2252 1 0
187 2163 0 1
2841 2083 15 0
3028 173 0 1
3437 4256 3 0
1011 3942 0 0
3862 1845 0 1
1030 2258 4 1
4084 509 1 0
3413 879 0 1
1612 1656 0 1
1320 23 4 10
3865 2142 0 0
3034 238 0 0
4577 4193 0 1
3650 2943 2 2
1747 3002 0 1
4442 2411 1 1
4120 266 0 0
2923 2788 1 0
2446 3017 0 2
4776 3141 0 1
934 4464 2 1
696 3795 0 1
275 3764 0 0
4729 4945 1 0
3560 3728 1 0
3379 2624 0 1
3296 2313 1 2
3778 1973 0 0
3488 1864 0 0
700 67 2 0
1741 2466 2 1
2242 1368 0 0
1324 669 0 1
3303 404 1 1
1971 250 1 0
4499 4343 0 0
1598 1476 1 12
1612 1828 0 1
1055 3232 1 0
3499 3141 0 643
1606 2946 0 2
3125 1481 1 0
3599 707 0 0
4932 848 0 0
4554 2833 0 3
1417 4427 0 1
371 2155 0 2
3681 3160 1 1
4806 1443 0 0
943 3823 0 0
1330 2193 19 1
3053 3953 1 0
2428 1260 2 0
2497 2916 0 0
3429 4702 0 9
3118 4558 2 1
1788 1677 0 0
1047 2467 0 0
74 3154 0 0
4022 4565 1 0
766 1026 0 0
1180 2479 0 0
4174 1385 0 8
4046 1589 0 0
2862 4406 1 2
4554 639 0 0
2286 453 0 0
1182 959 0 0
3590 3106 62 1
2054 298 0 0
1395 3944 0 0
780 4141 2 1
4044 3610 5 0
1588 3134 5 0
4070 4450 2 1
4803 1484 1 2
1147 4851 1 2
199 2416 3 1
1793 3793 1 2
693 4344 0 0
4079 763 0 216
852 2844 0 0
2569 1480 1 0
1850 3537 1 23
2476 1569 0 1
2215 1717 2 1
72 1607 0 3
2870 1049 0 0
582 4216 0 1
1447 230 0 0
1119 1217 0 0
219 1942 0 0
4943 4430 0 1
2660 530 0 0
2104 1663 1 0
1575 3698 0 2
2155 2066 0 0
3092 3693 1 2
4175 3030 0 1
4180 3488 3 1
3312 415 0 0
4059 3560 2 0
2559 4970 1 1
4579 548 1 0
4787 3236 0 0
4433 2089 1 0
1507 5 0 1
3060 208 0 1
4880 1140 1 0
2841 1743 0 0
3756 3655 0 0
2359 3257 0 3
3188 3725 0 0
1666 2983 21 0
2974 76 13 0
2466 376 0 0
3049 193 0 1
4787 359 12 0
1056 1916 0 1
3540 4869 0 28
1723 2322 1 1
4501 4626 1 1
3519 4195 0 1
601 1154 3 0
2346 446 2 1
2659 1208 0 0
4872 3372 0 1
4560 858 0 1
3406 4776 0 1
848 4977 11 1
3424 2523 0 0
3345 1506 0 0
765 1934 0 0
515 3939 1 1
894 4811 0 1
2529 2600 1 0
366 1186 0 1
4625 634 0 0
33 1942 0 1
1763 3506 0 1
2360 2545 0 1
3161 3044 1 2
3918 2623 0 1
726 4654 1 4
241 2156 0 1
4299 1257 0 0
4914 554 0 0
3699 3147 1 1
2404 3205 1 0
1479 820 0 0
2543 1399 0 4
4817 3868 0 0
298 854 1 0
590 3298 0 0
3151 1746 1 0
2735 1859 1 5
255 56 1 35
454 2560 3 1
4044 1223 3 1
2019 1976 0 0
4421 898 1 1
4641 860 1 4
837 2938 1 2
2486 36 2 1
3310 2162 15 0
1308 3200 0 0
4594 2201 0 0
1935 396 0 5
1893 4954 0 2
3331 3529 4 1
3904 4282 0 0
3983 4153 0 1
2348 3964 0 1
2491 2176 0 0
3172 3537 0 5
4661 241 4 0
4060 3314 0 0
2673 1754 1 1
3525 4212 5 0
2682 2417 0 1
4284 2124 2 0
3475 4690 1 0
3074 1192 4 0
4082 3936 0 1
3457 3439 1 3
1630 1512 0 1
542 1211 0 0
605 4468 1 0
3965 3694 1 0
1569 1088 1 0
383 4216 4 0
529 4584 0 1
1611 3678 1 1
2145 2624 0 0
4011 2599 1 0
3050 4684 2 1
9 77 0 1
2456 2140 0 0
1829 3728 0 2
2915 4034 0 4
3868 2792 3 0
1749 2089 0 1
4312 2310 1 1
1286 2800 0 0
3603 446 0 0
1727 899 0 8
516 3864 0 2
1707 742 0 1
3868 1291 1 0
735 2637 1 0
2568 1795 1 0
2990 4381 0 1
2559 3840 2 0
4566 972 3 0
1630 1540 0 0
1106 2321 0 0
3439 4363 0 2
4880 2891 7 0
2689 4721 2 1
2198 3002 0 5
4514 116 1 1
176 2848 0 0
4961 241 0 2
134 1453 4 0
1013 534 1 0
4566 3909 21 0
951 1161 0 0
3604 2214 4 0
1659 1788 1 0
3389 2606 1 0
2970 3331 0 4
4541 826 0 0
362 1666 7 0
1851 2081 1 0
4437 3424 0 2
4670 90 0 0
4978 1770 0 1
1611 2659 0 16
4497 1956 1 0
789 1756 0 1
2164 4644 1 0
1649 1423 1 1
2329 4705 0 1
2401 4614 1 0
1896 2661 2 0
757 2113 0 0
1533 418 2 1
656 1256 4 0
3291 68 1 12
2204 3795 0 0
3646 4707 20 0
4224 2437 6 0
2169 4748 0 0
1909 3038 1 0
4117 1373 0 0
4000 4954 0 0
3486 1053 0 3
1915 1258 0 1
1683 4032 1 1
3629 942 1 2
1605 954 1 11
2578 84 0 0
3546 4485 0 6
2867 1712 0 1
2388 4365 0 0
3652 4980 2 0
1232 3208 12 0
2937 3014 5 0
796 1752 0 0
605 4963 1 1
3629 601 0 0
1146 1863 0 0
4469 790 8 0
702 1970 1 4
3997 739 0 4
2463 25 3 1
3595 593 3 1
2724 3879 0 0
1485 2129 1 0
4073 3002 1 137
909 3756 1 0
239 4935 1 0
1111 891 0 0
1114 1749 1 0
3018 2661 0 0
1374 1347 0 0
1026 764 0 0
2076 4165 1 0
661 180 0 0
1233 819 0 17
1964 334 3 1
3074 3331 1 1
3626 3936 1 4
4600 436 0 0
4129 671 1 0
4445 798 1 2
3433 3183 1 7
2285 4702 0 1
3053 4952 0 0
1684 2129 0 2
2186 64 0 1
4268 4865 0 0
4799 122 0 0
2979 3157 2 1
1885 3372 0 0
614 1914 1 2
660 1543 0 0
1704 2024 0 2
2676 1059 1 0
778 4520 0 0
231 2258 0 0
4825 3078 1 0
3762 534 0 0
3416 3163 2 0
1162 530 0 0
1678 2257 0 1
1600 3965 1 0
3906 3488 0 0
4539 863 0 17
2676 2331 0 1
1160 4154 0 0
275 1081 0 0
904 1293 1 1
2696 2253 0 0
3247 2631 1 1
592 390 1 1
1512 3331 0 2
3763 4815 0 0
16 511 1 2
2370 930 0 0
4703 10 1 0
1349 4827 0 1
2668 4813 0 0
489 1659 0 1
3578 2763 0 1
4852 1712 0 1
2583 3257 0 0
2974 211 5 0
4175 694 1 1
885 4929 2 2
1172 4856 1 0
1852 1107 0 0
4119 3092 0 2
2472 2900 0 1
1162 3313 0 0
4744 1849 0 0
3793 2375 2 0
2836 1122 1 1
3688 3823 1 1
2558 2485 0 0
596 2692 0 1
1413 1567 0 1
4350 4158 1 0
2148 3839 1 0
2037 4231 0 0
2741 4907 1 0
785 153 0 0
4683 2624 0 0
2147 11 0 1
20 434 1 1
3161 223 24 0
1466 4301 1 1
419 2414 0 5
3357 3511 13 0
2556 3078 1 0
4109 1314 0 0
1172 302 0 0
1547 1454 0 0
3649 2528 0 0
2244 4899 0 1
4972 4482 2 1
904 1406 1 0
1052 309 0 1
591 1567 0 0
2966 1970 0 2
550 2843 0 1
584 232 3 0
3701 2252 0 0
3733 2678 1 0
3733 790 1 2
1601 3696 0 0
2080 2190 1 0
3726 3154 3 1
2355 3864 0 0
601 512 1 1
3624 4046 0 0
2157 420 0 0
3861 4263 0 0
865 630 0 0
2283 2921 0 0
3277 753 0 0
3979 3176 0 0
1892 1353 4 0
4280 3537 1 1
3381 4404 0 0
3539 3511 0 1
4172 901 4 0
4711 958 1 0
4957 1990 0 1
1054 625 0 0
3357 3468 1 1
2557 2275 1 0
3446 3818 20 1
2793 4368 0 0
1495 2913 0 0
1318 2399 0 0
1612 1608 0 0
4933 1054 1 0
4279 4907 1 0
406 3455 12 5
4393 1838 1 1
1544 2352 1 0
3303 2706 0 4
3484 3935 0 7
2839 1408 0 5
1599 2891 0 0
15 860 1 0
3248 3254 0 0
2702 3470 1 1
700 3008 5 0
818 1329 0 1
1414 4053 0 1
4637 740 0 0
4360 3810 1 1
2780 151 0 1
1380 160 0 0
3625 4580 0 1
4740 205 0 1
897 2140 0 0
702 1396 0 2
3379 2651 0 1
4042 4535 0 0
1962 3158 0 8
3220 1150 0 0
943 1812 0 0
3861 935 1 1
1996 4019 1 0
1547 3201 0 6
1637 587 3 1
2075 2928 6 0
1180 4216 1 3
832 2553 1 0
3590 2801 0 0
1573 4719 6 0
2587 100 0 0
261 4545 0 0
1905 4109 0 0
3068 1532 1 0
3080 4678 0 1
4716 3414 1 1
4497 316 1 1
2552 1779 0 0
601 1339 8 0
3500 3911 0 0
2456 1442 4 1
2966 418 1 1
2618 4946 1 2
134 3433 0 1
3191 3127 0 0
4023 3436 0 0
3735 806 0 0
3606 1741 1 0
3993 1399 21 3
1427 947 1 2
2472 4719 0 1
3668 4702 0 0
2339 1459 1 4
893 4493 3 1
4368 4622 1 0
1489 1339 1 3
4795 1534 6 0
1747 2764 0 1
3381 2407 1 0
2421 2301 7 0
832 3815 0 0
2570 83 1 0
1259 1743 1 3
4352 4930 0 16
1692 2993 0 7
4126 455 1 1
2052 3834 1 0
1942 1942 0 0
1547 481 0 0
2604 3583 0 0
4394 3929 0 0
3439 4102 1 0
3103 3691 2 0
3384 2176 1 3
2342 3991 0 0
2980 655 0 1
1719 957 0 0
11 1844 0 0
4033 4327 1 1
25 1484 1 1
1349 4010 0 2
3852 1928 1 0
342 57 7 0
4525 856 0 0
272 4767 1 1
2015 214 0 0
476 4369 3 1
262 1369 1 0
520 4866 0 1
4972 2705 0 0
753 413 0 1
4559 155 0 0
4174 4574 5 1
1657 607 1 1
2477 2707 0 0
1025 935 1 0
1762 2430 0 0
4928 1701 0 1
1357 226 0 2
4267 1656 1 0
2062 1085 2 0
3184 4590 0 1
4481 3547 0 0
903 2736 1 0
2032 2485 0 0
1424 79 0 1
4944 2148 1 0
2666 3492 1 0
4146 1119 1 2
1480 3241 0 0
277 3028 1 0
2054 4701 0 1
4479 3940 0 0
600 941 0 0
4806 3693 0 0
1943 54 1 2
3399 3389 0 0
3701 3279 0 0
3564 1955 0 0
3191 4589 1 0
3330 2152 1 2
3966 3200 1 11
3168 3693 1 0
4983 3510 0 1
625 2315 1 0
4833 917 1 0
1747 3986 5 1
601 1972 0 0
625 4470 0 2
481 4708 0 0
3475 1373 2 0
3466 2174 3 0
1980 1550 1 0
937 4886 1 1
3938 1528 1 5
4604 2301 0 2
541 4967 31 0
1640 2454 2 1
4484 920 1 1
1276 1650 1 1
3656 2407 0 1
1738 2727 0 0
2953 834 0 0
631 1108 0 0
785 1484 1 0
1275 1990 0 5
339 4884 0 1
96 749 0 1
3827 4094 1 1
281 4915 0 1
1683 3215 0 1
3634 2622 3 0
3351 4175 0 1
3334 2985 0 1
3082 2044 1 1
2486 4523 19 0
4711 2633 1 1
4558 2307 2 2
554 2746 0 1
866 1107 1 1
3988 1519 1 1
4795 1963 1 1
1963 4725 0 0
2978 251 1 0
3745 4953 0 1
2490 4654 8 0
4082 2698 0 0
1850 498 1 0
532 1655 0 0
1906 1029 0 0
1666 3968 24 1
2214 2056 0 1
1171 3144 0 0
916 2892 1 0
854 4493 0 2
2694 4889 0 0
1242 1743 6 0
2952 155 4 0
4499 759 0 1
929 4946 0 2
406 502 2 0
1232 3038 0 3
3471 1067 0 0
3793 4547 11 0
1218 3144 1 0
4639 4182 0 1
2698 4267 0 0
184 950 0 0
188 2435 0 12
4128 4499 0 0
2057 3248 0 1
41 4781 0 43
4235 2844 0 0
1223 1312 0 1
1501 264 0 1
4573 2172 0 0
1708 1074 0 1
938 2179 1 0
4598 4018 1 1
1813 3985 1 0
597 108 0 0
4107 2002 1 0
2187 3455 0 6
17 2044 0 0
625 2478 16 3
2647 3002 1 32
2705 521 0 1
4518 2338 0 0
4730 1409 0 0
3231 3679 1 0
3188 1433 1 0
1660 3251 0 0
2533 4782 0 1
3302 4956 1 0
4726 1737 0 1
1253 2243 0 0
4900 4946 0 1
1926 1721 1 1
1715 979 0 1
1949 4759 1 0
3793 3306 11 4
4039 2318 1 0
3796 2699 0 0
3769 1906 2 0
4928 220 0 1
384 4183 0 1
2240 3485 0 1
2470 4788 0 8
2457 2214 1 1
2057 863 0 0
4656 3909 1 8
2634 2497 0 2
303 4158 0 1
1406 3935 0 1
1936 2323 0 0
3196 1941 1 0
2889 4141 0 0
2502 1701 28 0
2353 1463 1 0
700 3545 1 1
73 3774 1 1
2249 2940 4 1
548 420 0 1
4284 393 1 1
4870 1436 1 0
789 2047 0 1
3797 989 0 0
4103 2788 7 0
3857 3306 0 0
3261 1072 0 1
1021 1622 0 14
3983 516 1 0
2837 866 0 1
3124 1519 0 1
688 1800 1 0
1447 3829 0 5
1893 825 0 1
1979 4216 0 0
160 3743 1 0
2512 2909 2 1
3718 4181 0 1
3416 1493 1 1
1431 1503 0 1
3647 3349 2 0
2501 2973 0 0
3595 816 1 5
4254 3655 1 2
738 3535 0 8
4030 4569 1 1
4911 4538 0 4
1219 1465 0 1
1763 2391 0 0
134 401 66 2
2373 1493 0 0
1889 1992 0 1
1233 1519 0 6
2199 1396 0 0
2585 4980 0 0
9 4206 0 0
4449 4784 0 0
757 2657 0 0
3579 1072 0 1
3864 3930 0 23
3825 1719 0 0
814 1822 0 0
4906 856 4 0
261 1085 2 1
502 4037 0 1
612 393 1 0
1054 2857 0 1
4552 2646 3 11
278 2940 16 0
351 3128 0 2
3938 1953 1 1
1485 751 1 8
4262 120 20 0
928 712 1 1
4642 1069 1 0
72 1525 0 1
4980 3935 0 2
3980 3782 0 0
3207 1238 3 0
655 436 0 0
3949 400 0 0
116 4698 0 0
4943 1041 0 0
1030 713 1 0
2598 2864 0 0
1464 1718 1 1
785 2884 2 0
2888 2406 0 0
3504 2317 0 0
1937 3584 0 3
4010 717 9 0
2020 529 0 0
130 4000 1 0
3161 95 4 1
4262 4363 1 0
4237 3950 1 1
89 613 0 1
1327 3407 2 0
3731 3739 0 0
4520 3331 0 0
2411 4826 0 0
1477 4588 0 0
2535 3930 1 8
166 2360 0 0
1261 4497 0 0
4248 2129 0 1
336 812 1 0
1560 1365 2 0
824 1212 1 0
196 4371 0 2
936 830 0 0
1026 4411 0 1
1701 306 0 0
4602 3254 1 0
1144 3304 0 0
2184 1091 0 1
4175 2506 0 0
1993 3793 0 6
3172 44 0 0
4621 4743 1 2
1003 1690 3 0
1684 3577 0 1
4457 235 0 0
4722 309 0 3
4549 3417 0 0
2188 4720 0 0
2656 4708 1 6
1791 3440 1 0
3930 1411 44 1
271 3894 1 0
830 2005 6 1
1901 2021 1 0
204 2945 1 0
3110 2602 0 0
3407 1490 1 1
2246 1152 0 0
300 4019 0 1
1909 766 0 0
1029 4616 0 0
1031 4055 4 0
3208 2102 1 0
1480 3250 2 0
4578 1696 0 1
3857 1921 3 0
3032 1858 1 0
188 2048 1 0
2485 3365 0 1
1353 4547 1 1
4138 1079 0 1
4826 2349 2 0
2216 4369 0 2
2231 3044 0 0
3877 2203 1 0
1070 3490 1 1
1713 1670 0 0
4302 2590 0 0
625 3059 6 0
4606 3118 0 1
3453 3537 0 0
441 425 1 1
96 1367 0 0
4120 1630 1 1
1795 3775 0 1
1258 2288 1 0
705 2479 1 0
3781 1678 1 0
4610 2420 0 0
1818 2600 1 2
1345 3490 1 5
2953 4571 2 0
2856 1244 2 1
4609 2103 4 0
511 477 0 1
1414 2563 5 0
786 3496 0 11
273 819 0 0
1868 1002 0 3
411 1443 0 0
3413 3545 0 4
3050 1094 0 0
3242 3938 0 1
4711 401 4 0
3946 2762 7 0
1502 3068 1 0
116 1029 0 0
70 2686 0 0
2587 4392 0 0
4490 4365 1 1
857 497 4 0
1052 2000 5 0
2328 9 0 4
2155 4165 0 3
589 3152 0 0
518 2523 1 0
3793 647 12 0
1140 339 3 0
1067 441 0 0
2232 1104 0 1
1512 3966 0 0
1246 799 0 1
780 3864 0 0
85 1743 0 1
1030 3539 1 2
2098 2449 0 1
3130 1093 0 0
3132 4730 0 15
1438 1083 0 1
4247 2809 0 0
4932 4408 2 0
4 2535 0 0
3595 227 0 0
4852 4427 0 0
115 3114 0 0
1377 3682 2 1
3276 1021 0 0
4142 4252 0 0
2750 121 0 2
184 502 0 0
3381 2614 0 0
724 3801 0 0
1590 3794 3 0
2702 1282 1 0
1072 1681 0 1
2918 4689 1 1
757 1287 6 0
373 4184 0 1
375 820 0 1
4212 4434 0 2
4129 64 0 0
3039 3128 0 25
3772 339 0 0
391 3124 1 1
1047 2816 5 0
3384 2708 0 1
4859 2161 0 2
4314 111 0 0
1557 1393 1 0
854 4772 0 0
57 3102 2 0
1502 799 0 33
3607 3325 0 0
2284 4670 7 0
94 1141 1 1
4631 3064 0 0
1052 54 0 1
1637 1258 0 0
366 3793 0 1
4260 831 1 0
2320 1412 2 0
2502 4105 35 1
332 4758 0 2
3726 4588 0 0
1720 2617 2 0
2664 4864 0 1
2767 3264 1 0
4394 713 0 0
3446 3490 4 1
2063 16 0 0
2283 1973 0 2
3064 4511 0 0
3691 2785 0 1
2879 1817 0 1
4506 3141 0 1
2994 3744 1 1
3400 3038 0 18
1936 3571 2 1
3590 4470 78 3
4169 2025 1 0
866 628 0 0
3805 2759 3 0
1663 1444 1 0
1993 2826 1 0
55 3754 0 0
4010 4788 1 0
897 3691 0 0
197 1036 0 1
3752 2195 0 1
4634 430 0 0
4481 2435 1 1
4709 4730 0 59
2695 1393 0 0
2616 4113 3 1
4642 2644 1 0
379 581 0 1
4602 4864 3 1
4669 212 0 0
339 2474 2 0
1761 4762 1 0
4207 1964 0 1
1676 62 0 0
4802 2485 3 0
1189 2497 2 2
3287 1721 0 1
4648 3755 0 1
3225 3250 2 0
1781 2312 0 8
3887 3014 0 1
4187 1489 1 0
415 3044 0 1
2082 3080 0 0
487 685 1 3
4848 4298 0 1
3152 4354 1 2
2606 4909 44 1
1384 2193 0 4
1786 2894 0 0
4711 3138 0 2
1933 4010 0 1
4402 2750 1 1
1600 3448 0 0
2468 3353 12 0
3750 681 1 1
4631 4721 0 1
3525 2576 0 0
173 146 1 1
3002 751 0 2
143 878 0 0
3095 1617 1 7
4871 730 0 1
4572 4691 0 0
4933 187 0 2
3106 577 1 0
1604 4875 0 0
1030 1534 4 0
1012 4430 2 2
2159 3715 1 0
706 1970 0 22
2844 882 3 1
4155 2393 10 0
1030 37 1 2
4906 667 0 0
2201 1490 0 0
944 1347 0 0
972 4588 1 0
1587 4665 0 0
379 4954 1 0
2558 2654 2 0
1453 4899 0 4
2818 4420 0 2
196 3535 1 1
2895 3134 0 1
1403 3475 1 0
338 1870 0 0
2952 4063 0 0
3595 655 15 1
3805 529 2 0
3268 3141 0 43
2456 491 13 1
3951 1717 1 0
1514 4824 2 0
2238 2157 1 0
3697 918 0 0
2444 2850 0 0
1398 3532 1 0
3060 3141 1 3
2071 4439 0 0
715 2943 0 0
590 2028 1 0
4254 4727 7 0
119 318 0 1
3530 3781 0 0
4993 3466 3 0
4011 3803 0 0
3485 1717 0 0
1771 4966 1 0
3804 1838 0 0
4281 733 1 2
2835 1138 1 1
3530 4245 0 0
3170 2252 0 0
2546 4161 1 0
2352 2916 0 1
3606 3439 0 0
4437 1663 0 0
4275 396 4 0
981 4468 1 0
4916 3241 0 0
2981 4255 1 1
4044 2157 2 0
4361 3026 0 1
3053 2995 1 2
4598 1503 0 2
4716 3226 1 1
2948 4253 0 3
3603 4704 0 1
3861 655 1 5
3603 3342 1 1
2196 1076 0 2
1996 548 0 0
1030 80 0 1
1513 2793 0 0
1884 4097 0 0
3709 2097 1 0
451 3611 1 0
600 1379 1 0
3724 1970 0 6
1484 2417 0 0
541 2821 0 0
4830 2861 0 0
1364 19 1 7
2312 4470 0 1
2404 4757 0 2
478 678 0 0
2668 3081 0 0
1391 2305 0 0
4354 3408 1 1
3098 2923 1 1
4054 1284 1 1
949 3902 0 0
4980 1490 0 1
552 538 0 1
2325 4075 0 0
4433 1206 1 0
4268 3813 0 1
115 3128 1 0
4156 3093 1 0
1247 3554 0 0
3668 778 1 0
4000 1841 1 0
3838 1958 0 0
1374 418 0 0
448 3930 0 2
35 1795 1 1
996 2197 0 0
4903 3679 0 1
4038 4890 0 13
3404 2996 0 0
1766 4661 0 1
4392 689 1 0
1199 1739 0 0
4629 3782 0 0
4978 3955 0 0
724 4154 0 1
1141 3212 0 1
3941 2454 0 0
310 4303 0 1
1491 899 2 0
2901 601 0 1
4354 1749 64 1
4023 3413 2 0
4688 4179 0 1
2098 4043 0 1
262 2099 0 15
2057 4800 0 2
1795 272 1 0
1873 2813 0 0
1336 4428 0 1
1745 4357 1 0
4708 4761 0 0
1711 212 1 0
3681 1424 1 0
202 1084 0 0
3384 273 0 0
4563 135 0 3
557 3787 0 0
3679 567 0 1
529 3741 1 0
3751 3855 0 1
3919 4990 0 0
777 3208 0 0
4560 285 0 1
3559 4965 0 0
439 313 0 1
762 4437 0 0
35 548 3 0
3252 305 1 1
1170 4258 0 1
4717 62 0 1
3324 4966 1 1
3254 214 0 1
4436 1455 0 1
3195 1042 1 0
975 4357 0 1
2695 1069 0 0
182 2614 0 0
1182 803 1 1
4610 320 0 1
509 2163 1 0
1008 4806 0 0
2842 634 0 0
1835 2791 0 0
3827 3520 0 5
916 523 0 0
1543 1746 1 1
3165 666 2 0
2620 3429 1 0
4421 1591 0 10
1625 1976 0 0
4436 50 0 1
909 3350 2 0
2346 3579 0 3
72 599 1 0
4490 933 2 0
4484 4622 1 0
1524 544 0 0
990 2307 0 1
4835 813 0 1
666 3871 1 5
2075 4533 1 0
2829 3257 0 1
225 324 0 4
3656 282 0 1
5 4223 0 0
476 3648 1 0
293 1530 1 1
2943 1805 1 2
3608 1414 0 0
727 279 2 0
3624 1466 0 2
3334 1029 0 2
4879 4141 1 0
3070 4339 0 0
143 1980 2 1
3723 4463 0 1
2739 3403 0 0
2122 3418 1 0
3647 1832 6 0
4525 2324 0 1
552 4134 1 1
271 3884 3 1
2595 23 1 0
3381 77 0 0
3131 2203 0 0
1669 2746 1 0
4542 120 0 0
1143 193 3 2
286 2654 1 1
2978 430 1 1
3281 1648 0 0
3671 1368 0 0
2207 444 1 0
933 278 1 0
584 715 0 0
3295 3532 0 0
4583 883 1 0
3758 4907 3 1
800 947 0 0
1020 4279 1 0
2974 4869 0 1
1982 2843 0 2
666 4947 3 2
3645 1926 0 1
1612 4525 1 0
3067 2310 2 3
4101 3245 1 0
809 3725 2 0
2732 3015 0 3
4897 3471 5 0
268 2843 1 0
4896 3152 0 0
3911 4097 0 1
2468 239 1 0
2205 2940 0 0
1794 56 0 54
1325 1209 1 0
3701 801 3 0
2710 3864 1 5
2130 798 1 1
2671 1732 1 1
2046 420 0 0
3919 798 0 1
278 1698 0 0
4325 1424 1 1
1046 3106 5 3
4396 4748 0 0
4605 2212 2 0
974 2002 0 0
3297 2771 115 3
291 277 1 1
412 424 4 0
2033 3764 0 0
566 3280 0 0
1980 3625 1 0
3553 3815 0 11
847 3949 0 0
4997 2310 1 0
1909 1320 2 0
2893 3310 0 1
653 3347 0 0
2401 1385 0 1
4161 78 0 0
837 2593 1 1
3740 2864 1 1
3733 439 0 5
1522 357 0 0
3529 2323 0 0
2568 2000 1 1
3707 4589 1 1
3948 1315 1 14
4732 4006 0 0
4279 819 1 0
4307 4301 1 0
940 642 2 0
798 1487 1 0
2931 4544 1 0
2033 2472 1 0
986 2109 0 0
4606 1724 1 0
213 479 0 0
837 1789 0 3
4266 616 1 1
4157 3815 0 10
3736 1752 1 0
319 1396 2 0
2776 1646 1 0
4573 1519 1 0
1856 711 0 0
3500 2275 1 0
998 2021 0 1
768 1601 1 0
2204 3181 0 0
955 2197 0 1
3909 3131 0 1
331 2171 1 1
4089 1609 0 1
1345 4633 1 1
4546 3371 0 0
726 2278 0 0
1787 3061 0 0
4233 3140 0 0
2320 701 1 0
4195 2610 0 0
4284 3538 1 0
125 786 0 0
2993 4788 0 0
3628 1772 0 0
502 3403 0 0
2112 3544 0 3
2707 4412 0 0
1225 3898 0 0
2355 3391 1 1
4205 4105 1 4
1223 3640 2 1
3650 3488 1 1
3452 3083 1 2
993 4480 4 0
4028 1535 0 0
3112 1421 3 0
3826 1574 0 0
4629 424 0 2
4637 4770 5 1
4060 4974 0 3
2947 58 1 0
2755 3336 0 0
866 658 0 4
2486 866 22 0
4707 3698 1 2
3769 2940 13 1
4425 3971 3 0
426 4369 0 0
1957 1034 0 0
3171 4648 0 0
2858 2789 0 0
1831 501 0 0
4680 1591 0 0
170 976 2 0
1485 4499 2 0
3955 930 0 0
1182 4982 12 1
3303 2813 2 1
1024 1139 1 0
2583 4283 0 1
4942 3819 0 0
4609 1021 0 1
2739 36 0 3
242 1757 3 0
4416 3902 0 12
3333 465 0 4
2325 4692 0 1
408 3131 2 1
3493 2622 0 0
3988 2692 0 0
2666 4454 0 2
3644 4851 1 0
339 3496 1 0
4103 3840 15 0
2993 2950 0 0
1231 478 0 0
2937 1303 2 0
467 4644 0 0
3514 2763 0 2
1658 4738 2 0
887 3106 0 2
4811 819 0 563
4414 790 1 0
3656 2765 1 5
2222 3918 0 0
4591 2564 0 1
3941 1888 6 0
4988 90 0 0
3616 4725 0 0
3950 3364 1 1
399 1595 0 2
865 4921 0 0
3029 3141 0 0
2551 1696 2 1
4156 1525 0 1
1604 2802 0 0
759 400 0 0
503 3471 0 0
2052 2215 1 1
944 468 0 0
2658 3872 0 0
1374 759 0 1
170 2385 1 0
2502 3995 0 1
448 439 0 0
2620 1157 0 1
410 1914 0 0
1488 646 0 0
1398 4604 0 1
502 1079 0 0
2490 3340 0 3
3590 1406 1182 0
970 3815 2 0
2550 2660 1 1
980 66 1 0
2222 3799 0 0
4409 1917 3 0
4510 4440 0 0
4510 3780 1 0
1623 3756 0 2
116 4705 0 0
671 2452 0 3
3381 2765 1 1
2680 4930 4 6
2299 4803 0 0
2974 3200 0 2
3788 4869 0 0
3019 3963 1 0
3728 1612 2 1
4356 660 1 2
1828 3439 1 0
4605 3389 6 0
2391 1014 0 0
2587 576 0 14
4610 4357 0 1
1250 2857 1 0
4060 2353 7 14
591 4245 0 0
1074 3342 2 2
4578 465 1 0
3967 3064 2 1
659 4753 1 0
160 3200 0 4
3451 634 0 6
1615 4575 0 0
1453 1734 8 1
110 3187 0 1
4896 201 0 0
4071 2744 0 0
2105 68 1 29
631 4807 0 1
1584 252 0 1
3569 1800 0 2
3347 1076 0 0
4023 4702 0 2
1326 742 1 0
2164 155 0 0
4880 1193 1 1
3709 182 0 0
3545 3077 0 0
2413 1988 0 0
626 2947 0 1
2852 1108 1 1
2533 1980 0 0
702 2190 0 1
4386 3770 2 0
3098 2196 0 2
3647 1114 0 0
780 3704 0 0
1005 2605 6 0
4311 650 0 0
3476 2614 0 5
3479 2509 1 0
3989 4119 0 1
3270 1385 0 3
735 841 0 0
4412 155 0 0
3411 1010 0 3
3765 3183 2 0
596 1382 0 3
3011 2874 0 0
2195 4016 0 1
4610 3250 0 1
2324 4967 0 1
3508 187 1 9
1491 644 0 0
4637 634 0 0
603 3328 0 0
4650 1934 2 0
1847 1696 0 0
3119 1877 0 1
1743 1668 0 0
4170 4819 0 0
2004 3017 0 1
2437 3177 0 0
1320 3083 1 2
3595 3244 1 0
748 4767 0 0
1276 1400 0 0
3165 625 1 1
3706 99 0 0
1446 4420 0 0
4254 2809 1 0
239 2964 0 1
3721 4652 0 0
3687 2163 0 1
2661 1415 0 0
3955 1470 0 1
3672 4434 0 23
1466 2018 0 3
2457 339 0 0
1107 1212 0 0
3374 2103 1 1
3330 3212 1 0
234 2169 1 0
1836 2198 0 1
1437 3995 1 0
1918 2921 0 1
2353 4080 1 0
4660 3432 2 0
3526 2564 0 0
2888 511 0 3
3238 4824 2 1
3053 3544 0 0
4271 4580 1 0
2425 2963 3 0
1885 4515 0 0
2164 3310 1 1
72 816 1 0
1304 1315 2 0
4155 1160 9 0
4928 3181 0 0
3124 4673 0 0
3379 4807 0 1
1789 3712 0 1
129 1574 0 1
2468 381 0 0
164 90 1 0
3633 865 0 1
4947 2467 0 0
4079 2435 0 0
2837 4133 0 0
325 2709 0 0
544 3077 1 0
3191 4970 0 1
4041 1232 0 0
4808 3077 1 1
593 155 0 1
1085 3813 1 0
2192 4739 1 1
72 792 1 0
412 2214 2 1
4820 3701 0 1
471 1975 0 0
4514 4688 0 0
3302 81 1 1
4980 3999 0 0
271 2960 1 0
2869 2516 0 0
2023 1754 0 0
1673 642 0 1
30 1952 0 1
2425 1159 1 0
3902 2335 0 0
3827 2497 19 0
2620 941 28 0
2868 4011 0 1
3009 655 0 1
2024 1076 1 1
1302 3491 0 0
3006 1036 0 0
3599 3094 0 0
4781 864 3 0
3097 1329 0 0
1638 2588 1 0
4260 3273 1 0
2726 3985 0 1
94 3355 0 0
4578 478 1 0
1822 725 1 0
909 4755 1 0
4723 4543 1 0
3937 633 0 5
1913 3590 1 0
3355 676 1 0
2568 773 0 0
1924 1984 0 0
3679 3937 0 0
3330 2414 0 6
1046 1257 1 0
3278 2061 0 2
2305 745 1 8
2005 1469 1 4
4385 3496 1 3
569 4702 0 5
4932 2225 1 0
1188 3147 1 1
2972 2307 0 0
3875 3996 0 4
1247 15 0 3
3305 440 0 0
3151 3122 9 1
3942 2536 0 2
2682 941 0 1
213 3212 1 1
485 1036 0 13
4512 4299 1 6
4925 1627 0 0
476 2659 1 0
1720 3487 8 0
406 1436 1 0
4425 2455 0 1
776 2938 0 1
1889 3454 1 0
365 3937 0 0
2197 4387 0 0
241 801 1 0
1219 4293 0 2
1007 4399 1 0
996 4476 0 0
3967 4089 1 0
2779 2143 0 0
1023 1600 1 0
3222 4317 1 0
1588 2144 0 0
4627 4880 0 1
2331 3802 0 1
4172 3469 15 0
4121 4788 0 2
2071 1594 1 0
714 3728 0 0
3103 3440 0 0
1984 3938 0 1
3988 660 3 2
3378 4781 0 20
4493 3073 0 0
4271 4392 0 0
863 2698 1 0
1957 4406 1 0
143 4281 0 0
2883 1083 0 0
1547 3038 0 0
3194 145 0 2
4795 4511 0 1
1694 2875 0 0
1220 1256 0 0
3941 332 1 0
2162 3055 0 0
958 3439 0 1
768 2414 0 1
1621 4439 1 0
3931 4263 1 0
3994 1114 0 1
2113 220 0 1
2587 2805 5 0
626 255 0 1
944 11 10 1
4606 121 0 0
4170 2449 0 9
700 3587 0 0
1395 3212 0 0
904 3455 0 1
1247 1689 0 0
459 3994 1 0
626 690 0 0
3167 1702 0 0
3389 745 0 1
2488 2449 0 0
4800 4386 1 1
4237 3707 2 1
3644 799 0 5
4515 1620 1 0
57 3779 0 1
4146 3317 3 0
4150 3313 0 1
1608 223 1 0
243 2786 0 3
4364 4781 0 1
1245 2690 0 2
4189 2016 1 0
2626 214 0 1
4289 2743 0 0
2861 2324 6 0
1806 1302 0 0
1353 4430 0 0
1827 4174 4 0
2786 1075 0 0
163 3226 0 0
755 783 0 1
4160 2193 0 1
1054 3580 0 0
3121 3258 0 0
4340 4279 3 4
4002 2548 0 1
1151 1483 1 1
982 763 0 32
2448 2021 1 3
755 3288 0 0
1003 3894 1 6
3400 4347 0 5
3891 36 1 0
3558 1683 0 1
72 3841 15 0
1641 703 2 0
781 4388 1 0
3994 2140 1 2
4172 3352 10 0
986 2074 0 0
476 3718 1 0
2981 4669 0 0
4160 2471 1 0
2464 1953 0 1
4631 495 0 0
4558 89 1 0
4723 2129 0 1
134 2888 4 1
3552 3488 0 4
4355 1651 0 1
1960 556 1 2
3564 3002 1 0
2175 282 0 1
445 3665 0 1
974 4714 0 0
2961 3947 1 1
4118 4864 1 5
4310 1963 3 0
4594 4630 1 1
4505 4006 5 0
4520 634 1 0
2929 4333 0 0
2530 4930 0 32
1753 986 0 0
1566 2212 0 0
958 3941 0 0
4438 2891 0 0
1009 2474 1 3
4578 1275 0 1
1545 1283 18 0
4037 4674 3 1
590 3324 0 1
3988 1619 0 0
1234 569 1 1
3481 1763 0 0
1931 1955 0 0
1140 1767 39 0
580 4402 12 0
1569 2867 0 0
4469 4487 1 1
2391 2937 4 18
4568 551 10 1
399 4796 1 0
4032 4683 0 0
1686 2474 0 3
1606 1696 2 12
4044 948 0 0
401 2258 0 8
4356 2426 0 1
4314 4161 0 1
4541 2717 1 0
3574 764 0 9
323 4590 0 0
3161 3008 0 3
1089 1957 0 1
642 3898 0 0
3471 2278 2 0
366 3207 0 1
735 1194 0 0
2130 3637 645 0
2494 1756 1 0
2291 2416 0 0
4766 4526 1 0
3590 3654 285 0
1219 1075 3 0
3303 29 0 1
1612 2243 1 0
3785 4855 2 0
4737 2301 0 0
770 4647 2 0
3486 1315 0 6
1806 2083 0 1
2611 494 0 1
1479 2367 0 0
1984 4811 0 0
3590 3089 179 1
3305 121 1 0
3297 1315 2 1
4980 974 0 0
4254 4434 0 5
3338 4403 0 0
1655 3280 0 0
3222 2252 0 0
1791 4651 1 0
4841 4048 0 1
3221 3183 7 2
2144 1743 0 1
3512 1028 1 0
2583 3854 0 1
1547 2449 0 0
4961 2324 0 0
1052 3183 0 0
2783 4413 1 0
1166 1023 0 0
2092 281 0 0
2176 761 0 0
2464 2937 0 2
2247 2625 0 1
2942 3340 0 13
3060 4435 0 0
45 994 0 1
453 4188 0 0
3650 3094 0 0
997 2713 0 1
2056 2226 0 1
2464 1672 0 0
1855 3939 3 0
733 4172 0 0
2144 4514 0 3
1558 3371 1 6
903 3568 0 0
733 1123 0 0
2355 3676 1 0
3168 2807 0 1
1431 965 2 1
2741 3612 0 0
2616 4430 2 0
33 2 0 1
4025 4321 0 1
3650 3760 0 0
397 2765 1 0
2948 2513 0 0
4345 3234 0 0
3401 3691 0 0
1391 4974 0 1
1460 1182 0 0
2502 2952 0 1
4631 1656 1 1
1694 1002 0 0
3161 3697 19 0
4680 1973 2 0
1741 3768 0 0
1771 4190 1 0
1116 4278 0 1
1417 1783 1 0
2022 257 0 0
567 4750 0 1
2019 2865 0 0
4549 897 1 0
2581 3790 0 0
2496 2019 0 0
271 1249 2 0
1915 759 0 0
1182 2581 2 0
3080 1086 0 1
1762 957 1 1
4268 4790 0 1
3497 4675 0 0
2267 1446 0 1
3088 3902 0 0
2275 3314 1 1
2009 4708 0 1
197 3868 0 1
1527 925 0 0
296 4511 0 0
2529 497 0 0
4246 1956 3 0
276 756 1 1
2886 2203 0 0
490 1465 1 0
1176 4357 6 1
3401 1712 0 1
4684 3310 0 0
3780 1960 1 0
961 1178 2 1
4799 4684 0 0
3569 3085 0 1
1112 1654 0 0
3297 4702 1 1
1286 1023 1 0
584 363 0 0
3769 289 3 0
958 54 0 1
741 4945 0 2
886 1309 0 1
4416 4578 2 1
2244 2531 0 1
1030 1525 1 0
337 4673 1 1
2463 1076 53 4
1914 1059 0 20
16 2622 0 0
1020 4750 1 1
1553 1651 1 0
3064 1386 2 0
4442 4713 1 1
1933 1021 0 0
664 3755 0 16
3439 3000 0 0
4443 3423 2 1
605 4134 1 0
4268 1771 1 0
4340 3537 1 0
3297 951 103 0
4161 3285 0 0
2990 1734 0 2
232 2439 0 1
1466 1683 0 7
3513 1385 1 8
2472 2783 1 1
2265 3920 0 0
1041 1609 0 0
1083 4866 0 1
919 1585 1 2
4634 2389 1 2
4368 4775 1 0
4392 4260 0 3
4590 1937 0 0
3852 3409 0 1
2628 3081 1 1
4987 2301 1 1
2607 1563 0 0
4447 1490 0 0
3280 965 2 0
1799 2842 0 1
4809 1516 0 0
3251 4652 0 0
2572 4354 1 0
1176 923 2 0
2587 3141 0 0
2779 3884 0 0
4908 3150 0 0
3446 1526 0 0
2403 4239 0 0
3878 739 0 1
2457 4828 3 0
244 627 0 1
2952 963 0 3
3076 3506 0 0
2583 3055 0 1
3625 3693 1 0
3256 4746 0 2
625 3894 0 12
280 3490 1 3
4421 1903 5 2
1813 2934 1 0
810 3492 0 1
3620 531 0 0
1165 3289 0 1
4105 4154 0 1
810 4774 0 0
2966 1475 1 0
3064 3487 0 0
505 1459 1 0
1870 7 2 0
589 1681 0 0
1031 465 2 0
3393 538 0 0
4895 2569 0 0
1156 820 1 0
937 2288 0 1
4262 214 1 0
2682 3588 1 0
2783 4472 2 0
3526 2568 1 0
1262 241 0 0
769 4865 0 0
3534 4003 1 0
1581 390 1 0
3886 309 1 0
4852 1712 0 1
4715 4260 1 1
2949 999 4 0
4533 3932 0 0
1800 2142 0 0
1744 2960 0 0
1861 1651 1 0
1441 2596 1 0
86 3158 1 0
497 3362 1 0
3785 1929 0 0
1649 245 0 4
2856 380 0 0
721 3932 0 7
1668 4670 1 0
3310 2214 8 2
1012 3455 0 0
4821 4673 0 1
703 4890 0 2
3988 1385 1 1
2392 3795 1 2
2026 4019 1 1
1487 2478 0 0
937 209 0 0
2082 2829 0 0
2652 4704 2 0
234 1938 1 0
921 2170 0 1
550 1026 0 1
3050 2044 3 0
4081 1576 0 0
1247 745 1 1
3785 1844 0 0
3305 719 0 0
4582 4202 0 0
4958 3539 1 0
4044 3859 0 1
707 1209 0 2
4612 1934 0 0
2598 3066 1 0
2598 4998 0 0
1115 2786 0 0
4906 1710 3 1
2612 2325 1 0
1894 3417 0 1
1199 4037 2 2
2281 579 0 0
4353 3162 0 2
2528 995 1 1
3416 3208 0 2
1315 3930 0 3
4558 50 0 1
2587 1935 6 0
4787 892 1 1
1276 2962 0 0
821 2730 0 0
3508 211 0 1
3956 56 0 0
3280 2417 0 1
4529 3074 0 0
4629 340 1 0
4507 2978 0 0
3489 977 1 0
2050 415 0 1
2811 2545 2 0
2878 1375 0 0
4095 3446 0 0
2570 1714 0 1
1280 3454 1 1
1435 4341 1 0
4745 4002 0 0
1275 2938 1 0
4495 136 0 0
3401 1340 1 0
499 3576 0 0
290 2307 0 2
655 1444 1 3
535 2525 1 0
4047 3158 0 2
340 4172 1 1
4510 3842 0 0
789 2802 0 1
1258 1936 0 0
509 307 0 0
3728 1217 1 4
2619 742 0 0
2054 2185 1 0
4897 2400 0 0
3353 3489 1 0
4722 2484 0 0
2981 2051 0 3
3341 605 0 0
4060 4470 1 0
4120 4469 1 0
3205 3520 1 0
2888 1098 0 10
4478 1667 7 1
481 1037 0 0
228 526 1 0
3024 2107 0 5
795 4203 1 0
2902 899 0 7
4715 875 0 5
1318 1379 0 1
296 3372 2 0
4290 1696 1 0
3513 4314 2 0
1392 4152 0 1
4660 4262 0 0
1500 2934 0 0
4509 4326 1 0
375 4366 1 3
3238 1154 0 0
2839 3856 1 2
4632 2292 0 0
1876 3906 0 0
2085 586 1 0
2064 1842 0 0
1707 670 0 2
3251 78 0 0
1450 3188 0 0
4146 2602 2 0
4920 1350 1 1
4407 4904 1 0
2904 4266 2 0
3485 3433 1 0
273 1461 1 1
3213 4702 0 1
1318 4890 0 0
3726 4692 0 1
4406 1190 0 0
2284 3408 0 1
1489 3485 0 0
2332 1591 0 0
3050 2097 0 0
1342 1719 1 0
1948 3113 0 0
2543 930 1 1
4500 2332 0 0
2560 2937 0 5
596 1601 1 0
4257 4650 1 0
2568 1903 1 1
1523 2096 0 0
2526 3960 0 0
2957 3924 0 0
4716 3128 0 4
2221 2939 1 0
2680 3088 0 0
965 1675 0 0
3857 2614 1 8
1360 2676 0 0
2197 252 2 1
2092 3696 0 1
1747 785 10 0
1242 2100 5 12
3476 2995 0 11
1364 1220 9 0
3416 1937 1 1
2914 3560 0 1
304 1036 0 0
1508 1220 0 0
269 1633 0 0
4420 1898 0 0
1223 2722 1 0
1512 1749 2 1
3796 3986 0 1
1052 33 1 0
396 3159 1 0
383 777 0 0
2397 62 0 0
1615 1333 2 1
1634 3188 1 0
1172 309 0 1
1611 4252 9 0
2346 526 7 0
1019 592 1 0
149 548 0 1
476 3874 0 0
1129 2169 0 0
3074 2914 3 2
2073 3154 0 5
2903 2271 0 1
1314 2553 0 0
3623 3403 0 0
670 4947 0 0
1930 1159 1 0
162 1444 0 0
1426 1567 0 1
3499 4767 1 1
3997 1903 1 1
2147 907 0 1
4506 2614 2 0
2817 899 0 1
4343 3485 0 0
2583 2881 0 0
541 4201 2 0
4619 627 0 4
955 3371 0 3
1673 3468 0 1
3631 789 0 0
3871 2782 1 8
4478 4110 3 1
4178 3910 1 0
4620 2168 0 18
2137 4702 1 9
1255 69 0 1
3495 798 0 1
3668 3491 1 0
1929 1608 1 0
3643 3999 0 1
2155 2121 0 0
1675 523 2 0
2929 4693 1 0
2591 4153 2 1
2814 4092 1 0
4570 3698 1 1
630 798 1 0
4910 2745 0 0
4671 700 1 1
1256 389 1 0
3439 654 0 1
893 935 0 2
1619 1842 1 1
1396 3253 0 0
2473 1674 0 0
2932 3746 1 0
354 2891 1 1
3590 547 1 0
4443 1414 0 0
1827 3811 0 0
4707 1956 2 0
3322 14 0 0
3654 4448 1 1
4018 3578 1 1
2944 3834 0 0
3926 4250 0 2
3447 4588 1 3
366 3999 1 0
1964 1789 1 0
2076 2439 0 0
4097 4216 0 0
830 178 3 1
738 2759 2 1
72 4532 0 0
4895 3757 0 0
2127 4604 0 0
3904 1351 16 1
1605 1723 1 0
4169 3539 0 0
4435 1059 24 133
3553 1696 0 2
1666 2698 0 2
2437 161 0 11
3472 2228 1 1
4795 4528 0 0
3668 288 0 3
735 16 0 1
4277 4523 0 1
671 3874 1 1
1354 4627 0 1
1233 3351 2 0
3941 861 89 0
1566 2452 0 0
4123 4408 0 0
199 3740 21 3
960 1161 2 0
4554 4019 0 0
2959 2865 0 0
1509 4119 0 1
3599 1749 2 0
2883 710 0 0
2760 3158 0 1
2883 855 0 3
393 1817 0 0
1817 3202 0 0
852 1804 1 1
3090 4441 0 5
2190 2710 0 0
4435 2227 0 0
1802 1089 1 0
1573 2843 2 0
1557 2038 1 0
2150 4184 1 0
2696 440 0 1
2974 3483 2 1
2432 2467 0 0
2130 3433 102 0
4195 3185 2 0
577 3716 0 0
2739 999 0 1
1117 4856 13 1
962 1443 1 0
3406 4670 0 0
977 3061 4 1
2837 3280 2 2
2339 1250 0 2
1143 1468 2 0
2090 4627 1 4
1422 2018 0 0
1582 155 0 0
3400 27 0 1
4371 1547 1 0
4416 833 1 0
569 3842 5 0
957 1036 1 0
189 985 1 0
936 1984 0 0
4606 3566 1 19
330 1128 1 0
3797 787 2 0
402 527 0 1
2433 4839 1 0
4271 2168 0 1
3367 2843 0 1
4595 4470 0 183
1143 1054 0 0
1775 2551 1 1
667 206 0 1
177 1447 2 0
2300 4386 0 0
1153 1970 0 3
937 406 3 1
1146 2824 1 0
2468 556 2 0
1598 1519 1 2
191 4587 1 0
1612 2193 1 2
2877 2100 0 24
296 4980 0 0
1681 1763 0 17
3387 444 0 0
780 1522 1 0
211 1286 0 1
906 27 1 0
2645 1256 1 0
4038 863 0 1
4574 4392 2 0
2492 4526 0 0
827 3880 0 0
4500 1907 1 2
4549 4037 2 0
147 2518 0 0
4409 2327 0 0
464 2541 0 0
3803 3924 1 0
2834 2924 1 0
2661 3574 5 0
4908 3950 0 0
2613 373 0 0
276 324 0 1
776 4627 0 41
1149 766 0 0
3225 593 0 1
147 323 1 3
2133 745 1 0
3959 2504 1 1
2288 4725 1 7
2238 846 0 0
3165 1392 1 0
2365 2054 0 0
4551 2708 0 1
150 2080 0 0
2937 2702 1 1
269 2121 0 0
1811 2940 0 0
1727 1519 2 0
4107 1639 0 0
213 783 1 2
2024 1993 0 1
1067 1537 1 0
3049 2331 0 0
4075 2530 1 0
2952 1959 12 1
1431 1618 0 0
4579 4830 0 1
136 576 0 16
893 4070 0 2
1240 4257 0 1
4806 2616 0 1
686 4020 3 1
3415 4627 0 63
4147 1905 0 0
3966 2985 0 0
595 3763 0 1
3650 3643 0 0
2913 1243 0 2
4059 647 6 0
4988 964 1 1
702 1717 0 1
2050 136 1 2
4271 1059 0 6
2092 3539 1 0
203 963 0 0
2625 4869 1 4
20 4866 17 0
2160 1017 0 14
168 4363 1 0
130 4042 19 1
2569 3052 0 0
1971 961 0 0
44 3743 0 0
3434 4018 0 2
3883 1365 0 0
3647 4900 0 0
1683 4178 0 1
2640 2353 1 1
3098 2227 1 16
4172 2102 4 1
1024 4360 0 0
2844 4141 1 2
407 1178 1 0
2862 2316 0 0
1019 1894 1 0
1184 3941 0 0
263 3743 0 1
3443 592 2 0
974 4378 1 1
4696 642 0 0
1599 799 0 4
3949 127 3 0
1979 866 0 1
4917 1454 0 0
1031 3437 1 1
3797 1333 1 1
2521 4826 0 0
2303 3127 0 0
928 3942 0 2
4605 67 0 0
364 2429 0 0
3608 3459 0 0
4552 2162 3 4
1625 2804 0 0
2294 1053 0 1
338 2109 0 1
793 3937 1 1
1516 92 1 0
625 2063 1 2
1484 45 1 0
3943 4100 0 0
1046 3469 0 3
1047 4975 0 13
3504 981 0 0
3966 2102 2 1
2671 3871 0 0
4809 4824 0 12
4251 2544 0 0
2330 1079 0 2
1736 294 1 0
4693 1696 0 1
4593 1651 1 1
3296 2012 0 0
4047 660 0 0
3232 519 0 2
1384 3141 0 1375
22 4862 0 0
1745 4922 0 0
35 3855 0 0
881 4710 0 0
4118 4825 0 1
4605 2205 1 1
3971 1812 1 1
3764 1257 0 1
529 1525 0 1
2064 206 18 0
1608 2777 1 3
2286 333 1 0
4039 3894 0 1
4707 2051 0 0
3590 4704 0 0
2270 2622 0 2
1915 3999 1 18
1105 78 0 0
4969 1178 0 0
625 1432 328 0
1049 1746 0 1
3034 865 0 1
1313 1567 0 0
1745 4401 5 0
696 4236 1 1
3726 1232 0 0
162 3041 0 1
4477 3190 1 1
1250 1351 3 1
4540 669 1 0
1703 4979 1 1
3353 2162 0 1
3790 4963 0 0
1397 1259 1 1
4737 4862 0 1
341 4190 0 2
1069 4264 0 1
3768 742 0 0
2504 3858 0 0
609 2506 0 0
2812 656 0 0
3520 121 1 19
586 358 0 1
4880 1220 0 1
3668 3371 0 1
3904 4824 3 0
4121 2058 0 3
2899 4532 0 1
2975 892 1 0
3782 708 0 0
4629 1755 6 1
1191 739 0 0
4248 3945 0 1
1054 4068 0 1
786 3094 1 7
1531 617 1 0
2040 1796 0 0
4706 3803 0 0
838 2600 1 33
4566 1069 0 5
2883 4578 1 2
458 3774 0 0
3827 3192 0 0
1507 3923 1 0
69 3603 0 0
4275 339 0 1
4578 2203 2 0
3094 4401 1 0
267 3772 0 1
2091 3967 1 1
2275 4890 1 12
789 3937 3 0
4282 1593 0 0
4874 863 0 3
2392 3081 0 0
2457 4804 0 0
335 655 0 1
2270 3071 1 0
4611 3558 2 0
3371 1619 19 0
4030 1574 1 0
1906 2994 1 0
2056 1109 0 1
4600 1193 0 0
4947 439 0 1
2120 4158 0 0
375 2057 0 0
1330 9 0 0
1202 2149 0 0
3187 1119 1 0
501 1656 2 0
3256 1692 0 1
4837 1443 1 0
626 2551 1 0
3393 1040 0 8
354 4857 1 0
261 471 1 0
3504 2499 1 0
1803 3591 0 0
4124 2660 1 1
3624 2466 0 0
2871 2808 0 1
2947 3498 0 6
3663 4399 0 1
377 1302 0 0
3371 2707 1 0
1981 4884 0 0
4281 1381 1 0
1020 2164 0 1
169 309 1 3
184 1469 1 0
2155 1513 0 1
606 3196 0 2
4324 3079 1 1
1145 4462 3 1
3446 3864 0 3
1797 1696 1 0
4737 4525 0 0
3170 2973 0 0
86 2807 2 0
1218 4671 0 1
966 2744 0 1
4992 718 0 1
1913 2847 0 0
4010 2337 1 0
4155 3907 0 0
4630 594 1 0
3565 505 0 0
1620 2666 1 0
3643 4854 0 0
513 1564 0 0
1097 947 0 1
1734 943 1 1
2084 2985 1 0
4988 3591 1 0
541 2607 0 0
1370 1863 4 0
4070 3712 0 0
853 4563 1 3
2458 2322 0 1
3735 780 0 0
3500 2030 1 0
4748 1493 1 0
1793 208 0 0
3655 89 0 2
606 104 2 0
1145 2706 0 2
1303 2467 1 1
1744 2952 1 1
1908 2743 1 1
4629 3968 0 2
2249 496 1 0
3849 3288 0 0
909 4219 1 0
114 943 8 0
2130 3522 137 0
2786 3354 0 3
4496 1522 0 0
1811 2577 0 1
2417 4394 0 0
406 1490 0 0
997 1754 3 0
4859 2276 0 0
251 1822 3 0
4969 1069 0 2
3909 1765 0 0
2795 1536 0 0
1533 3405 1 0
3654 1463 21 0
2635 1075 0 0
742 252 0 1
1150 627 1 0
1893 2091 0 1
447 1055 0 0
1734 3654 2 1
652 923 0 1
2480 623 2 0
591 2943 1 1
1448 4738 0 0
4431 4993 0 1
449 239 1 0
218 3117 0 0
4128 2454 0 0
3781 620 0 1
4411 2706 0 0
2175 4157 0 1
605 1010 1 0
592 226 0 0
2841 3191 8 1
4809 2313 3 2
3499 1544 0 0
265 4965 0 0
3381 675 10 0
360 1543 1 1
2444 3466 0 3
4406 182 0 0
4312 1518 1 0
2656 2805 0 0
542 2891 0 15
2470 4289 1 0
1532 2804 0 0
384 730 0 0
1497 1339 1 0
3480 206 1 0
2793 3906 0 1
4616 3723 10 1
2551 1646 1 1
3231 899 0 0
1596 4806 0 1
4906 2567 1 1
2214 509 0 0
2391 4341 0 1
1701 1028 0 5
532 2258 1 1
2589 2397 0 0
3993 4115 16 0
2135 1423 0 0
424 1314 0 0
4192 2630 0 0
1047 3893 0 0
2422 1384 0 1
2154 4819 1 2
2484 1506 0 1
2283 1762 0 0
519 4178 0 0
2483 4939 1 0
2659 2628 1 1
1202 223 0 0
3486 4143 12 8
4044 189 19 1
4832 2353 0 4
295 2297 0 1
271 4160 4 0
3706 1161 0 0
1606 1217 0 0
2081 602 1 1
1556 1056 2 0
360 4394 1 0
998 1990 0 0
3446 2995 62 0
4002 568 0 1
1411 2450 1 0
102 1125 2 1
4980 4721 1 0
2808 3128 0 1
3758 2238 1 0
3486 2131 1 0
3064 33 17 1
3002 241 0 1
3960 3778 0 1
1249 2879 1 0
3983 1194 1 0
2934 4367 1 1
177 4586 0 0
4566 535 1 0
4082 3947 0 0
4060 863 0 1
1544 1532 0 0
2020 1251 3 0
1266 3880 3 0
1140 792 1 1
1140 883 0 2
2793 4569 0 0
276 658 0 0
1162 614 1 0
1384 2564 1 0
4958 3258 0 3
4195 889 3 1
3539 290 0 0
4906 2478 3 0
3459 2205 0 0
4605 4970 1 0
2973 3462 0 1
1741 1473 0 0
610 2996 0 1
490 3501 1 0
4595 4730 0 1
3504 2367 0 0
3942 4341 1 0
741 3296 1 1
1277 3124 0 0
2694 948 0 1
1459 54 0 0
2388 2228 0 1
696 3215 0 0
1301 3053 0 0
522 3055 0 0
2086 2683 1 0
4244 4813 0 0
2003 1939 0 0
564 555 0 1
3085 4115 10 0
1612 250 0 0
160 712 1 0
265 2182 1 0
2659 2367 3 2
267 4149 0 0
1005 799 6 13
1635 1654 0 1
1119 3710 1 0
4143 1844 0 0
1466 663 4 0
944 1577 9 0
1435 443 0 1
1330 1771 80 1
2930 805 1 1
631 3986 1 1
3349 4653 0 0
3043 3511 1 0
4254 4653 0 1
3931 1203 1 0
4128 4365 2 0
4129 1622 0 3
1491 2435 0 27
402 2424 0 1
28 2512 1 0
2198 1174 1 0
1683 2631 0 2
4958 2648 0 0
4862 4390 0 0
2229 941 0 2
3021 4036 0 1
548 2181 0 1
1901 3715 2 0
2320 4954 5 10
4908 4720 0 1
242 2868 0 1
4124 3017 0 6
3769 4525 1 0
2968 3880 2 1
2155 3731 2 0
2924 765 0 0
2828 3439 0 1
4095 331 9 1
601 3537 2 0
4543 3802 1 0
2428 3170 1 1
3768 1844 0 0
1441 4341 0 0
4084 1070 1 0
949 3522 1 1
4731 287 1 1
1441 3664 1 0
1507 1328 0 1
3736 3829 7 0
1720 3041 0 2
3931 819 1 33
707 3539 5 1
530 77 0 2
940 3471 1 1
3098 3023 0 1
4347 3498 1 2
476 4193 0 0
1331 1141 0 0
1683 2435 18 33
1219 4576 1 0
2626 1681 0 5
1993 3493 0 0
4224 2742 7 1
2415 2069 0 1
4691 4114 0 0
2616 4755 1 1
2062 1075 10 0
525 3427 3 0
3839 4580 1 1
940 565 0 1
4155 1161 0 0
2590 4075 0 0
4786 1236 0 0
4988 266 2 7
1547 4771 1 0
2221 4152 2 0
2238 2393 0 1
2764 3948 0 0
1057 4910 0 0
2608 1850 0 0
2388 4935 0 0
606 1462 1 0
15 2100 0 7
2967 3894 0 0
765 2737 1 1
4907 3030 0 1
2806 516 0 1
116 3504 2 0
2942 3496 3 0
2689 3325 1 1
2404 3586 0 1
2486 2868 0 0
2337 2049 2 0
3234 4482 1 0
4302 1493 0 0
4273 4114 0 0
4716 2659 0 1
982 179 1 3
1801 2002 0 0
1658 2937 0 39
4428 4411 0 0
2586 4929 0 4
4634 2645 1 1
4838 3097 1 0
3703 441 1 0
2107 3949 0 0
560 3618 0 5
4438 2435 0 2
2620 3261 2 0
223 859 1 0
184 2214 0 1
4673 2161 0 1
3464 3617 0 0
4983 3014 0 0
1984 1653 29 0
1126 4944 1 0
4624 1842 0 1
1019 4838 0 1
2579 4885 1 0
3059 282 0 0
2073 4884 1 2
2072 2993 1 0
1860 4588 0 1
1548 1444 0 0
1531 2417 1 1
1193 1783 0 0
2997 2041 2 0
3825 4483 0 1
2848 3038 1 11
4354 2000 0 1
4658 4724 0 0
37 4717 1 1
2903 1855 0 0
3322 3292 1 0
3624 2653 0 1
3292 3097 0 1
4958 2699 0 1
2385 604 0 0
2032 4021 0 1
3153 4885 1 0
204 3942 1 5
3443 3830 1 1
4107 1023 0 0
2133 4163 1 0
1377 3456 5 0
1478 3194 0 0
1441 404 0 1
2049 2960 1 1
2615 4855 1 0
2216 1857 0 0
4528 1088 0 1
570 4929 0 0
3590 3742 734 4
3319 2689 0 1
262 548 1 0
2020 4441 1 0
268 3527 0 0
1330 2963 115 0
4892 2888 0 0
3691 3696 0 1
3689 513 0 0
454 587 0 1
306 2910 2 0
4172 1213 0 0
1170 2854 0 0
2130 2443 3 1
4987 3114 5 1
3795 942 1 0
3034 3549 2 1
1219 4216 1 0
30 3723 3 3
1431 1413 0 0
578 1415 0 2
2457 3445 0 0
3365 3095 0 0
595 3566 1 0
1255 4260 0 0
4106 2734 0 0
1898 1595 1 0
4943 3826 0 1
191 1488 0 2
4128 1307 0 0
2188 937 0 1
1003 2492 2 0
883 4777 0 1
3497 1258 0 0
2157 4674 3 0
4982 4620 1 1
1250 3092 0 0
1024 4721 1 0
4258 3502 1 0
4155 3511 6 0
3039 2993 0 1
1030 2185 0 0
147 4564 0 1
2300 295 0 0
2057 4423 4 0
3274 103 0 1
1695 2799 0 0
2962 763 0 1
4172 2226 0 1
2937 2000 0 0
2341 3496 1 2
205 2695 0 1
3970 824 0 1
1720 2471 0 1
738 1923 0 1
2975 332 0 0
3993 2811 17 1
3629 3379 12 0
3683 3942 1 0
606 1082 0 0
569 2681 6 1
418 4582 1 0
405 1973 1 0
4052 1798 0 0
1666 685 39 0
2739 4813 0 1
1371 1161 0 1
902 830 0 0
4181 3934 0 0
2533 3558 0 0
2845 2253 1 0
1982 1005 1 0
1227 2454 0 0
799 1088 1 0
3749 2688 1 1
4669 2964 1 2
947 4959 0 0
2798 454 0 0
4499 365 4 0
3310 439 1 0
189 4822 0 0
738 405 0 0
92 4749 0 1
2896 2200 0 0
939 2074 0 0
2689 36 0 0
3773 2707 0 1
2937 1882 1 0
1396 4864 0 0
2073 3105 1 1
1978 4614 0 0
2207 4105 2 0
3621 1884 0 1
1045 2937 1 5
673 1141 0 0
37 4986 0 0
1766 1340 1 1
1586 1669 1 1
2154 1991 1 1
4543 268 1 1
72 2560 0 0
2142 4916 2 1
159 3589 1 0
4575 1752 0 5
4371 4263 0 1
3647 3046 0 0
3667 4028 0 2
1168 1687 0 0
4968 3094 1 1
4039 3149 0 1
2285 4790 0 0
3437 69 1 0
4909 3026 0 0
278 594 2 1
4620 4975 0 1
2504 4108 1 0
2241 4537 1 0
2842 4728 1 0
689 2492 1 1
629 1005 0 0
4827 2447 0 0
115 918 1 1
2900 1142 0 2
2529 3172 1 1
3972 1666 0 0
1744 509 0 1
3411 3864 0 1
1802 2977 0 0
486 4824 0 0
2071 2813 0 0
3789 3875 0 0
3941 4416 0 1
1190 2928 0 2
4619 3488 2 3
4118 1144 0 0
1198 1917 0 2
1176 2 4 0
2075 376 3 0
4510 3490 4 11
354 2059 0 0
2446 1207 0 1
4213 1585 1 2
1762 2201 0 0
3221 2492 6 0
18 2084 0 0
2054 3979 0 0
2949 1361 15 0
4207 3226 0 0
672 4154 0 0
1814 1314 0 1
1720 1802 0 2
335 4839 0 1
1873 4343 0 8
213 3906 1 4
4103 1617 0 1
4579 4483 1 1
1424 4592 0 1
2739 1372 0 0
2829 3453 1 0
2949 2311 1 0
1351 17 1 3
3093 467 0 0
2472 901 0 0
851 1382 1 1
1055 233 1 2
958 104 1 6
3012 2152 1 0
4137 404 0 0
2942 103 27 1
2497 2074 0 1
700 1424 0 7
4713 3894 0 1
4536 3681 1 1
1740 4381 2 1
1334 2051 1 1
3769 2996 3 0
4985 4942 0 0
1599 874 0 0
1778 1720 5 1
897 4604 2 0
1106 3073 1 0
2476 2893 1 0
340 2658 1 1
2325 2481 1 0
4735 963 0 0
636 4379 1 0
2238 132 1 1
4986 1048 0 1
4135 4379 0 0
1770 2885 0 0
894 4772 0 0
4237 2414 2 0
3397 1368 1 1
184 3834 1 0
4356 2884 1 0
4031 66 2 0
4122 3081 0 0
2260 3162 1 1
4512 4000 4 0
2949 4721 2 0
1635 4004 1 1
332 4750 0 0
4031 3583 0 1
2486 3455 57 10
278 1173 0 1
1707 4953 0 3
1770 3475 1 0
4002 907 2 0
3711 324 0 0
2937 2709 0 1
2158 2317 0 0
4744 4115 1 1
3577 4299 0 0
993 1488 1 0
2392 2789 2 0
3988 3340 6 1
3540 4280 0 1
1856 1903 0 0
2159 507 0 0
1293 660 1 1
4616 15 0 1
1524 2843 0 5
1482 1453 1 0
1964 4028 0 0
4751 2226 1 0
1437 4856 0 6
1294 1210 1 0
4082 322 0 0
2584 4299 1 1
1337 4920 0 0
604 3721 1 0
4747 3001 0 1
4892 954 0 0
4483 4721 1 2
1195 3424 0 0
4369 3475 3 0
3430 2016 1 0
4044 964 24 0
1414 2630 0 1
1467 2865 0 8
4071 526 1 4
1377 3905 0 0
593 3493 0 0
986 3350 0 0
1625 4728 1 6
2711 334 0 1
2541 4345 0 1
3778 1077 0 1
2795 2390 1 0
4518 3336 1 1
3661 4533 0 1
4851 4563 0 1
2702 214 0 3
1605 2317 0 0
4037 4854 1 1
1441 3391 0 1
1381 1567 1 0
1529 4998 0 0
339 911 0 0
1972 3904 1 0
2573 4545 0 0
4693 469 0 0
3192 3778 3 0
3977 2435 0 1
3334 759 1 1
27 56 0 4
1060 2763 1 1
4630 1234 4 0
3540 2904 0 1
3773 2987 1 0
2204 2377 1 0
1349 4337 2 0
501 1130 1 1
2065 2606 1 1
4826 3183 1 10
4138 3939 1 1
4023 3377 0 0
711 3187 0 1
2062 3811 4 1
292 1274 0 1
2889 2939 1 0
1952 2985 3 6
4172 1525 0 1
763 2291 0 1
4084 4434 0 4
780 4204 0 0
1061 2247 0 0
2568 4397 1 0
415 3003 0 0
1471 4472 0 1
1509 1069 0 17
4294 1084 0 1
3493 4291 0 0
4993 728 0 0
4568 647 0 1
2253 3278 0 0
2751 4746 0 0
44 4230 2 0
3486 868 1 0
4217 1320 0 1
1234 1545 1 0
2270 4911 1 0
1328 1212 0 0
2188 1540 1 3
2057 4627 0 91
1006 501 1 0
360 33 1 0
707 3599 1 1
4605 3335 0 0
883 17 1 1
4176 2006 0 1
3416 3363 0 0
4499 936 1 32
1242 2646 1 0
4118 4040 31 1
764 1451 0 0
3381 2227 0 11
3921 3936 1 1
541 3442 1 0
1720 1189 12 5
3961 3905 0 1
4799 2894 1 2
4424 415 0 0
4877 2956 0 1
886 536 1 0
1547 2814 0 0
4477 4301 0 0
1128 1108 0 0
646 3608 2 2
1611 2824 0 0
969 139 0 0
1655 2982 1 1
1249 4110 0 1
2199 2737 0 2
3362 1886 0 0
1845 3428 1 0
1510 3842 1 0
1781 1716 0 0
4251 4862 0 0
791 3496 0 1
3161 56 40 31
852 712 0 2
944 77 0 7
1962 3252 0 0
3362 3721 0 1
3740 3894 0 28
4103 1656 0 16
3646 2048 1 3
809 1194 2 1
1961 2857 0 0
2813 3466 0 0
1683 842 128 2
4394 799 0 13
2587 1301 1 0
1293 753 0 1
4484 1528 0 0
2284 3794 3 1
4843 62 0 1
809 5 0 1
714 2415 1 1
830 478 0 3
3074 3856 1 0
4084 1258 2 0
3988 4575 0 2
2925 2318 0 1
3949 1106 1 1
3481 2600 0 0
2444 2414 0 1
1567 287 0 1
1435 2940 0 1
3255 4411 1 1
4071 4708 0 0
601 2789 1 1
213 2941 1 0
1046 1042 2 1
1611 2443 1 0
3793 1307 5 1
4248 1958 1 0
4633 4945 0 1
1683 2923 0 0
3667 3106 1 0
3278 4402 3 0
4438 2479 2 0
1089 490 1 1
1280 327 1 1
897 378 1 0
3825 2790 0 0
4984 1566 1 0
4913 425 0 0
576 844 0 0
4612 3734 0 0
2565 3584 0 0
4824 1644 0 0
700 3539 4 0
1431 1752 0 0
89 1488 0 1
3399 816 0 5
918 575 1 1
1855 1396 0 0
958 4534 1 0
1855 2155 0 0
2158 599 0 1
1868 1578 0 0
2130 954 29 0
2937 1883 0 0
600 226 0 1
1189 2624 0 6
1775 4713 2 0
3611 3796 1 0
2779 3902 0 4
4969 936 1 2
4559 3760 1 7
471 1483 4 0
1826 1842 0 0
1149 4542 1 2
3670 2484 0 0
3354 2317 0 1
1931 4571 0 0
3989 1069 0 2
4510 2011 0 0
4980 4452 0 2
36 4203 4 2
3428 3453 0 0
4995 44 0 1
2231 3604 1 0
49 2791 0 0
4000 3931 0 1
552 132 1 0
2910 1540 1 6
3119 2472 1 9
2840 327 0 1
4409 834 0 0
3213 3600 1 0
2444 2414 2 1
4753 624 1 0
1479 3656 1 0
3357 1763 0 0
3371 496 0 0
294 1633 1 4
1891 4050 0 0
630 1005 2 0
4528 1228 5 1
3287 3864 1 1
4216 2377 0 1
3092 1193 1 1
3586 1477 0 0
4007 1037 1 0
4980 2700 4 5
848 4039 0 0
4578 4609 2 3
3536 4884 0 2
3975 2100 0 0
4059 1656 1 1
4125 4357 0 1
3552 3911 18 0
4171 2889 0 1
3082 720 1 0
4233 4336 1 0
2276 1257 0 1
132 2759 1 1
1978 288 0 0
425 2268 0 0
2490 3463 0 0
970 1626 0 0
3239 2678 1 0
4972 2654 1 1
1442 2537 0 0
3796 1881 0 1
270 1131 0 1
3443 4847 19 0
970 3159 0 0
543 4071 0 1
4715 2864 1 0
993 235 2 1
4158 111 0 0
2488 1743 0 0
4438 1914 0 1
4121 160 0 0
4260 4555 0 1
2445 2212 0 1
4654 3893 2 1
1060 1091 1 3
4619 2829 1 1
3376 2798 0 1
2485 4115 0 0
3465 834 1 9
1957 1228 0 0
893 4883 0 0
4013 4931 0 0
4121 4160 0 1
105 1696 0 0
595 789 2 0
541 1771 8 1
4456 4916 0 0
1349 1180 12 0
631 3855 0 0
4251 589 0 0
322 3654 0 0
3370 3162 1 1
2877 233 1 1
2291 4572 0 0
590 2687 0 0
4012 1732 0 1
1252 2799 0 0
2865 2764 0 0
1398 4390 1 0
1042 4379 1 0
272 3278 0 2
2105 3722 8 1
1517 54 0 1
2112 1476 0 1
4968 121 0 1
2320 384 0 1
714 3326 42 0
3362 2808 0 0
1143 1385 0 0
4009 1584 1 0
3278 4379 0 0
433 2168 0 1
283 33 0 0
2598 288 0 1
215 1801 0 1
2447 4839 0 0
456 2140 1 0
1135 2443 0 4
2627 2352 0 1
3383 931 1 0
2512 2414 0 0
2556 3615 12 0
4827 1681 0 11
3582 1390 6 0
3552 2462 1 1
3930 1979 1 0
4995 4466 0 0
3877 4527 1 0
2467 3537 1 0
3489 2826 4 0
1534 3823 1 1
2328 1374 7 0
2464 1828 9 0
953 3114 0 1
3582 465 0 1
580 3092 0 1
4481 4493 1 0
974 1461 1 3
1698 3286 4 0
1181 1441 0 0
2188 2044 1 0
3621 1083 1 0
3082 4921 1 0
4251 4909 2 1
4519 4944 0 3
2248 4357 0 0
1902 4930 0 15
1033 3856 0 1
270 2285 0 0
1720 272 4 1
4990 2657 0 0
794 1138 0 1
968 762 0 1
4512 2878 1 0
4185 3459 0 0
4667 4946 1 1
4081 4980 0 0
2316 3932 0 2
3161 3590 5 0
4628 10 0 0
1417 273 1 0
4644 1884 0 3
4931 4852 0 0
4275 3590 4 1
838 751 0 1
2016 2763 0 1
3951 1617 0 0
1739 4862 0 0
4501 1375 0 2
4617 4816 1 1
539 2785 1 1
4 209 0 1
1479 4888 4 0
1060 1616 1 1
1562 4143 1 0
4494 4864 72 2
3254 3836 0 1
1980 4069 2 1
4353 4451 1 1
347 2190 0 1
1176 4337 1 1
3061 3906 2 5
4624 3949 0 2
278 4761 2 1
3434 2417 1 1
3384 4037 0 0
4210 2411 0 1
1789 516 1 2
992 4948 1 0
3437 2515 0 0
3466 2156 0 0
4660 228 1 3
2434 4181 0 0
4407 2005 0 4
463 4669 0 0
3118 1167 0 0
1158 4930 0 2
4302 2702 1 0
3082 1435 3 1
3713 4865 0 0
325 4607 0 0
3669 2203 1 1
3852 2806 0 0
2446 275 0 0
2981 1849 0 0
1566 580 1 1
616 4733 0 0
3707 76 0 1
2632 4008 0 1
3420 4887 0 1
2082 3454 0 1
272 3468 0 0
4948 4946 0 0
3804 4607 1 0
30 1692 0 0
660 2051 1 0
3768 2433 0 1
4592 2785 0 0
595 4556 0 0
1218 226 0 2
102 2101 0 0
3670 4023 0 0
3167 2601 0 1
406 3025 0 1
2845 411 0 0
4019 3776 0 0
2689 3038 0 0
4254 4972 16 1
3147 1264 0 0
4024 4974 0 1
3066 658 0 0
4995 2783 0 0
1228 766 0 0
1260 2545 0 1
3451 3630 0 1
2501 2081 0 0
3411 4328 1 0
4931 2745 0 0
4502 4730 1 1
738 2983 0 0
4172 3044 13 0
2434 1644 0 0
3085 4930 0 1
2949 1412 0 0
4440 282 0 0
2572 4749 0 0
3813 4069 0 1
33 1708 3 0
292 2478 1 0
2844 2100 7 0
2203 2845 0 0
1249 980 7 1
3190 3834 0 1
4671 4153 0 0
2620 1743 3 0
3318 1955 0 1
3608 4543 1 0
3161 2888 36 0
1116 3763 0 0
593 1195 0 1
4178 3936 2 0
1324 3012 0 2
1838 1596 0 0
2422 3078 0 4
3095 990 0 0
2283 1672 12 1
734 3902 0 0
2301 1764 0 1
3064 2459 0 0
3865 3766 0 0
4237 978 0 1
1182 627 16 0
1492 204 1 0
227 3105 0 0
3793 4636 7 1
3396 1036 0 1
2598 4942 0 0
3158 3343 0 0
134 947 1 1
2929 816 0 0
362 3196 0 1
4192 3935 1 0
551 1039 1 1
2541 4907 0 2
4059 2449 2 0
2984 1816 0 2
1087 4472 0 0
3381 4676 10 1
2749 1322 0 0
1647 3653 0 0
186 4004 0 0
3709 326 0 0
266 4470 1 0
2052 3874 1 1
652 1688 0 0
3085 2311 0 0
2681 4344 0 1
1126 4141 0 1
1281 1328 1 0
547 1091 1 0
725 1425 0 1
2979 3493 0 1
1233 2467 1 5
4894 239 1 1
405 228 1 1
934 1209 3 0
2712 241 0 1
4371 1512 1 0
2603 633 0 10
1507 278 0 0
2283 4909 0 0
1027 3184 0 0
4624 202 0 0
3496 4707 5 1
196 1233 0 0
3370 4046 0 1
1489 439 1 0
1219 963 0 0
3029 931 0 0
2122 2714 0 1
747 2163 0 1
2915 131 1 0
4969 4916 1 0
4478 3436 0 0
1673 3754 1 1
431 749 0 0
3650 2168 1 1
1771 4487 1 0
2428 2511 2 1
1293 2661 0 1
680 3104 0 0
2265 2995 0 0
4413 413 0 0
4625 2182 0 0
3434 4975 0 0
2683 4339 0 0
2640 4203 0 0
3505 381 0 1
4515 1339 0 0
4616 2285 0 0
264 1569 0 0
3877 3141 0 2
3552 4862 1 0
800 4357 2 0
4415 2084 0 0
3028 2829 1 0
2926 1934 1 9
2493 1048 0 3
630 3432 0 1
1632 145 1 0
2346 4404 0 2
3331 526 0 0
3782 510 0 0
3434 3558 0 0
4308 963 0 0
1687 4688 1 0
4650 2081 5 1
3381 4019 37 1
302 2109 0 1
1189 1305 5 0
1725 2323 0 2
2088 1488 1 0
389 844 1 0
3014 2331 1 1
4118 3798 0 0
1117 2681 1 0
2215 576 0 16
2546 4256 0 0
1727 1646 0 1
4260 1421 1 1
2352 4099 0 0
370 1762 0 0
2978 2888 2 7
630 2058 0 0
426 3389 1 3
2899 1916 0 0
1143 1240 0 0
1660 2036 0 1
2488 4616 0 0
1708 1990 0 0
3846 749 0 1
4753 1812 0 4
2325 3880 0 2
568 3035 1 0
1456 3141 0 3
4679 2512 1 0
1052 182 0 1
3297 1246 0 1
4284 3450 2 0
1537 4338 1 2
251 3902 0 0
520 1087 1 0
1932 4778 0 0
396 3906 1 2
421 4178 0 0
576 4673 0 1
497 4974 0 0
4030 2109 4 1
1599 3643 0 0
1276 2234 2 0
178 3027 0 0
646 3704 0 0
3261 963 0 2
2217 3336 0 1
3830 4472 0 0
4961 799 1 0
360 4533 1 0
15 3236 0 5
4513 2171 1 0
806 1010 1 4
1364 3469 2 1
990 2536 0 0
1344 1662 6 0
1668 49 0 0
894 3880 4 3
328 1043 1 1
2908 2368 0 0
3733 3559 0 0
1479 4276 0 1
1507 959 3 0
2668 2842 0 0
1926 594 0 0
2323 397 0 0
4095 3078 1 1
3646 4365 14 0
278 3739 0 1
4707 746 0 0
1056 4976 2 0
1149 581 2 0
2766 3688 0 0
972 3830 0 0
3689 4920 0 4
4017 631 0 1
2293 3089 0 3
2175 1067 1 0
3993 2017 0 0
4722 1434 1 1
3514 860 1 191
1666 1042 4 2
1093 4838 0 0
4108 734 0 0
3504 4017 1 0
4659 959 0 0
4082 4491 0 0
4363 3683 1 6
2105 4390 3 0
1466 1990 7 1
512 3487 0 1
4014 3778 1 0
2660 1973 0 0
4246 1247 0 0
879 4427 0 1
4262 520 3 0
2722 2336 1 0
3192 78 0 0
2421 1242 0 1
1020 3491 1 1
3433 3215 0 1
3759 2266 1 1
2244 1016 0 0
335 4776 1 0
1318 4532 0 0
4754 3996 0 0
1582 3828 0 0
1408 4181 0 1
2963 3715 0 0
3011 3078 1 0
3500 3489 0 1
3049 1245 1 0
1186 4277 0 1
3827 4339 0 0
519 4810 0 0
2934 2142 6 1
1542 819 0 124
2804 4712 0 0
1234 364 0 1
2188 4870 0 0
1139 3950 0 0
4894 780 0 0
3575 2215 0 1
452 4263 1 0
3444 1099 11 0
1682 1090 0 1
3551 2152 0 0
4632 155 2 3
1481 718 1 1
3938 823 1 1
261 2433 1 0
1867 3711 0 3
1249 1808 0 1
22 2152 1 3
2010 3077 0 1
4261 544 0 0
4098 2358 2 0
3670 4930 1 1
2330 4402 0 0
3861 1898 0 4
3590 4567 87 1
4512 3083 1 0
4705 3556 0 0
1182 4003 1 0
1156 2405 0 0
157 891 1 2
2862 2965 2 0
58 4453 1 0
2822 3363 2 0
3058 2440 0 1
3863 2849 0 0
632 1737 7 1
4579 654 0 0
635 3804 1 0
406 2991 1 0
94 1841 0 1
4411 2901 6 1
3749 3017 0 1
1761 3907 10 0
3078 2484 1 0
2606 3907 0 0
2586 2220 1 0
4254 4588 1 0
531 4752 0 0
606 1347 0 0
2105 3196 1 0
4707 4884 0 0
3082 2161 0 1
3657 1079 0 1
4624 1802 0 2
1501 4986 0 0
1906 68 0 8
1926 1396 0 2
261 1708 1 0
3793 739 3 0
240 2320 1 1
2293 4152 0 1
4140 1289 0 1
685 3251 0 0
1140 4532 1 4
317 4562 0 1
2297 1267 0 2
3402 4494 0 0
1150 789 0 1
1635 4794 1 3
4809 2615 0 1
3064 3372 1 0
940 1427 1 1
3158 2389 1 2
2375 4942 7 2
1924 2833 1 1
505 2447 1 1
4913 1122 2 0
280 2683 0 0
2198 2236 0 0
4630 3761 2 0
1381 1423 0 0
1510 442 1 1
4118 4735 2 1
1507 1863 0 0
3526 1274 1 0
4824 2062 1 0
1881 2086 1 1
1778 3346 1 0
4506 2074 0 0
4609 540 0 0
835 2168 2 1
1931 3429 0 0
4623 4344 1 0
532 2168 0 2
1436 3187 0 0
694 3268 0 1
3161 2777 34 0
1070 4960 0 1
2275 4811 5 1
2991 1476 3 1
1761 27 0 0
1683 266 0 1
3967 3083 0 1
3107 2535 1 0
375 4850 3 2
2747 4627 0 31
3047 3217 1 0
4914 2972 3 1
2490 3183 2 6
3439 1452 17 1
4890 2782 0 4
647 1267 0 1
3318 2107 0 0
3749 834 0 0
407 4936 0 1
2238 2025 1 0
3890 1734 0 0
1892 2497 0 0
4977 921 0 0
2949 583 1 1
4063 4945 1 0
749 1584 1 0
419 3549 0 2
3990 4415 0 0
453 2351 1 0
306 2435 2 0
4516 891 0 1
3045 964 0 0
1359 3331 1 1
4304 3754 0 0
1720 3923 1 0
3184 630 0 0
1441 1895 4 0
869 2858 0 1
2977 2138 0 0
4713 4533 12 0
4906 308 1 1
2749 3439 0 0
2966 3060 0 0
339 2155 1 1
1143 2587 0 0
2075 4965 0 0
3467 4201 2 1
3654 4653 1 0
1005 7 0 1
2533 476 0 1
3595 4105 9 0
2153 2076 0 0
558 4780 1 0
569 4347 3 0
3723 1441 1 0
3793 4692 0 1
606 3288 1 1
2978 2857 0 0
1533 513 1 0
1253 2266 3 0
2970 3907 0 0
4044 68 0 146
2659 1088 0 1
3595 2884 4 1
3552 1957 14 1
2221 1963 2 1
4406 4181 4 0
4406 340 0 0
4642 1021 1 1
356 2766 1 0
2439 3778 0 0
1038 2572 17 0
474 3568 1 0
4692 808 0 0
302 4468 1 0
4533 3424 0 0
625 753 8 0
44 4154 0 0
897 1257 1 0
4023 3475 0 0
3280 4918 0 1
4767 4387 0 0
1775 2161 1 0
4071 365 0 1
3749 1922 2 1
1355 3196 0 0
2669 535 0 1
885 2309 0 0
4059 2525 3 3
1943 1399 0 0
1741 602 0 2
4512 1789 1 0
1949 2884 1 0
3012 2771 0 0
1761 708 0 0
4060 3953 0 3
4237 4018 0 0
2569 1042 1 1
1563 1688 0 0
4681 4720 0 1
1409 287 1 0
779 4903 1 0
2424 2424 0 0
4569 877 1 0
2073 4039 1 2
4685 3627 0 0
2252 4400 0 1
532 789 0 6
705 1048 0 2
3377 1460 0 1
1318 3777 0 1
2328 3041 0 0
60 2198 1 2
2504 959 0 0
1491 3793 2 0
2968 4053 0 0
3638 2185 0 0
1527 1891 1 1
2596 4869 0 2
958 1002 3 1
1442 4403 0 0
1507 1979 1 1
2852 4355 1 1
384 2437 0 1
1020 4578 0 0
742 757 0 0
234 1669 1 2
4512 442 1 0
3795 179 0 0
4425 2736 1 0
4084 1614 0 0
3670 4756 1 0
3075 4764 0 0
1021 2940 0 0
3401 271 0 0
2052 3354 0 1
4670 2467 0 27
1003 2044 1 0
992 1797 0 1
2732 4924 0 0
3213 3186 0 0
1466 4796 6 1
3904 1069 0 6
594 4730 1 1
234 2935 0 1
4505 781 7 0
684 990 0 1
2949 3996 9 1
113 1358 1 0
1964 1500 1 0
1242 349 1 0
646 167 0 1
4722 2715 3 0
760 1543 0 3
110 2607 0 2
980 1069 0 28
1479 507 1 0
4271 4755 1 1
3849 2478 0 0
3229 1382 0 10
4625 4266 1 0
2581 139 0 1
2270 68 0 0
3316 4190 2 0
343 4575 0 91
4830 619 0 0
3782 1609 0 0
4715 1215 1 0
857 4386 0 0
1093 1142 1 1
853 776 1 0
2490 2389 1 0
2184 1914 0 2
3482 2411 1 0
2316 4939 1 0
1919 3619 0 1
879 2924 0 0
1337 3251 0 0
340 3177 0 0
3758 1567 0 0
49 764 0 4
3231 337 1 0
4605 1585 0 1
4671 3063 1 1
2248 3469 0 1
2595 995 0 0
73 2977 1 0
3788 416 0 0
4629 1643 1 1
2392 534 1 1
3805 639 1 0
2847 4974 0 0
3497 3855 0 3
1924 330 1 2
100 823 1 0
2231 516 0 2
2279 4610 1 0
3278 1892 0 0
3930 401 1 2
4941 1159 0 0
1986 4752 0 0
2532 2734 0 1
2679 3349 0 0
4796 718 0 0
694 4651 0 1
4726 2397 0 0
4388 2021 1 1
3268 1690 1 0
3644 765 1 0
2205 439 0 1
4238 72 0 0
37 791 0 1
3727 4181 0 0
940 3038 0 0
2693 3815 0 0
2075 1970 3 88
1343 4886 0 2
1957 3902 1 1
852 4435 0 0
2314 2303 0 0
4729 103 0 0
3590 1752 28 0
330 3068 0 2
4975 4480 0 1
1511 2251 1 1
491 3440 0 0
4412 4944 0 0
1617 826 0 1
2942 2506 0 1
1855 802 45 0
1881 2630 1 3
6 3502 0 0
2935 3960 0 0
3192 2429 2 0
1276 4032 1 0
1172 3742 1 0
1431 4505 23 0
1711 4816 1 1
797 2641 1 3
3547 52 0 0
4563 3063 2 2
3287 1903 0 2
642 606 2 1
57 360 6 0
3278 2112 0 2
3763 491 1 2
2187 3739 0 0
3437 5 0 15
2026 1378 1 1
370 4998 0 2
1957 2160 0 1
1359 3731 1 0
2552 1041 0 0
1526 3834 0 0
4364 1247 0 0
3481 1674 0 0
1853 3907 1 0
2385 382 0 0
643 1696 0 7
2373 107 1 1
1349 4307 4 1
1933 4377 0 2
4995 14 1 0
2450 1411 0 0
2049 2169 0 1
2989 755 1 0
2188 3893 1 0
1488 1508 0 1
4809 1492 0 0
2602 189 0 0
476 3522 0 0
4718 2449 2 0
1286 4869 0 1
4025 3757 0 0
609 387 0 0
921 187 1 0
1588 3339 0 0
3665 1737 1 0
3027 1486 0 0
1116 2880 0 1
1908 3177 0 0
4616 1154 0 0
1744 2885 4 0
2023 4920 0 1
276 1059 0 2
3035 241 1 0
1806 215 2 0
529 883 0 0
4113 118 0 1
1575 2536 0 1
1559 103 1 6
963 4796 1 1
1774 2959 0 0
4161 4252 1 0
3860 1355 0 0
4978 2347 0 0
304 2625 0 1
903 1557 1 0
3741 2005 0 5
2784 2956 0 6
2856 2395 0 1
118 2908 0 0
964 2688 0 0
4160 3068 0 9
1957 4575 1 3
1542 799 0 0
2557 4127 2 1
1731 1214 0 1
2512 4942 1 0
260 3106 0 1
2739 2937 0 0
2982 542 0 0
3517 2738 0 0
3990 3466 0 1
4059 4810 1 0
1590 616 0 0
2446 3632 1 1
1665 1559 0 1
3651 4363 0 4
962 3605 0 3
4049 3017 0 2
4442 3743 0 2
782 1072 0 1
4186 2785 0 1
3626 763 0 33
2009 874 0 0
3789 3308 0 0
3793 3480 1 0
3936 1630 1 0
2957 1661 0 0
4577 4560 1 0
830 3027 9 1
2203 4599 0 1
189 2606 0 4
3542 1059 0 0
1909 2916 0 0
29 3407 0 1
2861 481 1 1
2156 746 0 1
82 4907 0 0
2620 2876 29 0
4213 4702 1 2
74 384 4 0
4265 4929 0 3
491 2391 0 0
988 3379 0 0
1140 2630 0 0
677 266 2 1
4629 1258 2 0
1030 3041 0 1
3472 1449 3 1
4606 1666 0 1
3195 2867 0 1
3379 1000 0 0
1590 1257 0 10
4637 4424 0 2
3387 234 0 1
449 3017 0 0
1367 4407 1 2
3827 912 0 0
3132 594 1 0
1661 3455 0 0
1158 2278 2 0
4737 439 0 13
1119 2227 0 120
1864 3721 1 1
1485 3067 6 0
3964 952 1 0
1055 4232 1 0
3931 942 0 2
2444 1283 0 1
2616 3968 1 0
1753 3196 0 0
4321 3466 1 1
1673 3399 1 1
2698 4944 1 1
3971 2837 0 5
3765 4656 2 0
1149 3068 1 4
2017 2100 0 555
3238 3132 0 4
2712 824 2 4
4424 3264 0 1
4515 536 0 0
4161 4167 0 0
3672 251 0 0
328 2706 0 0
3408 2842 0 12
1752 3728 0 34
3943 1722 0 0
3012 486 1 2
3064 1737 1 0
2284 814 4 0
3546 3923 0 0
417 4165 1 0
1605 1198 0 0
1261 4249 0 0
2131 4772 1 2
1481 2827 0 0
4158 2525 0 1
300 1870 1 0
2075 2607 1 0
1364 4653 4 1
1658 3320 0 0
1468 3158 0 0
2470 2730 0 0
3371 226 1 0
1892 4093 4 0
2288 3439 0 4
3956 56 1 53
656 78 0 4
3972 4717 1 0
319 1903 5 0
2874 4453 0 2
3446 1193 37 2
4194 1404 0 0
406 2131 0 0
2822 4209 0 1
4973 661 0 0
3646 3490 0 0
268 2000 1 2
4103 57 10 1
3347 2347 7 0
2629 3022 0 0
456 742 0 0
2011 1130 0 0
3969 4625 0 0
3297 1798 8 0
2503 3291 0 1
3736 2081 1 1
465 3453 0 1
1195 2155 0 1
3249 3424 0 5
2190 4857 0 0
