1
100 3 5 7
1 2 30 2 15 15 30
3 3 12 3 1 3 4
15 3 75 75 3 5 15
45 3 9 1 15 15 15
45 3 45 15 3 1 3
12 1 8 8 6 4 3
16 16 4 3 12 4 16
1 1 15 60 1 4 60
4 3 1 1 20 5 1
100 4 20 5 5 25 25
8 40 40 5 40 1 1
20 40 5 40 20 1 40
5 5 15 25 15 25 15
12 16 16 12 16 48 4
6 1 3 6 4 6 2
20 5 5 10 8 20 4
12 12 9 12 4 9 3
1 5 10 25 2 10 25
10 10 2 8 5 10 2
4 8 3 4 8 3 4
3 15 15 3 1 3 1
16 1 1 64 1 4 1
10 5 4 1 5 2 40
2 10 5 1 50 25 50
10 50 50 25 1 1 10
8 8 1 8 1 8 4
80 80 1 4 4 80 4
2 6 2 5 6 15 10
25 100 5 5 4 5 25
2 1 5 10 2 10 2
10 2 10 6 5 15 15
6 2 3 6 2 2 2
3 1 75 5 5 15 3
2 25 50 10 5 1 25
4 6 1 6 6 24 24
1 12 4 3 6 3 3
1 3 12 2 6 12 6
2 8 1 16 2 8 16
4 4 16 16 16 2 4
15 3 3 45 5 15 1
1 20 2 10 5 4 1
2 4 1 4 4 2 2
40 5 4 8 4 4 40
1 10 4 20 4 2 1
6 10 5 2 6 15 10
48 48 1 16 12 12 48
5 5 5 4 1 20 3
3 1 16 48 16 48 4
20 20 80 5 4 20 20
12 12 12 3 1 12 3
3 45 5 3 3 5 15
9 36 12 1 36 9 12
2 6 2 12 12 24 4
5 10 20 2 1 8 40
1 2 20 4 10 2 2
15 3 25 3 25 75 15
20 20 16 16 1 16 16
6 30 10 2 1 2 1
9 36 9 3 3 4 1
2 2 2 20 2 10 2
30 2 1 3 30 3 10
1 4 1 6 12 1 2
4 1 4 2 6 2 2
5 4 15 20 60 20 20
4 4 2 8 1 8 2
4 48 48 48 12 1 4
75 25 15 15 5 15 5
4 4 5 2 1 20 8
6 5 6 6 15 2 15
2 8 8 1 1 8 1
24 6 24 3 8 12 8
3 15 15 9 3 1 3
1 8 16 1 32 16 8
1 12 16 12 3 4 3
4 12 12 12 12 3 12
6 1 2 6 2 12 1
3 1 27 3 3 27 3
24 6 4 1 3 24 4
2 8 1 4 4 8 2
1 4 40 1 8 40 8
60 60 4 15 20 4 5
15 30 15 6 3 10 15
4 12 12 1 6 2 8
16 2 8 4 2 16 8
2 6 3 1 8 12 2
16 2 8 1 16 4 2
1 5 25 20 1 25 1
20 5 3 3 20 5 20
5 100 5 20 5 5 5
3 3 15 5 3 45 5
80 1 5 80 80 1 4
3 45 9 15 5 3 45
4 4 3 9 36 1 36
8 1 10 10 8 8 4
4 4 2 2 1 2 1
16 16 1 1 4 4 16
3 9 3 9 3 1 1
12 1 4 48 12 16 12
20 4 4 20 20 20 5
6 3 9 9 18 3 1
